3
96
101
1
66
62
1
29
62
0
5
89
3
49
16
0
114
20
3
116
64
1
92
96
0
111
18
2
99
124
3
103
126
0
98
77
3
83
19
2
66
109
2
26
44
1
70
128
3
77
50
0
128
124
0
25
25
2
130
35
2
25
112
3
118
4
3
28
140
3
14
111
3
12
53
3
55
49
0
136
137
3
72
43
2
153
96
2
48
13
1
149
121
3
68
95
2
138
25
0
88
129
0
146
38
3
76
20
3
15
82
1
139
108
2
27
116
2
12
77
0
28
142
3
163
27
0
41
120
0
121
102
0
35
166
1
31
102
2
105
148
1
37
76
2
169
51
1
136
166
2
94
4
3
119
164
0
15
90
3
24
57
3
108
39
2
90
4
0
100
135
0
68
86
2
90
20
3
114
167
1
3
65
0
165
1
1
86
115
1
12
120
1
4
128
2
104
35
2
4
49
3
73
126
0
134
184
3
193
10
0
69
67
3
9
163
2
195
56
1
91
54
3
56
32
3
31
41
3
180
177
2
100
124
1
5
15
2
136
158
3
39
162
3
107
48
3
21
64
3
38
173
0
161
125
2
8
147
2
172
207
2
24
54
1
74
62
1
135
206
1
63
49
0
53
36
3
181
175
0
36
160
0
204
44
1
145
5
2
24
9
0
70
205
1
54
163
3
48
222
0
62
136
2
149
37
0
182
213
0
148
103
0
3
134
2
42
213
3
68
91
1
125
138
0
221
169
1
134
157
2
234
163
3
53
123
2
151
0
2
165
26
3
52
33
1
48
227
3
220
183
3
41
241
0
31
201
1
194
214
1
31
178
2
182
171
2
103
187
0
2
218
3
17
229
0
80
214
2
48
247
0
167
134
2
117
242
2
254
157
3
97
218
2
0
89
0
69
25
0
182
50
3
204
254
0
184
125
3
91
77
2
255
223
1
23
190
2
174
252
1
124
53
3
134
52
3
200
180
0
211
140
2
178
58
3
205
2
0
218
43
3
263
125
3
105
168
3
58
54
1
144
272
3
255
275
1
5
235
0
265
1
2
97
145
2
45
49
3
281
8
2
22
211
3
72
2
1
21
180
2
275
251
2
201
43
1
12
197
0
288
147
1
66
27
0
59
119
1
208
126
2
219
86
2
113
83
2
46
168
1
96
291
1
221
288
0
191
16
3
86
229
1
275
172
3
275
239
1
253
76
2
189
247
3
202
128
1
67
134
0
70
154
2
123
269
3
91
188
2
236
304
1
154
18
2
140
17
1
274
13
2
182
15
3
210
285
3
88
17
0
29
214
1
113
216
1
146
47
3
199
315
0
147
49
3
320
253
3
305
184
3
29
184
2
229
210
3
287
24
2
39
110
0
19
92
3
17
290
3
135
190
0
41
204
0
300
218
2
82
189
1
157
238
2
88
329
3
23
289
0
293
328
1
297
153
2
266
234
2
86
18
2
75
209
2
311
273
3
183
333
3
159
119
2
243
4
0
329
242
3
146
303
3
136
261
1
168
64
2
309
27
0
159
304
2
50
193
1
187
179
3
73
271
1
145
57
1
122
85
2
147
310
2
184
319
3
50
223
2
164
140
0
284
291
2
154
154
0
127
10
3
364
345
2
344
226
1
73
162
2
98
298
2
188
21
2
101
367
0
243
31
0
96
370
2
292
324
0
59
116
2
74
370
2
287
106
3
4
372
0
146
138
1
276
210
2
237
276
3
4
58
0
105
225
2
135
280
2
300
53
0
217
340
2
129
123
2
203
360
3
239
157
0
241
198
0
333
375
3
125
316
2
63
324
1
362
147
2
324
300
2
309
42
0
35
206
3
128
109
2
295
265
0
353
100
0
49
213
0
174
26
1
174
379
3
76
164
0
155
145
0
239
79
1
179
302
0
38
275
2
72
347
0
7
288
0
150
38
0
131
228
0
394
201
0
102
386
3
196
159
2
320
78
0
320
401
3
401
243
2
411
65
0
80
190
0
252
344
2
206
48
1
307
127
3
67
135
2
205
141
1
422
294
2
242
130
1
168
64
0
125
257
1
195
294
1
6
399
3
89
28
0
339
383
1
124
110
2
232
248
2
310
39
3
52
167
3
193
368
0
191
189
0
207
382
2
118
200
1
7
366
3
184
435
0
329
57
1
225
384
1
200
272
1
51
114
2
69
209
3
389
8
0
105
174
0
305
104
1
235
392
3
176
115
2
153
438
1
317
9
1
339
72
0
426
19
1
359
348
3
72
328
2
314
435
1
389
364
1
138
394
0
160
71
3
225
426
3
275
456
1
27
202
3
132
169
3
140
90
3
409
417
2
435
86
2
60
200
0
428
330
1
436
220
0
56
142
2
191
163
2
191
169
1
88
274
1
206
11
2
397
477
0
230
261
2
423
74
3
358
359
2
20
271
1
273
272
2
98
82
2
168
76
3
443
407
0
18
25
3
432
234
2
457
427
3
62
126
0
268
450
3
477
310
3
237
199
0
362
49
2
84
153
2
214
318
1
343
278
0
13
105
0
416
365
1
279
182
2
435
488
2
178
176
0
319
126
2
388
189
0
230
211
1
199
291
0
399
109
3
236
246
3
265
27
3
469
106
0
377
62
1
244
78
2
99
172
0
429
265
1
256
195
0
277
476
2
62
29
1
506
197
2
386
80
2
357
358
1
87
218
3
126
53
0
144
493
0
5
384
3
232
389
2
80
318
2
512
90
2
81
501
3
66
483
0
128
105
3
130
470
1
417
375
3
5
120
3
274
436
1
55
171
1
187
258
0
143
528
3
504
500
0
152
491
0
237
367
0
71
494
2
281
95
0
213
37
3
68
513
2
258
114
2
480
84
2
126
233
2
297
47
3
487
314
0
65
362
0
88
184
3
205
144
1
320
174
0
549
454
2
164
238
0
70
103
2
458
472
2
166
83
1
142
553
1
555
403
3
162
354
3
115
382
1
528
367
0
203
48
3
62
511
1
398
262
3
106
287
1
361
45
2
434
68
0
56
391
0
407
402
0
357
60
2
27
542
3
377
519
1
220
436
3
212
336
3
497
194
0
158
295
1
173
373
0
79
420
3
572
226
2
277
561
2
173
251
2
295
145
2
318
536
0
288
33
1
143
9
0
493
186
0
470
159
2
307
587
2
71
157
3
248
387
0
228
261
1
305
49
1
64
256
2
199
563
0
303
573
2
124
407
0
47
131
2
348
302
0
520
211
2
41
583
0
23
435
3
138
514
3
174
566
3
123
174
0
15
168
2
503
187
3
449
335
3
497
428
0
276
389
2
515
424
0
508
370
1
474
484
0
390
132
3
442
591
2
12
236
3
410
46
2
563
58
1
123
9
1
263
175
0
412
213
3
341
416
3
315
192
2
142
156
3
178
164
3
547
550
2
12
525
3
349
311
0
32
132
2
29
432
1
79
447
2
287
149
3
454
415
2
380
257
0
151
80
0
523
120
0
361
301
0
373
78
1
334
460
1
636
425
3
485
585
1
225
523
0
275
537
0
502
469
0
222
159
2
515
356
3
353
97
0
252
634
0
18
194
0
318
282
1
388
285
0
199
634
1
363
77
0
580
449
1
159
482
2
456
258
3
527
171
3
211
102
1
478
265
2
282
128
1
130
177
3
315
449
3
523
574
1
57
335
0
93
361
1
66
653
2
603
232
1
39
572
3
356
571
0
90
614
3
141
12
2
552
598
0
299
281
1
493
364
0
8
525
1
442
429
0
499
249
1
94
633
1
405
272
3
670
416
3
463
151
3
585
176
3
12
607
3
599
16
0
431
10
3
98
556
1
272
481
1
395
363
1
128
312
1
366
667
2
414
416
0
350
208
0
662
303
1
392
0
1
661
421
2
134
78
0
139
4
2
606
306
3
481
628
0
560
290
3
464
402
3
94
441
0
294
58
0
360
392
2
168
258
1
165
161
3
177
502
1
219
9
1
690
43
2
394
152
0
143
129
0
270
340
0
276
138
2
619
228
0
390
91
0
514
665
0
90
716
3
385
22
1
409
588
0
547
469
3
336
626
3
500
269
2
383
192
2
19
608
0
369
247
2
274
98
48
526
434
654
93
636
354
