1
115
11
1
43
20
2
83
2
3
27
8
2
69
54
1
28
75
0
124
100
2
72
98
2
75
63
0
115
92
0
33
21
1
40
77
2
44
28
0
40
18
2
30
116
3
32
63
0
43
133
3
71
47
3
35
67
3
5
68
1
71
112
0
108
35
1
78
47
3
85
20
2
66
51
3
133
126
2
65
2
1
142
84
3
101
66
0
106
49
1
145
60
1
80
60
1
6
86
2
151
40
1
19
95
2
28
48
1
163
157
2
137
87
0
51
25
2
74
114
3
102
18
0
15
95
0
58
164
2
81
148
1
117
60
0
100
5
2
105
42
1
62
116
2
134
64
2
154
29
0
24
59
1
136
63
3
11
157
1
117
177
1
161
181
1
110
54
3
182
112
0
58
52
3
150
180
1
149
34
3
35
186
0
123
64
0
184
18
2
95
173
1
174
170
2
41
132
1
141
115
2
161
81
1
186
86
0
168
145
3
185
45
0
146
102
2
196
118
1
57
24
0
196
79
1
198
105
1
145
173
1
141
135
2
110
25
1
53
86
1
15
187
3
148
39
0
114
108
3
67
9
0
30
26
1
86
115
3
113
60
3
77
43
0
182
41
1
89
216
0
87
18
1
60
32
3
66
155
1
119
151
2
50
102
2
19
185
0
21
205
1
52
1
3
215
188
2
119
79
2
144
3
0
29
122
2
79
41
1
59
35
1
117
41
3
63
129
1
126
65
2
147
95
2
70
63
3
158
212
2
209
109
0
19
14
2
43
170
0
205
7
0
43
81
3
185
117
1
153
102
3
147
83
1
40
216
0
35
195
1
151
246
1
130
194
0
196
227
0
27
146
0
170
113
3
204
164
3
68
99
1
33
218
1
202
245
0
107
59
2
245
102
3
227
35
0
172
50
1
231
146
1
180
149
3
179
236
3
115
263
0
84
175
3
231
38
2
186
100
1
180
87
1
65
26
2
190
88
0
34
2
3
267
135
1
127
159
0
256
13
1
103
84
2
45
63
0
88
223
3
246
111
2
11
81
2
166
48
3
184
194
1
20
128
0
127
65
0
84
248
0
63
215
2
273
31
2
21
71
0
259
104
0
47
252
2
28
226
3
256
105
1
61
187
1
16
219
3
228
37
0
145
50
1
149
40
3
225
16
2
259
186
0
210
183
2
161
194
0
135
218
0
230
203
1
43
152
3
221
48
2
0
302
0
202
155
0
86
203
0
294
210
3
279
251
2
82
302
0
280
170
2
135
296
2
114
69
2
161
210
3
287
199
2
204
14
2
228
298
3
84
209
1
91
177
3
47
54
0
97
302
3
123
161
3
37
240
2
13
255
2
23
173
2
62
41
2
202
237
0
101
113
3
51
84
2
155
57
1
63
30
3
27
247
2
111
90
2
154
205
2
109
68
0
4
111
1
287
164
1
227
46
1
308
13
2
174
249
2
244
25
2
20
118
1
78
317
3
29
126
1
324
225
3
159
241
2
186
19
3
22
254
1
299
310
2
119
87
1
344
218
2
261
125
0
142
51
3
159
317
2
164
250
3
155
336
3
54
122
3
37
16
0
223
266
3
42
218
1
39
78
0
131
227
3
90
333
0
111
267
3
86
101
1
180
329
3
82
209
3
238
325
1
360
268
3
86
23
3
123
361
2
209
95
3
214
13
0
271
226
0
357
332
1
303
0
1
277
213
3
114
248
3
265
328
0
146
258
1
56
267
3
26
76
2
32
283
1
251
366
2
20
278
0
300
361
0
108
190
2
54
355
2
66
205
3
312
61
0
73
336
3
14
165
1
126
44
0
21
252
1
385
239
0
349
355
0
267
90
3
46
0
1
383
229
2
113
351
2
154
395
3
93
205
3
276
121
1
327
390
2
363
36
3
251
285
1
9
141
3
350
196
2
56
314
3
8
48
3
397
243
0
379
91
2
301
377
3
306
338
1
153
43
3
91
340
2
176
288
2
240
271
1
390
244
0
139
405
3
273
51
2
141
393
2
300
362
0
80
30
0
132
213
3
350
73
2
113
294
3
103
288
0
393
395
1
11
161
1
98
289
1
98
314
2
394
401
1
73
20
1
107
153
0
425
335
0
159
428
2
180
70
3
194
59
2
337
394
0
86
85
1
296
60
1
29
121
1
145
114
2
64
128
1
183
16
0
121
127
0
114
286
3
429
287
2
114
349
3
364
2
0
0
410
0
257
237
2
46
237
0
178
280
2
172
297
1
19
83
3
42
352
1
117
30
0
242
29
1
69
6
3
159
229
1
321
26
0
137
250
3
428
54
3
428
276
3
297
214
3
410
147
2
442
236
2
23
50
2
196
136
3
152
212
1
149
312
3
429
229
2
436
87
2
182
457
0
186
15
0
469
359
3
229
198
0
235
329
2
126
408
1
64
370
1
90
213
1
185
109
0
7
399
2
165
70
1
115
209
3
85
102
2
184
481
1
184
98
1
330
143
3
166
491
3
30
262
2
382
93
1
142
259
3
118
179
0
328
35
3
442
20
1
464
21
1
493
417
1
256
185
0
318
51
0
97
48
0
236
88
2
209
268
3
452
263
3
459
52
3
249
286
2
131
54
2
46
422
1
169
59
3
302
126
1
257
229
1
246
44
3
353
122
3
38
166
1
496
54
0
39
420
3
178
145
3
491
250
3
125
328
3
493
334
2
120
263
3
195
113
1
215
369
0
124
288
0
374
335
1
267
120
0
461
168
3
149
425
2
227
95
3
222
409
2
214
178
3
403
528
1
282
58
3
27
224
1
219
183
3
370
55
2
105
502
1
39
31
1
533
408
2
501
153
1
166
472
1
381
514
3
474
291
3
491
486
2
265
526
0
295
168
1
366
327
3
309
224
3
140
480
1
70
11
0
15
284
3
366
507
0
520
524
1
119
318
2
91
453
0
517
265
3
266
325
0
411
138
3
369
242
2
64
165
1
164
345
2
388
225
1
486
418
2
540
510
0
189
133
1
211
420
0
309
62
0
340
233
0
318
135
2
266
532
3
2
337
0
552
218
2
129
93
3
305
197
0
517
134
2
156
108
0
251
192
3
139
521
1
366
227
0
168
439
0
24
225
1
190
255
1
536
167
2
364
403
1
102
85
3
429
502
3
20
584
3
515
327
0
558
320
0
209
7
1
189
55
1
269
186
2
502
69
0
278
263
0
25
124
3
99
39
1
7
31
1
24
484
0
166
468
0
338
324
1
320
436
2
250
437
1
120
254
3
138
446
0
91
178
0
396
9
1
537
391
3
409
194
1
374
560
0
561
468
3
188
8
0
242
32
1
63
216
0
501
451
0
527
387
2
563
392
3
17
359
1
112
611
1
241
501
0
376
418
0
622
9
3
8
472
1
277
521
0
181
484
0
149
273
3
63
41
2
135
504
2
373
475
0
560
510
3
475
539
0
519
125
3
550
327
3
426
124
1
193
77
0
220
452
1
102
183
2
232
621
2
216
625
3
636
481
0
564
618
0
39
301
1
492
342
3
106
187
1
417
283
3
94
31
3
543
309
1
26
528
3
180
411
1
153
535
2
589
446
3
438
211
1
322
547
3
456
299
3
172
560
2
125
408
1
27
110
1
540
263
3
68
555
2
359
438
1
420
141
0
561
452
3
260
547
2
392
174
2
39
316
2
298
453
2
226
139
1
589
202
3
122
41
0
433
503
1
475
102
0
444
549
0
68
661
2
260
11
3
52
638
3
229
472
1
60
316
0
529
617
0
639
72
0
243
114
2
440
354
3
196
649
0
294
40
2
497
287
2
650
359
2
46
337
3
449
136
2
540
9
1
43
677
1
22
680
0
357
308
3
202
569
1
293
436
1
212
206
3
403
349
1
53
554
3
574
12
0
298
475
0
102
105
1
181
379
1
373
273
1
180
275
0
509
143
0
326
455
3
613
22
1
237
651
2
241
192
2
304
290
0
321
618
2
157
510
1
469
196
3
238
244
2
485
431
3
548
231
0
146
177
3
223
589
3
668
177
3
6
45
1
579
299
2
492
584
3
548
238
0
579
410
2
342
478
3
55
579
3
479
596
3
507
374
51
458
329
57
618
228
402
