3
11
94
1
107
20
2
28
73
0
123
0
3
0
114
1
1
102
3
11
48
3
123
132
2
111
120
1
122
117
3
111
37
1
98
69
2
70
94
3
135
30
0
5
54
0
55
91
3
30
11
2
67
26
2
90
54
3
29
37
1
54
115
0
121
89
2
58
93
0
1
32
2
43
100
1
0
142
1
102
140
1
65
38
2
10
2
2
88
70
0
77
134
3
143
69
1
24
6
1
71
31
1
15
75
0
76
53
1
18
17
0
131
132
2
79
135
1
17
32
1
163
135
3
47
12
3
44
153
1
149
156
2
138
0
2
90
65
2
42
101
0
123
115
0
162
65
2
111
90
1
175
173
3
169
160
1
125
134
1
176
8
3
51
52
0
7
22
3
67
94
0
160
100
3
178
95
2
151
114
1
9
169
1
79
70
2
85
29
1
130
117
0
126
104
1
168
90
1
189
0
0
69
31
3
99
154
1
108
32
3
175
45
2
102
19
3
168
141
1
92
40
0
71
173
2
4
5
2
95
79
3
133
60
1
9
126
0
151
24
2
162
142
0
102
174
0
179
146
0
198
77
0
124
211
0
155
148
0
94
196
3
49
74
1
67
120
0
192
26
3
176
103
3
129
203
3
91
46
2
10
118
3
2
159
2
147
194
2
75
164
3
200
49
3
77
28
0
118
80
1
132
174
1
148
39
2
76
95
1
58
70
1
110
142
1
195
157
1
14
198
3
178
157
1
128
85
1
172
70
1
54
101
0
117
114
1
124
155
3
182
23
3
174
235
3
184
28
2
108
139
1
0
35
2
77
181
0
154
13
3
15
1
1
74
224
2
99
102
2
125
120
0
160
203
3
99
23
1
207
196
2
180
7
0
30
11
2
15
169
1
47
99
3
125
69
3
0
102
2
172
62
2
252
152
1
49
204
0
102
5
2
212
176
3
5
119
1
161
35
1
157
145
1
34
243
1
187
55
3
50
208
2
200
179
1
82
220
3
221
226
1
162
79
1
234
219
3
173
124
1
222
40
2
114
73
0
12
160
2
176
272
1
96
40
1
177
12
2
131
174
0
161
257
2
113
21
0
69
153
1
45
89
3
14
271
0
167
231
1
42
171
1
151
57
2
74
18
3
168
60
3
85
158
3
68
198
1
108
97
1
29
224
2
98
192
1
74
6
0
43
136
3
254
75
0
92
227
3
166
278
0
140
14
2
291
116
1
35
237
2
245
176
2
1
13
2
122
63
0
176
88
0
53
263
1
201
185
3
217
135
2
140
61
2
207
134
0
125
64
3
317
39
1
204
208
0
287
106
3
55
179
0
57
222
0
252
300
2
174
172
1
184
322
0
147
245
2
253
99
3
159
97
2
269
227
2
28
173
1
121
248
1
284
53
2
332
109
1
96
134
0
294
76
3
80
254
0
243
313
3
224
79
2
193
290
0
271
126
2
304
215
0
176
222
0
109
16
0
210
305
0
117
161
3
298
242
1
201
158
3
322
209
1
140
269
0
138
210
3
178
31
1
56
113
2
215
187
2
122
29
2
159
34
1
265
136
3
152
238
1
203
349
3
58
171
0
254
183
0
209
259
3
42
349
0
157
38
2
168
340
2
213
278
3
220
50
0
48
75
3
314
124
1
75
77
1
42
249
3
244
202
2
12
249
0
89
241
3
286
33
1
308
114
1
107
180
3
297
79
0
363
350
2
39
4
3
280
58
1
238
246
0
178
155
3
360
115
0
317
296
3
103
376
3
381
311
2
232
153
0
29
141
1
306
6
1
334
71
2
263
97
1
8
343
2
183
113
3
142
188
0
148
51
2
61
207
1
72
15
1
52
251
2
257
300
3
355
278
3
102
191
0
33
310
3
274
334
3
128
40
3
86
9
1
357
191
1
383
205
2
332
141
3
97
395
2
165
51
0
337
228
2
203
294
3
205
126
3
361
105
2
374
315
0
342
188
2
172
345
2
163
146
1
364
264
3
103
144
3
361
362
0
89
143
1
94
8
0
398
186
1
20
414
2
182
361
3
81
245
1
197
127
3
33
92
1
168
169
3
336
131
2
278
149
0
140
363
0
228
376
3
125
324
0
15
340
0
308
215
3
234
266
2
235
200
0
201
182
0
14
154
3
231
157
2
276
232
1
83
172
0
425
205
1
417
18
0
355
330
2
55
192
1
352
137
3
328
97
0
42
114
0
286
174
1
333
238
3
337
164
0
177
398
2
127
83
1
140
13
0
34
239
1
342
297
3
427
15
3
66
214
0
28
390
0
211
431
3
10
152
0
393
225
0
196
332
1
386
416
2
403
412
2
178
209
1
44
357
2
340
431
3
326
97
2
375
79
0
388
173
3
392
118
3
12
52
2
102
313
1
240
267
1
308
10
2
119
29
1
368
116
2
75
49
1
298
129
1
35
240
0
124
467
2
216
161
1
339
153
1
420
237
0
3
290
0
123
10
2
485
61
2
113
188
1
77
171
2
28
428
3
135
122
3
59
142
0
436
197
0
164
288
1
88
260
3
496
179
0
419
130
2
465
421
2
46
257
1
57
243
3
307
497
0
74
231
2
94
387
0
256
29
0
502
61
2
213
376
0
321
472
1
436
392
1
203
372
0
513
2
2
386
439
1
200
344
0
346
94
3
439
341
0
0
428
1
259
237
0
243
176
2
8
182
0
231
117
1
447
500
0
120
500
2
263
511
0
275
82
2
330
312
0
306
281
3
468
65
1
143
77
0
384
84
3
176
387
2
16
154
0
191
139
0
24
2
3
327
238
3
3
214
2
59
520
2
376
437
0
127
495
2
377
136
3
148
428
2
219
100
3
62
382
1
286
159
1
472
157
1
256
306
1
206
395
1
439
222
0
30
413
2
368
8
2
142
64
3
374
215
3
57
48
0
58
26
0
259
506
1
311
399
1
98
220
3
179
386
1
534
505
0
5
151
1
371
304
3
184
86
1
488
556
1
24
138
1
493
40
1
333
425
1
299
356
0
485
172
3
417
285
1
349
284
3
367
1
3
287
145
1
505
262
0
538
109
3
116
278
0
407
300
0
223
233
1
573
28
0
547
116
0
24
65
3
175
80
0
109
463
3
203
349
2
459
514
1
214
415
1
581
465
0
117
33
1
523
291
1
166
531
2
94
556
1
558
558
1
215
226
3
81
401
0
319
183
1
325
369
3
409
283
1
81
79
3
556
238
2
106
422
1
509
295
2
98
89
0
306
21
0
72
235
0
76
100
1
249
47
0
407
59
1
258
241
2
196
513
3
420
67
1
107
245
0
400
203
3
142
551
0
462
48
3
132
356
0
236
359
0
300
539
0
335
83
2
262
56
3
106
173
3
322
81
2
72
507
1
122
539
2
455
393
1
328
387
1
376
399
1
419
439
2
610
301
3
156
625
2
83
264
0
582
5
2
212
373
3
275
228
2
159
25
2
432
262
0
381
91
3
289
480
0
4
235
1
93
235
3
514
128
0
351
395
3
623
583
2
49
20
2
312
500
3
430
133
2
456
363
3
571
407
2
322
134
3
140
430
0
1
374
1
234
122
3
454
249
0
339
3
0
546
402
3
539
307
0
607
153
0
612
216
1
563
212
3
228
484
3
149
135
3
523
81
1
340
632
2
265
594
3
662
548
2
210
476
3
493
181
2
458
596
0
502
41
2
199
669
3
661
593
0
194
352
3
227
621
1
214
165
1
219
492
2
326
83
3
412
49
1
543
314
3
674
142
0
18
212
1
47
167
3
315
336
2
622
213
0
260
466
0
146
140
1
111
169
1
376
12
1
90
129
0
505
248
0
251
286
2
261
607
1
441
77
2
597
633
3
338
25
1
235
693
2
356
394
3
235
696
1
374
289
2
432
220
2
364
481
0
509
184
0
151
224
0
691
366
2
457
598
2
213
603
1
88
650
1
261
209
0
467
160
2
222
259
3
169
557
3
599
215
0
314
264
1
230
70
1
315
306
2
244
518
2
447
560
0
78
521
2
403
259
0
639
217
3
535
161
0
308
261
1
178
700
3
370
695
2
1
191
2
269
523
0
684
405
1
256
146
28
608
373
670
216
146
468
