0
90
7
0
83
123
1
56
124
0
13
114
0
79
33
2
16
54
1
65
23
3
50
67
1
135
93
3
76
28
0
121
130
0
127
20
2
139
131
3
94
121
0
116
130
0
3
64
2
64
131
2
142
75
3
76
55
2
132
37
1
26
92
1
16
78
0
124
4
0
125
134
0
31
41
2
3
122
3
63
47
2
27
152
0
129
81
2
7
62
2
148
147
3
132
19
3
145
96
2
151
79
2
108
111
0
144
29
2
95
6
3
16
104
1
153
3
1
12
106
0
117
140
1
61
168
0
18
24
0
157
12
3
128
35
1
40
67
1
71
25
2
117
125
1
76
80
2
103
167
2
145
39
1
149
157
2
34
113
0
122
130
3
66
150
0
75
179
0
137
15
0
142
122
1
58
123
0
15
155
3
81
169
1
102
55
0
71
156
1
35
98
3
178
185
2
60
102
0
75
27
2
52
142
1
76
8
2
111
36
2
48
55
2
103
36
1
81
123
3
68
197
1
137
63
1
63
163
3
15
149
0
146
57
2
144
133
1
167
175
3
201
77
3
202
35
0
66
36
1
137
124
2
135
55
1
195
101
2
38
124
1
200
177
2
165
12
1
215
126
1
202
166
2
85
202
2
164
76
2
176
219
3
45
150
0
183
62
3
153
52
3
67
132
2
24
210
2
77
121
3
222
163
1
186
117
1
174
67
3
200
135
1
119
98
1
171
45
1
156
203
0
228
163
2
234
161
3
161
110
1
53
236
2
81
89
1
24
95
2
188
138
3
69
186
2
237
185
2
192
38
3
41
156
2
152
74
3
39
75
1
233
224
2
165
176
1
26
191
3
189
75
1
63
79
0
51
50
2
136
88
2
194
188
1
34
26
2
104
188
3
164
223
2
148
64
2
3
29
2
96
23
1
70
149
2
208
153
3
260
193
1
20
207
3
29
118
2
50
195
0
76
261
3
2
36
3
239
45
0
25
37
1
196
167
3
37
200
2
129
81
3
22
14
0
253
210
3
251
158
3
269
158
2
166
12
1
14
197
2
37
108
3
61
33
0
150
250
3
1
182
2
228
200
0
198
140
1
181
136
2
44
232
2
172
215
3
62
22
3
179
140
2
139
290
1
226
105
0
142
229
2
145
198
0
36
26
2
76
48
3
147
281
3
217
100
2
50
206
0
295
24
2
102
288
0
288
171
0
253
158
2
254
48
0
43
76
2
30
177
1
249
99
2
203
220
0
217
102
0
202
109
3
171
294
2
204
270
0
231
100
1
30
217
2
101
65
2
298
212
0
44
201
3
46
62
1
262
17
2
217
140
3
195
280
3
108
225
1
270
14
2
160
150
0
46
277
3
38
55
1
244
179
2
243
126
1
270
12
0
145
230
1
286
285
0
73
29
2
185
222
1
227
326
0
36
106
2
208
294
2
242
300
0
44
224
3
118
74
3
119
130
2
136
123
0
43
62
2
285
171
2
158
68
3
227
128
0
303
232
3
13
214
0
275
235
3
211
56
2
317
69
3
186
187
0
190
73
3
81
51
2
129
150
3
34
294
2
177
139
1
145
12
3
149
154
0
269
50
0
305
140
3
335
62
2
222
219
3
65
266
0
131
275
0
78
359
2
128
225
1
67
296
2
298
39
0
58
225
3
109
103
0
127
351
3
186
362
2
15
75
0
174
137
0
375
180
2
258
253
3
33
291
0
190
135
3
175
134
3
175
172
2
97
126
1
285
69
2
27
179
3
302
215
0
4
176
1
7
184
2
67
58
0
72
372
1
275
356
3
21
81
1
266
19
3
59
102
2
144
215
3
298
172
3
63
84
2
179
323
0
66
235
0
352
296
0
388
178
1
276
121
3
353
160
3
331
135
2
27
113
3
188
248
3
2
280
0
31
54
1
128
394
0
215
6
2
272
336
0
51
243
2
73
88
1
401
45
3
405
190
0
338
325
2
393
134
3
67
72
0
202
115
0
33
128
1
72
19
2
281
296
3
363
379
1
332
287
0
66
324
0
384
106
3
286
163
2
388
393
2
104
203
3
38
241
1
163
383
0
41
80
2
407
203
0
388
209
0
300
419
0
108
344
1
233
429
3
216
436
1
342
316
0
233
32
0
341
353
0
135
380
3
265
440
2
358
285
3
324
413
2
139
438
2
226
38
3
127
272
2
144
252
3
261
27
1
135
382
3
183
193
0
21
196
2
87
128
3
108
44
0
265
46
0
225
230
1
270
172
3
371
142
3
208
343
1
219
290
1
154
135
0
378
461
0
58
72
0
73
420
2
74
281
2
211
294
0
229
24
3
133
91
2
405
63
3
426
271
3
266
398
0
48
402
2
39
300
3
42
459
2
403
32
0
175
221
1
407
445
0
227
245
0
103
420
2
253
429
0
394
403
3
476
216
3
228
119
3
433
213
3
221
80
0
163
245
1
458
312
0
198
373
3
368
326
2
472
150
0
416
33
0
323
207
1
272
89
2
73
60
1
351
305
3
185
108
0
328
167
0
249
416
3
251
258
2
152
446
1
465
117
0
460
361
2
373
180
1
34
408
1
293
88
3
276
304
3
145
75
3
155
441
0
505
220
2
479
18
3
67
153
2
413
262
2
388
6
0
163
394
1
328
484
3
82
482
3
459
74
3
227
381
3
417
210
3
287
416
0
286
493
0
95
473
1
518
244
1
226
458
3
464
103
3
363
62
1
393
230
1
37
104
3
13
345
0
4
32
0
30
490
3
382
232
0
28
456
1
389
400
2
322
92
2
524
522
2
491
362
1
12
114
1
324
508
2
134
271
3
460
505
3
59
152
0
115
389
1
349
318
3
462
43
0
241
534
0
455
500
1
133
111
1
397
104
3
8
356
1
239
448
3
341
398
2
300
173
3
478
65
1
322
332
0
500
35
3
550
147
2
330
33
2
423
556
1
465
368
1
246
509
3
371
31
3
110
469
2
393
199
1
448
347
2
529
330
2
237
149
0
53
328
0
196
38
0
428
294
2
70
182
2
513
258
2
207
485
2
146
518
3
465
146
3
227
521
2
406
266
1
76
411
0
279
355
1
402
317
2
274
204
0
339
368
0
436
141
1
168
449
0
50
105
1
120
285
3
475
489
3
183
374
0
241
470
0
126
137
3
443
341
3
13
502
2
44
448
0
250
310
1
116
83
0
447
576
0
509
76
2
184
68
0
336
424
0
156
90
1
509
227
1
511
301
3
329
492
0
562
25
0
586
254
3
462
251
3
238
513
1
401
169
1
414
133
3
15
155
1
180
394
0
448
103
1
133
172
3
412
467
1
106
488
0
313
232
3
193
4
3
88
100
2
344
279
0
541
506
2
256
72
2
393
510
3
38
470
1
592
239
0
338
345
2
18
577
1
445
6
1
477
176
0
291
100
1
501
506
0
446
227
2
134
398
2
342
517
2
379
617
2
15
564
0
322
14
2
124
186
3
344
376
3
274
224
2
445
185
0
302
56
2
425
170
2
190
75
2
476
208
1
571
19
2
356
160
0
328
505
3
348
276
0
32
59
0
376
30
1
471
130
1
612
390
1
421
533
2
515
263
2
578
200
3
365
367
1
628
122
3
355
298
0
22
208
3
194
81
1
620
329
3
387
132
1
214
24
0
294
68
3
230
466
1
54
365
2
5
388
1
596
341
3
589
277
2
69
330
0
218
291
0
579
408
0
319
222
3
218
365
1
407
89
1
0
646
3
163
533
0
441
204
3
433
670
3
95
664
1
241
596
1
584
273
0
72
666
0
158
172
0
466
478
0
202
104
0
493
136
1
81
586
1
223
225
3
169
456
3
116
350
0
473
459
0
42
638
2
79
607
0
686
623
2
190
662
1
590
266
2
501
438
3
359
508
2
506
93
3
163
686
1
492
213
1
255
628
3
518
456
0
346
494
0
483
254
3
691
32
3
148
619
3
403
20
1
212
2
2
411
42
0
320
393
1
10
36
2
501
222
2
180
448
3
188
298
0
40
558
3
499
566
0
413
546
0
675
407
3
495
304
3
219
628
3
643
196
0
191
264
2
102
590
2
655
310
3
576
424
201
509
530
614
623
669
397
