0
40
77
1
95
68
0
55
49
0
36
57
3
89
118
1
21
85
0
77
100
0
74
46
3
116
94
0
31
75
2
62
61
2
42
22
3
21
127
2
18
22
0
41
73
3
21
121
2
91
19
1
75
12
0
22
50
3
48
117
3
59
134
1
125
30
0
4
14
0
63
131
0
143
83
3
66
131
3
25
60
1
118
89
2
82
58
3
39
30
0
12
15
0
11
22
0
8
72
2
110
99
1
11
38
3
139
23
2
97
140
1
84
79
3
1
54
1
54
130
1
109
95
2
124
76
2
159
125
3
121
128
3
151
49
1
89
4
0
112
151
1
99
142
1
41
119
2
78
166
0
124
5
2
5
28
3
60
76
3
111
32
3
168
160
1
98
11
2
105
169
2
78
53
1
63
154
1
73
155
2
117
36
1
163
123
2
52
165
2
59
28
2
75
100
1
70
62
3
76
65
3
13
130
3
116
62
3
19
40
0
97
56
0
48
65
3
198
70
1
67
102
0
167
176
2
79
109
3
27
104
0
151
157
3
66
95
2
11
191
3
73
158
1
61
52
2
205
205
3
128
89
0
154
150
2
83
18
0
169
99
1
36
33
1
91
145
2
150
80
2
196
57
0
182
208
0
39
109
0
155
132
0
116
200
1
214
22
2
128
47
2
180
224
2
203
111
2
83
186
1
134
25
2
70
10
0
175
60
0
126
216
3
39
54
1
52
208
3
16
140
2
100
129
0
227
46
1
223
102
1
173
14
2
179
12
1
10
81
2
173
113
3
89
129
2
61
59
0
57
184
2
192
229
1
237
155
1
180
74
0
123
96
1
97
58
2
210
226
1
237
15
3
209
234
1
190
135
1
180
30
1
169
196
1
76
32
0
213
43
0
164
112
1
156
2
0
76
206
3
126
110
3
0
111
0
8
5
2
123
194
3
88
113
3
127
201
1
186
266
2
54
258
0
160
22
0
46
224
3
171
249
2
138
127
0
108
136
1
242
71
1
22
180
3
192
63
3
37
155
3
234
166
1
238
18
1
262
61
1
148
76
1
85
182
3
1
184
3
135
19
0
96
231
3
139
209
2
0
2
0
186
242
3
84
93
1
189
113
3
125
9
1
73
121
2
126
51
0
76
260
3
250
57
3
104
175
0
107
165
3
72
112
0
183
176
1
209
20
3
24
109
0
131
292
0
220
276
2
18
261
1
26
274
0
12
215
3
7
261
3
24
98
2
271
80
0
76
40
0
70
128
1
109
76
1
177
256
2
268
202
3
70
260
1
229
26
2
266
129
1
203
221
2
292
180
1
161
180
2
166
23
3
163
318
3
189
284
1
303
305
0
246
194
1
25
302
2
116
230
0
67
305
3
44
230
3
311
223
0
294
66
2
86
201
0
258
67
1
246
313
2
233
58
0
292
75
0
230
259
1
165
120
1
6
162
1
203
237
0
330
199
0
123
227
0
277
269
0
196
120
1
250
233
2
176
336
0
40
290
0
112
167
2
319
252
1
226
346
3
209
100
0
127
14
3
319
138
3
91
240
2
107
306
2
326
172
3
226
252
0
96
31
0
208
167
2
225
347
1
129
324
2
251
18
0
260
261
0
246
200
2
42
106
1
56
293
3
132
270
2
211
346
0
129
360
0
135
100
3
360
305
2
353
193
3
76
298
1
341
63
3
3
342
2
197
115
0
298
324
3
300
239
3
42
193
1
80
137
2
286
155
0
67
380
2
2
181
1
219
260
1
312
346
2
297
136
3
156
122
0
215
172
0
190
200
2
133
129
3
371
203
1
6
129
0
157
367
1
194
66
1
266
310
1
251
260
1
263
192
2
25
251
0
83
188
0
306
296
2
110
166
3
338
202
1
221
335
3
106
348
1
124
135
3
394
391
2
4
276
0
329
274
0
68
14
3
404
297
0
379
37
2
117
103
3
408
167
1
392
346
1
108
346
1
90
360
1
163
156
1
372
73
2
293
119
2
48
23
1
107
98
2
255
89
0
11
374
0
243
129
2
43
202
0
58
51
0
39
370
0
346
16
3
202
172
1
424
50
2
257
336
3
282
323
3
251
21
0
265
81
2
313
93
1
103
165
2
238
380
0
380
324
0
67
263
0
77
167
0
244
388
3
35
387
0
235
270
3
309
122
0
112
58
1
387
436
0
84
437
2
352
244
3
232
187
2
143
262
1
373
8
3
167
105
2
297
244
0
441
236
2
312
343
1
105
391
0
444
387
2
405
437
0
188
71
1
195
441
3
185
409
3
338
335
3
394
396
1
333
237
1
146
162
0
63
198
2
252
73
2
38
199
0
350
195
1
224
206
1
450
43
1
165
40
2
417
194
0
82
219
1
71
196
0
28
196
3
226
13
3
204
60
1
407
146
0
69
354
3
218
393
3
72
468
2
129
66
3
115
78
0
54
198
0
136
447
0
322
196
2
83
22
1
189
451
2
485
345
2
477
307
3
388
203
0
332
346
3
229
424
0
467
295
1
43
166
2
120
407
3
200
162
3
39
107
0
262
80
0
101
359
0
450
195
3
85
36
0
133
482
2
213
261
0
468
104
2
107
242
3
95
387
1
309
72
0
350
293
3
154
315
0
452
126
3
405
183
3
416
238
0
158
273
3
511
210
0
195
174
1
358
140
0
284
207
2
105
460
1
471
28
0
221
29
1
287
17
0
84
283
2
515
106
1
463
31
1
5
317
2
37
5
0
8
169
2
425
52
1
370
118
2
509
163
1
447
19
1
120
507
0
372
362
0
426
45
2
312
337
2
82
34
1
400
243
0
32
15
2
538
228
1
80
24
2
101
166
1
481
152
0
527
194
0
181
456
3
256
196
1
431
505
2
301
492
2
50
472
2
376
200
3
70
281
2
199
26
0
498
364
1
299
104
2
351
297
0
84
527
0
318
126
3
48
292
2
255
557
0
395
194
2
441
227
1
385
77
1
226
362
3
469
160
0
413
119
2
522
311
3
297
171
3
432
483
3
466
158
2
199
516
2
457
494
0
45
486
3
459
103
1
474
550
2
96
485
3
301
187
3
117
169
1
464
142
3
449
301
1
273
121
1
432
139
2
134
34
3
246
464
3
91
90
2
189
84
1
233
346
1
330
416
3
177
117
3
54
166
1
277
306
3
39
525
1
396
380
0
125
161
2
303
402
2
554
440
2
134
187
1
206
513
0
179
195
1
538
567
2
527
126
0
459
323
0
445
182
3
591
74
0
398
455
3
469
542
1
505
142
2
464
416
0
131
408
3
224
428
3
394
549
2
2
290
0
18
225
2
446
194
0
561
51
2
424
554
1
541
441
1
613
460
2
384
304
3
562
297
1
578
452
3
181
229
0
153
566
1
60
318
3
576
27
2
613
34
0
489
280
3
122
110
0
287
586
0
117
613
2
451
426
2
351
14
0
579
621
1
631
376
1
50
373
0
80
505
2
91
138
2
281
209
2
259
92
0
86
315
3
582
497
3
263
192
2
11
309
1
206
406
0
385
556
2
263
538
0
541
619
1
38
612
2
132
329
3
178
518
3
647
447
1
562
646
2
323
584
2
521
620
0
544
610
0
322
3
1
554
199
2
563
194
1
453
544
2
425
73
1
511
325
3
372
496
0
558
71
3
133
69
0
480
260
0
622
377
1
597
428
0
663
260
3
95
19
3
524
136
0
192
516
2
146
264
2
423
590
3
97
51
2
368
73
0
517
659
2
623
262
3
534
17
0
63
644
2
20
347
0
322
196
2
458
23
3
498
286
2
511
676
1
384
633
2
461
497
3
644
290
3
256
332
1
127
535
2
89
190
3
572
242
0
689
212
2
668
450
0
146
322
2
582
498
0
236
694
0
134
251
1
584
255
0
521
315
2
177
389
3
103
263
1
415
316
2
214
385
1
208
229
3
28
137
3
161
253
1
422
555
1
124
564
0
693
690
3
319
155
3
578
364
3
145
475
0
210
222
1
34
473
1
712
109
3
160
242
1
321
422
1
13
294
2
90
549
1
289
24
0
703
406
1
91
266
2
209
488
1
295
522
1
619
92
2
544
484
2
601
638
24
249
444
573
350
702
332
