0
36
97
2
81
71
3
57
51
2
7
45
0
122
8
1
36
55
0
17
129
2
102
0
1
101
108
3
87
106
3
36
3
2
106
51
2
123
0
1
9
4
0
43
57
0
61
77
0
21
55
2
38
11
3
51
76
0
140
101
3
76
89
1
119
85
0
21
6
3
20
140
2
103
5
3
49
3
2
0
31
3
24
109
0
35
154
0
72
20
0
131
7
3
1
118
0
91
0
1
3
141
3
113
51
2
36
99
3
159
4
0
11
6
3
83
89
0
1
71
2
21
13
3
145
82
2
165
67
0
143
159
0
16
36
2
56
119
2
124
60
1
11
162
0
39
13
2
53
8
1
90
59
0
149
2
3
135
73
1
118
134
2
45
14
2
71
110
0
75
130
2
60
152
2
3
18
2
42
123
2
130
35
3
36
135
3
65
164
2
42
61
1
99
42
2
118
3
0
64
5
1
146
93
3
5
52
1
87
94
3
8
69
1
162
65
2
86
56
3
158
111
2
89
90
2
154
56
1
146
132
2
95
139
3
134
139
3
70
166
1
113
24
1
82
112
1
46
118
3
41
29
2
139
144
1
99
140
2
160
201
3
135
59
3
209
111
1
193
70
3
112
67
1
79
215
0
60
10
2
27
115
1
199
100
3
213
143
0
147
98
1
83
107
1
78
223
3
178
151
3
182
28
3
213
123
0
183
193
1
9
159
0
176
218
1
216
91
3
120
126
2
180
68
3
181
22
0
203
140
0
16
12
1
54
15
2
62
60
0
2
111
2
145
216
1
145
171
1
1
16
0
87
121
2
47
44
2
8
226
3
8
47
3
201
63
1
209
55
0
94
94
2
8
59
2
10
2
2
244
233
3
37
77
1
0
79
3
211
20
0
235
51
0
85
150
1
165
38
3
90
204
3
126
214
0
149
146
1
57
222
3
21
12
0
262
197
2
220
259
2
25
107
2
17
12
2
56
97
0
39
236
0
192
202
0
166
0
2
4
95
0
87
41
3
23
124
0
179
147
1
4
19
0
257
147
3
98
43
2
216
103
0
146
128
0
198
15
2
163
235
1
83
278
1
210
59
2
66
122
0
173
76
0
122
162
2
254
21
3
51
166
1
19
174
1
258
146
3
272
38
2
22
30
1
196
37
1
94
89
3
281
246
0
72
283
0
30
245
3
270
18
0
234
163
1
2
247
2
106
49
2
239
201
1
65
86
2
151
12
2
95
241
2
125
171
0
0
111
0
98
178
1
292
76
3
254
15
2
201
218
1
141
110
2
49
299
0
93
192
2
269
307
0
168
290
2
178
128
2
277
265
1
117
294
3
4
170
1
91
272
1
86
91
2
176
191
3
167
101
1
219
88
1
197
26
1
8
150
1
297
39
3
192
84
3
122
97
3
207
147
2
207
194
0
56
332
0
247
313
3
315
10
3
57
133
2
74
173
0
266
129
1
129
284
0
143
252
1
284
329
0
338
222
3
60
75
0
279
25
0
188
210
3
341
268
2
243
251
2
218
258
0
154
197
3
295
230
0
196
277
0
91
206
2
71
139
3
7
50
3
173
252
1
129
261
0
173
156
3
290
152
2
13
269
1
359
280
2
314
218
2
26
307
3
41
280
3
338
131
0
144
48
1
166
249
0
57
256
1
243
64
0
148
15
2
121
242
1
191
86
3
300
3
3
140
199
2
62
276
1
99
291
1
213
87
1
213
366
0
204
296
0
63
20
2
321
352
2
198
81
0
336
188
0
144
326
0
339
260
2
79
309
1
332
186
1
107
29
3
69
80
0
15
266
3
193
55
3
373
267
3
351
358
0
65
107
3
244
194
2
227
158
1
120
9
3
241
393
3
313
294
1
386
393
3
314
177
3
130
91
3
403
259
3
306
166
0
147
326
0
255
144
3
319
211
2
111
9
2
89
174
1
384
410
2
115
3
1
185
328
2
102
392
1
349
37
2
327
109
1
297
372
2
106
148
1
33
387
1
271
329
2
308
219
1
403
288
0
411
423
3
102
412
2
112
128
1
211
91
1
324
200
2
380
207
0
127
269
2
108
311
2
41
237
3
101
147
1
154
169
1
369
419
3
88
382
1
87
76
1
403
193
2
29
393
0
222
429
1
115
101
3
143
425
1
147
404
2
59
55
1
432
122
3
115
200
0
139
85
2
130
144
2
310
326
2
122
442
3
210
256
0
301
374
1
348
370
2
228
144
2
267
281
0
444
303
0
210
426
1
208
159
3
135
211
2
394
48
2
57
335
3
222
434
3
323
16
2
405
73
3
458
307
2
456
288
0
141
330
2
204
415
0
225
40
1
245
276
2
281
274
3
123
234
3
143
7
2
444
155
1
1
383
3
221
218
2
146
274
2
190
471
2
384
250
2
392
440
1
59
278
1
387
474
2
287
365
2
107
12
1
323
318
3
292
312
3
427
366
2
415
90
1
221
74
2
330
444
2
316
20
2
209
88
1
288
91
2
442
150
0
469
418
1
75
317
0
479
444
0
85
257
1
124
324
2
209
439
0
353
124
3
414
399
2
477
74
2
313
97
1
373
194
1
425
291
0
354
230
1
373
172
0
441
172
3
81
49
3
13
27
1
51
132
2
40
173
2
175
284
1
455
490
3
22
302
2
204
336
3
417
157
3
89
274
2
414
110
2
2
154
0
491
111
3
272
17
2
169
447
2
65
31
3
338
137
0
142
33
1
168
227
3
12
237
0
12
154
2
457
295
3
407
509
3
69
115
2
319
382
3
240
94
0
87
524
3
219
239
3
279
475
3
488
266
1
256
168
2
250
118
1
504
44
0
378
336
1
384
8
1
225
214
0
235
478
2
363
178
3
62
20
2
489
546
3
162
161
3
98
469
2
345
274
3
257
451
0
73
471
3
251
529
1
199
56
2
77
141
1
155
190
3
372
489
1
460
334
1
199
241
1
412
43
3
498
310
3
414
268
3
509
496
3
259
301
1
248
159
1
556
488
0
421
43
3
446
372
0
157
365
2
367
88
3
468
273
0
498
399
1
71
267
1
88
21
0
570
493
0
129
464
0
266
471
1
520
508
3
450
489
2
557
390
3
267
574
1
398
268
3
4
528
2
351
467
0
458
386
1
389
576
0
82
62
2
242
387
2
157
297
3
203
47
0
370
85
1
99
199
0
507
44
3
240
510
3
395
547
3
214
498
2
15
217
0
177
11
0
468
332
0
52
427
3
413
83
1
154
180
2
531
414
3
597
494
3
186
259
1
261
44
3
296
334
0
474
225
0
586
84
2
333
421
1
313
321
3
205
132
2
509
250
3
286
355
0
115
252
2
444
2
0
592
368
1
32
328
1
92
410
3
258
28
2
439
493
0
520
580
1
565
213
1
188
229
1
158
179
0
93
426
1
54
437
1
627
522
1
101
205
1
610
194
1
50
262
1
128
442
0
447
344
1
79
63
3
34
142
2
386
216
1
390
293
0
599
69
0
611
352
2
565
507
0
229
31
3
402
462
0
250
8
3
297
55
0
569
315
1
191
467
0
643
116
3
628
360
3
531
194
0
405
455
2
188
5
3
227
630
3
348
179
3
530
460
1
139
238
3
285
176
1
215
52
2
655
264
1
234
478
2
476
212
0
283
318
1
65
639
0
262
351
1
233
172
0
83
495
3
485
521
0
173
520
0
15
299
0
421
150
2
531
234
2
196
660
1
319
183
0
278
503
2
483
191
1
357
563
2
545
539
3
15
39
2
204
272
1
431
630
1
113
209
2
605
146
1
595
447
2
489
197
0
216
374
3
516
344
2
631
387
3
155
615
1
250
375
0
311
219
2
377
684
1
579
436
1
233
87
2
188
536
2
28
299
2
228
127
1
74
335
2
404
569
1
594
692
0
527
593
3
513
592
1
640
666
1
293
220
3
78
472
0
9
308
2
364
488
2
223
703
2
289
406
2
176
132
1
91
691
2
477
617
1
197
9
1
14
226
0
107
514
3
347
607
0
598
286
3
15
496
1
322
7
0
339
482
3
518
455
3
316
669
2
264
536
1
191
456
1
539
389
0
695
532
1
531
431
441
629
644
608
593
51
250
