1
37
32
2
10
91
0
42
128
1
14
29
2
60
55
1
19
23
0
42
112
1
70
74
1
94
112
3
122
19
1
30
110
0
80
130
0
128
6
1
33
25
1
58
27
1
91
95
0
127
118
1
102
8
3
0
72
0
21
112
2
48
87
2
37
60
1
27
38
0
77
135
3
119
108
3
30
43
2
39
38
1
128
65
2
68
42
1
67
25
1
97
67
2
48
39
0
70
153
0
146
112
3
81
52
2
135
11
0
127
152
1
8
23
1
44
47
3
106
12
3
89
164
2
38
114
0
142
115
2
22
11
2
136
106
0
15
102
1
142
158
1
40
112
0
54
82
0
148
20
2
100
118
1
18
12
0
58
119
1
103
114
2
157
53
1
47
168
0
51
65
1
41
151
3
155
7
3
113
164
2
178
186
2
59
23
1
136
71
1
79
105
2
87
165
2
165
96
1
116
123
2
94
50
0
97
180
0
114
71
0
45
77
2
82
115
1
37
124
1
96
115
0
157
122
1
153
151
1
8
30
1
116
131
3
69
199
0
204
114
0
66
79
2
134
127
1
125
100
2
100
113
3
38
170
2
205
61
1
187
33
2
193
199
2
101
196
1
179
122
2
128
4
2
34
26
3
70
205
2
98
47
3
3
127
2
57
222
2
51
54
2
145
48
1
195
91
2
94
83
1
187
59
0
199
227
1
36
86
1
121
205
3
71
145
2
186
154
0
97
100
1
141
198
3
82
168
1
232
11
0
186
99
2
71
135
3
98
185
1
31
145
0
86
211
1
111
105
1
156
69
3
222
72
1
86
229
3
81
73
1
187
19
0
83
18
0
101
196
0
176
243
3
119
14
3
24
16
1
228
1
2
249
42
1
42
232
0
103
142
3
63
19
2
35
13
3
124
123
2
184
124
0
109
213
1
33
255
1
146
78
0
223
137
3
253
179
1
251
11
3
113
248
2
0
225
3
251
53
0
97
191
3
253
243
3
238
1
0
122
253
1
268
272
3
57
240
2
261
144
2
174
119
2
256
80
0
105
190
3
163
155
3
147
104
3
130
229
1
197
225
2
279
106
2
7
147
1
255
236
2
175
200
1
284
282
2
173
40
3
28
266
0
27
47
1
121
192
0
250
59
0
221
162
1
185
220
3
78
28
3
77
11
0
268
68
2
27
198
1
113
24
3
181
260
3
106
148
3
136
172
0
236
125
2
258
86
1
41
11
2
89
114
1
258
161
1
35
116
1
66
218
2
170
28
0
162
107
3
243
214
2
227
58
3
107
138
1
153
281
3
261
74
1
79
146
2
214
255
3
212
17
3
57
238
0
194
62
1
143
27
0
201
228
1
38
172
1
259
201
2
283
196
3
100
234
1
315
74
2
236
161
1
105
81
3
212
165
0
241
34
1
139
23
2
301
127
3
321
45
1
326
208
3
75
94
0
301
61
0
46
296
1
327
141
2
157
314
2
3
225
0
265
132
0
56
168
1
248
56
2
76
138
3
321
105
3
27
257
3
61
192
1
81
298
1
6
155
1
241
290
2
352
344
1
37
229
2
102
79
2
351
33
1
150
350
3
114
8
0
107
214
2
44
93
0
71
194
0
338
91
2
288
338
2
217
36
1
216
131
3
338
303
3
271
92
0
260
182
3
326
71
3
12
148
2
31
260
0
273
154
3
48
166
1
194
249
0
249
108
3
82
115
1
24
177
3
250
107
0
204
177
0
216
304
0
210
339
1
80
63
0
311
358
1
307
30
2
150
47
1
158
109
2
230
196
0
298
266
3
252
300
3
47
19
2
82
230
2
249
135
1
83
154
1
286
221
2
365
0
3
206
365
0
46
332
2
347
252
2
375
5
3
54
167
0
321
152
3
136
306
0
340
5
0
2
269
3
64
251
0
213
232
1
22
307
1
36
261
0
318
178
1
123
52
2
93
333
3
86
246
1
5
266
1
330
402
3
151
315
0
272
351
3
325
318
2
242
273
1
106
19
2
131
237
0
343
315
2
366
299
1
296
109
3
120
220
3
349
195
0
296
304
2
296
386
2
208
426
0
293
378
0
200
251
2
172
315
0
204
311
3
316
47
0
360
352
1
325
307
2
123
136
1
402
36
1
112
297
3
284
403
1
251
60
3
287
383
1
207
150
3
410
273
0
379
56
1
434
236
1
213
325
3
337
89
1
328
237
1
208
187
2
280
426
2
309
45
3
3
294
3
76
171
0
310
32
2
89
254
1
126
14
3
171
220
0
192
53
2
334
339
3
430
366
1
222
133
2
205
296
1
416
453
0
313
238
0
447
234
0
195
127
2
76
166
1
91
374
1
226
115
2
67
254
2
43
94
2
55
185
0
88
214
3
276
170
1
182
189
2
218
150
3
128
86
0
479
169
2
2
313
3
423
481
2
286
284
1
75
381
3
372
390
1
346
198
0
297
334
1
76
178
0
245
392
3
85
85
2
172
217
3
65
140
1
33
276
2
7
427
1
290
407
3
180
253
3
94
133
2
290
241
2
27
21
1
387
281
1
145
222
0
135
168
3
327
351
2
10
297
0
277
385
0
153
197
2
199
243
3
259
338
2
504
12
1
4
176
2
369
157
3
504
474
1
61
369
3
111
131
2
453
217
0
288
398
2
367
376
2
501
351
1
89
269
2
140
99
0
412
7
1
365
415
2
233
423
3
10
159
1
307
80
0
143
156
0
429
497
0
75
81
0
292
287
3
303
373
3
488
331
0
10
380
1
80
135
2
272
256
0
142
261
1
497
29
1
250
276
0
299
342
0
39
272
0
279
158
3
214
529
1
154
357
0
502
42
0
141
231
2
59
29
1
402
294
3
469
181
1
194
499
2
126
460
0
399
210
3
365
286
1
128
410
3
138
435
1
213
384
0
231
167
3
311
20
3
462
244
1
177
156
2
122
55
3
285
493
1
513
315
3
257
140
0
415
456
1
540
453
1
134
420
0
92
443
0
223
234
3
482
362
1
251
366
2
338
12
1
500
515
1
488
522
1
59
501
3
13
238
1
7
66
0
33
328
1
392
325
1
60
575
3
95
472
3
46
391
3
366
486
1
19
504
1
23
341
3
39
253
3
569
500
3
496
270
0
163
476
2
328
532
2
349
148
0
22
258
3
552
418
1
214
587
1
216
530
0
106
244
0
326
379
2
245
524
3
373
312
3
419
140
0
214
26
0
167
4
2
463
561
3
463
8
1
82
18
1
567
591
3
191
279
2
362
498
1
65
347
2
301
98
3
282
219
1
105
150
0
369
538
0
607
355
2
332
132
3
49
259
3
293
307
2
569
212
2
179
540
3
467
348
2
307
24
0
340
607
3
401
379
3
120
47
1
534
465
3
425
62
2
174
73
0
345
43
3
360
432
1
75
24
2
498
516
1
422
178
2
533
503
1
357
187
0
148
558
2
367
371
1
517
361
1
38
281
2
407
435
2
490
524
3
526
403
1
404
595
3
17
511
3
594
586
3
239
462
1
264
435
2
1
463
1
415
379
1
602
396
0
17
89
1
436
506
0
215
145
3
603
588
2
453
477
2
306
430
2
358
32
2
427
236
3
471
625
3
416
518
2
312
459
3
472
320
3
243
474
2
37
634
2
351
206
0
105
36
1
560
531
1
7
445
2
310
514
2
345
242
2
12
352
0
665
141
3
56
631
2
667
171
3
220
609
1
410
193
0
621
541
0
21
284
0
468
563
2
563
4
2
134
244
1
74
338
0
472
467
3
627
323
0
644
74
0
677
158
3
385
115
3
77
545
2
447
168
3
340
524
3
223
637
0
653
371
3
279
474
1
159
112
0
472
443
2
257
450
3
689
562
0
136
83
1
91
532
3
463
489
3
258
393
1
450
338
0
477
85
2
324
408
2
356
288
3
167
35
1
50
611
0
420
698
2
476
173
2
261
177
0
589
384
3
174
180
2
91
68
2
691
634
2
238
696
1
615
156
2
414
494
1
512
629
3
683
291
1
577
72
0
717
106
0
695
545
1
422
198
0
186
679
0
401
351
3
706
174
0
51
384
0
171
23
2
717
298
3
601
126
655
73
725
