0
110
75
0
59
89
1
40
22
0
50
29
2
51
109
0
107
91
1
81
99
1
8
124
1
110
89
2
14
71
1
91
110
0
26
50
1
43
57
2
54
136
3
56
20
0
13
89
1
109
128
0
29
19
1
29
83
2
52
101
0
98
47
0
101
26
0
2
125
0
91
74
1
78
18
1
47
39
0
105
128
3
128
35
1
57
44
3
130
102
1
32
145
0
118
47
1
31
72
1
95
27
0
35
136
3
63
31
0
48
124
0
70
32
1
26
60
0
104
43
1
123
106
1
58
47
0
45
39
3
50
74
2
126
168
3
36
20
1
64
68
0
55
161
1
38
9
2
162
141
3
88
85
3
119
86
3
32
34
0
106
147
3
32
74
0
139
86
1
76
88
1
27
85
2
165
153
3
150
155
3
71
47
0
163
87
2
168
106
2
116
100
2
73
84
2
90
186
2
149
25
3
81
85
2
191
1
1
1
84
0
188
155
0
152
117
2
68
180
3
200
94
1
24
19
3
187
37
0
138
31
3
171
130
2
63
186
0
113
56
1
29
40
0
146
112
3
96
137
0
184
122
2
15
46
1
115
84
2
204
32
1
72
130
3
147
149
2
60
14
0
162
86
0
16
51
0
132
110
2
54
189
1
143
218
2
77
51
1
162
33
2
159
37
0
186
123
2
56
121
0
82
200
0
54
152
2
29
110
1
219
171
3
97
198
0
129
82
3
191
103
2
209
132
3
22
202
1
160
24
0
142
222
1
92
79
2
61
210
1
106
61
3
216
205
0
21
46
0
125
5
0
13
219
3
42
218
0
115
17
0
14
4
0
34
229
2
38
23
0
145
199
2
161
0
1
6
184
3
60
213
3
186
108
3
5
215
1
17
192
1
139
70
0
106
99
3
253
78
2
8
231
0
255
79
2
213
253
1
20
43
3
170
71
3
145
76
2
96
185
0
253
27
1
174
224
0
49
180
0
244
68
1
8
246
1
62
190
1
81
207
0
27
106
0
10
162
3
69
234
3
111
105
1
49
12
3
156
233
0
40
122
3
188
27
1
64
201
1
31
161
0
277
280
0
227
202
1
133
103
1
177
249
0
32
131
1
200
191
0
140
8
1
277
227
0
268
82
2
35
257
1
74
239
0
228
122
1
222
17
0
254
100
3
179
36
2
197
39
1
30
197
0
37
195
3
240
136
3
233
81
1
197
168
2
163
151
3
229
235
1
101
253
3
153
130
2
20
41
2
131
272
0
274
306
2
213
311
2
201
296
3
176
123
0
285
19
3
145
272
0
232
127
2
277
107
1
82
228
0
184
218
3
154
244
1
130
231
1
176
314
1
244
2
2
182
36
1
202
207
1
293
327
3
58
217
0
69
121
1
247
238
0
149
35
2
318
196
1
252
78
0
194
146
2
154
317
3
297
47
1
257
54
1
323
99
1
142
326
0
76
90
2
242
188
1
18
39
3
222
237
2
202
72
0
12
320
0
174
219
2
191
37
0
152
181
1
61
63
1
149
114
1
148
31
3
199
282
3
333
196
0
59
185
3
259
283
0
273
164
3
80
280
1
351
40
2
89
66
2
160
248
2
176
196
2
185
253
1
229
329
1
199
346
1
363
107
3
293
71
1
66
143
0
72
17
3
214
281
2
63
298
3
217
355
3
312
212
0
197
197
2
131
267
2
82
48
1
47
100
3
203
266
3
2
119
3
177
314
3
0
138
0
115
309
2
202
183
0
331
279
2
292
260
0
98
218
2
229
271
1
372
24
1
295
28
0
275
20
1
179
2
1
198
314
1
14
64
1
292
64
3
328
119
3
226
115
2
80
351
2
394
140
2
31
131
2
292
358
3
174
201
1
67
67
1
349
191
0
129
210
3
31
163
0
164
107
0
347
215
1
341
112
3
176
52
1
75
230
1
37
143
1
369
366
0
59
106
2
370
216
2
58
329
1
153
6
2
91
66
1
213
322
3
296
141
0
154
300
3
400
350
1
197
412
1
75
148
2
81
250
0
226
58
1
57
6
3
309
303
3
217
257
2
166
320
2
3
252
0
56
232
2
203
169
1
432
170
0
32
403
1
260
319
2
42
130
3
336
421
0
15
308
0
220
196
2
143
136
1
304
179
3
7
91
3
350
335
2
325
135
3
223
133
3
269
153
0
388
253
0
339
130
1
151
109
1
126
298
3
315
62
3
323
39
2
360
1
3
389
205
3
125
249
1
232
93
0
286
95
1
385
380
3
107
133
2
170
97
2
328
332
2
22
460
0
431
207
0
41
179
2
371
199
3
185
454
0
372
222
2
328
333
2
421
273
1
71
304
0
403
413
1
279
262
1
343
93
3
368
232
0
442
399
2
150
177
0
49
44
3
468
318
2
223
9
3
32
230
0
311
148
0
283
256
3
395
228
3
40
175
0
444
405
3
257
481
1
317
261
3
159
426
1
427
335
0
156
29
0
387
328
2
243
356
2
257
488
0
27
481
2
29
476
0
321
403
2
205
178
1
317
210
1
441
230
0
94
338
2
468
146
2
207
93
1
458
494
2
434
35
2
50
193
2
80
267
3
73
147
1
315
45
3
402
495
1
257
0
1
6
97
0
325
273
3
169
442
3
255
338
1
391
483
1
446
440
2
150
277
1
324
173
0
252
385
0
351
127
0
208
282
1
494
276
2
204
296
1
208
376
0
345
111
3
192
494
0
1
303
3
238
375
3
488
135
3
491
404
1
347
502
2
437
334
0
367
491
2
428
203
3
49
422
0
102
347
0
432
74
1
95
435
3
286
191
3
243
4
2
10
27
3
10
340
1
273
502
0
437
172
1
355
132
3
178
148
0
284
69
0
198
181
0
172
324
2
56
481
0
537
357
3
318
537
2
131
108
2
192
158
3
250
2
1
196
420
3
113
359
0
281
444
0
205
193
1
396
260
1
307
234
2
231
97
1
191
2
1
526
294
3
12
201
2
81
184
0
565
473
1
343
15
0
326
79
2
256
544
1
303
393
0
102
560
3
411
196
2
498
554
0
282
562
3
112
468
3
219
266
2
500
319
2
64
293
2
80
440
3
344
486
3
226
192
0
273
246
0
303
371
2
47
409
0
13
268
0
389
170
1
292
557
2
363
396
0
287
405
0
58
163
2
311
128
1
96
509
3
252
341
0
430
166
0
171
218
1
236
426
3
412
453
3
160
172
1
348
357
1
580
3
2
105
332
2
76
376
3
232
131
2
542
102
0
59
372
1
176
10
0
339
215
1
449
223
3
577
291
2
108
563
3
239
551
0
392
295
3
361
120
1
30
138
1
84
336
1
77
615
1
425
97
3
114
356
1
237
399
0
333
267
2
161
446
0
45
50
0
573
501
2
425
216
1
555
80
2
119
621
1
414
190
1
413
285
1
67
522
0
192
198
3
429
423
3
77
111
2
475
228
2
137
498
2
259
292
0
0
540
3
563
618
1
308
594
0
164
197
0
505
385
1
135
211
1
192
591
0
290
637
0
505
467
0
301
599
0
633
25
3
502
6
1
1
405
0
419
221
2
535
562
3
65
536
0
73
200
3
408
483
2
336
404
3
62
441
2
211
332
0
593
361
3
120
323
0
520
113
2
614
377
1
45
407
2
41
650
0
458
451
1
520
621
2
514
459
3
179
168
3
297
168
0
608
99
1
77
631
2
490
598
1
482
148
0
96
305
3
270
93
1
130
14
2
314
69
2
415
292
1
243
298
1
127
515
2
661
313
0
73
431
2
169
455
3
425
373
3
333
87
1
532
246
2
527
70
0
340
415
0
562
588
0
640
52
3
106
267
3
21
220
2
380
191
0
458
165
0
639
423
3
41
352
0
1
542
2
378
473
2
310
644
2
654
634
2
69
420
2
500
81
3
529
360
1
312
118
1
119
413
1
623
513
2
187
366
3
609
287
2
252
107
3
623
474
0
502
114
2
67
247
2
192
283
1
441
382
1
412
530
2
383
558
1
322
603
3
556
231
3
340
467
2
307
411
3
161
544
2
232
444
0
604
56
3
613
130
1
53
563
0
164
22
1
122
43
2
316
300
684
397
240
135
202
522
690
454
618
584
570
411
405
454
450
381
516
532
