3
60
21
3
34
20
3
96
105
0
13
124
3
31
55
3
110
46
0
132
11
0
80
74
2
112
127
2
98
0
0
51
60
1
122
67
3
124
44
2
129
20
2
76
20
2
60
32
0
44
123
0
130
120
3
0
141
2
3
68
3
51
122
0
147
65
3
118
140
1
28
95
1
97
17
0
141
117
0
11
58
3
22
51
2
150
66
2
70
28
1
116
17
2
74
60
2
84
26
3
124
110
0
147
116
0
12
45
3
15
21
2
155
2
3
128
72
0
105
59
1
131
23
3
92
44
3
165
164
1
93
33
2
103
107
2
12
109
1
80
36
0
102
96
2
149
51
2
116
144
2
137
95
3
136
160
2
132
16
0
18
144
1
54
90
2
11
8
0
170
86
2
11
143
1
179
128
0
14
152
3
53
70
2
56
10
2
121
111
1
22
137
2
33
56
3
118
62
0
92
166
0
154
98
2
9
165
3
74
89
0
195
9
1
118
13
2
122
169
1
150
114
0
149
199
1
39
86
1
151
110
1
147
161
2
183
164
2
162
194
2
58
129
1
74
74
0
56
49
1
160
155
1
154
143
1
156
7
3
78
47
0
134
11
1
114
33
1
30
180
3
204
39
1
53
210
2
164
148
3
144
94
2
72
74
3
20
60
0
184
13
1
7
163
2
184
206
2
13
140
2
9
103
3
143
68
0
81
198
3
120
79
0
44
62
3
200
219
0
1
3
0
103
59
2
102
146
2
134
84
3
157
44
0
207
124
3
55
220
3
121
42
2
210
128
1
130
40
0
75
70
3
3
238
0
63
116
2
21
12
0
66
177
3
89
163
3
190
141
1
136
106
1
48
144
2
185
139
1
174
159
3
91
117
3
14
134
3
195
186
2
73
21
3
174
55
3
197
31
1
116
2
3
190
75
2
245
213
3
197
145
3
244
190
2
100
37
3
134
109
0
188
135
0
114
116
1
166
229
0
135
68
2
113
252
2
58
131
3
16
107
3
196
30
0
87
67
1
34
163
2
12
113
0
101
24
3
168
183
0
104
57
2
98
55
1
122
50
3
112
82
3
155
141
2
244
115
3
250
228
1
51
142
0
5
252
1
84
88
2
132
148
1
58
150
1
203
117
0
236
88
0
144
129
0
124
45
1
256
11
3
79
10
3
162
87
1
20
22
3
78
178
3
270
162
0
124
99
0
148
271
1
186
152
3
6
234
1
7
232
1
24
304
1
120
279
1
93
233
1
188
267
2
230
275
0
142
286
3
37
296
1
92
255
2
38
277
1
60
230
1
122
47
1
109
18
3
180
176
0
203
294
3
7
21
3
5
136
1
36
281
0
224
42
3
81
261
3
129
23
0
261
283
0
107
157
1
268
128
0
198
269
1
252
82
1
119
136
0
59
77
2
120
294
1
317
335
3
274
276
1
128
330
2
223
43
0
188
102
1
79
148
0
124
118
3
253
245
2
299
80
0
202
259
2
293
228
3
205
158
1
346
55
1
149
272
1
243
74
1
216
342
3
344
192
3
325
223
1
196
232
1
351
112
3
90
197
1
218
314
1
8
230
1
72
68
1
323
170
3
100
355
1
201
218
1
225
142
2
79
132
1
171
85
3
212
230
0
8
194
2
31
212
1
247
127
3
195
170
0
194
156
2
71
123
2
222
139
2
140
255
1
56
226
0
72
51
3
143
229
1
160
51
1
239
86
3
253
238
1
194
75
0
349
132
0
290
275
0
215
60
1
292
92
1
26
203
2
250
164
0
277
143
2
164
54
0
38
160
3
231
348
0
296
153
0
201
313
3
101
208
3
37
136
2
44
364
1
365
378
2
321
382
0
47
330
0
257
14
3
227
90
3
133
135
3
113
346
2
92
36
2
221
380
3
59
295
3
341
299
3
94
30
2
193
103
0
366
46
2
27
348
2
224
245
2
68
326
1
190
312
3
50
276
1
219
180
3
378
121
3
321
370
0
206
204
0
20
205
0
161
332
1
418
247
2
202
342
3
191
85
1
308
270
0
15
258
2
173
423
3
27
184
3
13
366
2
204
29
2
263
74
0
267
298
2
271
100
3
194
404
1
296
246
0
276
376
1
252
347
3
411
132
0
415
36
0
401
375
2
330
40
3
143
264
2
10
421
2
421
414
2
136
412
0
263
115
0
172
436
0
269
252
3
256
356
3
167
179
2
421
105
1
70
59
1
55
174
3
217
20
2
392
441
3
214
179
0
333
116
2
80
418
1
242
53
1
230
433
2
116
30
3
290
336
2
436
423
1
305
463
3
182
324
2
442
461
1
208
0
0
297
134
2
220
335
2
395
354
0
301
428
2
420
189
3
148
78
1
321
222
1
275
367
2
474
322
2
184
217
2
412
461
0
74
307
1
448
157
2
198
33
0
104
353
1
155
38
3
225
39
0
453
193
2
343
447
1
113
409
0
142
481
3
54
67
1
33
412
1
152
126
0
56
406
3
249
307
2
179
324
2
25
48
3
18
280
0
243
395
1
122
255
3
332
16
3
465
35
3
182
361
2
371
81
2
393
19
3
311
205
1
74
418
1
288
253
1
146
435
1
481
389
3
387
131
2
42
464
0
227
496
3
144
458
1
31
241
0
244
205
0
407
454
0
160
187
1
311
137
3
173
164
3
513
192
1
448
344
3
170
236
0
247
72
1
293
357
0
93
421
3
169
467
0
309
507
2
353
222
2
158
27
1
513
501
2
54
277
2
187
31
1
176
290
3
187
272
3
72
318
2
144
26
1
515
510
0
434
199
0
84
68
2
502
314
3
406
98
2
377
250
1
204
325
0
30
515
2
164
266
2
204
298
1
536
348
3
397
152
3
121
168
1
164
359
1
542
279
2
521
310
3
138
82
1
467
103
1
293
164
1
551
399
1
173
488
2
273
500
2
103
456
3
23
467
1
368
114
0
124
544
2
16
479
1
287
179
3
187
521
2
368
308
3
480
431
1
412
276
0
511
116
0
71
443
2
203
207
2
446
136
0
540
255
0
83
304
3
463
525
3
328
202
1
317
274
0
161
173
0
74
557
1
32
451
1
476
357
0
84
93
0
252
335
3
414
115
1
231
165
3
520
522
2
37
316
1
173
283
0
325
576
0
44
204
0
92
301
1
250
497
0
98
171
0
330
323
1
144
447
1
14
247
1
31
158
1
85
584
3
195
569
0
202
422
2
587
378
0
391
502
1
250
501
0
200
592
2
227
315
3
536
228
2
474
210
0
410
282
0
467
47
2
265
314
2
483
124
1
559
194
2
159
498
3
82
468
3
541
210
3
599
117
0
496
467
3
27
611
0
291
197
3
579
18
0
347
65
2
309
184
1
288
489
3
216
456
1
534
475
1
484
475
1
485
151
0
38
37
1
119
332
2
175
613
3
159
168
2
466
295
3
317
612
3
448
504
0
486
387
2
489
571
2
578
632
0
622
275
0
336
585
2
129
398
0
49
430
1
391
594
1
454
6
0
243
35
0
34
131
1
397
440
0
128
298
0
308
200
3
284
281
1
15
430
2
265
382
0
650
202
1
569
143
2
307
272
0
66
322
3
146
234
0
538
201
0
159
308
2
492
560
3
426
208
0
50
193
0
10
319
2
470
327
2
333
250
0
28
428
3
138
425
0
565
196
2
477
659
1
455
321
1
525
638
3
237
451
2
4
504
2
523
256
1
234
661
3
141
405
0
668
546
1
516
461
2
363
69
0
120
142
3
500
626
1
106
85
1
246
487
2
366
476
3
230
155
1
15
58
1
424
444
1
189
423
2
137
549
0
536
5
2
341
164
1
57
305
1
181
55
0
498
667
0
300
678
0
54
138
3
626
609
3
516
634
0
80
446
1
243
440
2
148
376
1
118
435
1
62
575
0
290
668
2
671
204
3
117
547
3
583
214
2
448
209
1
632
321
3
187
389
0
245
45
2
82
359
3
61
678
2
632
274
3
695
644
0
445
515
2
55
113
2
2
76
1
479
276
1
506
483
2
592
714
0
174
219
0
160
382
0
303
281
0
622
207
1
227
599
3
686
710
3
685
239
0
356
129
530
38
10
150
325
614
679
337
272
301
724
531
565
286
98
699
222
107
