3
86
0
2
83
88
0
12
63
2
58
66
3
46
106
1
45
96
0
59
113
2
58
54
2
135
88
1
126
108
1
104
96
2
22
42
0
16
126
2
105
17
2
113
96
0
40
33
1
57
44
3
92
125
3
85
55
2
97
78
3
144
107
3
125
35
1
32
58
2
124
139
1
142
24
1
145
48
0
33
123
3
7
6
2
129
40
1
103
145
0
124
143
3
129
49
3
128
83
1
83
75
2
81
157
2
66
72
1
122
141
3
28
109
1
59
52
3
140
161
0
120
54
2
26
139
0
116
89
1
155
95
2
108
60
0
85
51
3
103
32
0
102
46
3
50
74
0
5
133
2
125
94
3
52
147
0
59
16
3
38
146
3
166
107
2
107
113
2
83
171
1
157
162
3
136
177
2
150
147
1
109
51
0
110
37
2
134
1
3
142
186
2
86
124
2
163
177
3
8
145
2
184
107
1
156
36
2
187
16
1
161
165
3
33
102
3
184
142
3
50
66
0
14
181
2
110
117
3
17
63
2
188
1
3
96
148
0
51
191
2
34
70
1
23
59
1
50
69
0
80
175
2
53
74
0
147
66
1
171
109
1
214
141
0
160
48
2
43
74
2
126
86
3
173
167
0
83
80
2
123
170
2
105
91
3
56
191
0
182
47
2
32
54
1
122
130
1
169
97
1
32
59
2
57
185
2
36
108
3
124
21
1
8
0
2
14
61
2
112
186
2
37
89
3
61
103
2
52
3
3
94
36
1
178
56
1
122
159
3
210
50
1
49
78
3
139
18
2
40
1
1
167
240
0
134
92
0
229
99
2
79
206
2
238
64
2
128
203
2
130
108
1
83
127
2
117
109
3
2
58
0
157
125
2
188
251
3
61
75
3
183
78
0
219
59
0
38
202
3
114
210
3
197
37
1
216
138
0
210
32
0
231
215
2
154
44
0
3
48
3
198
243
0
118
118
0
265
171
0
168
128
0
169
236
3
115
65
3
195
162
1
83
145
0
114
264
3
236
122
1
8
43
1
237
270
0
42
76
2
229
189
2
76
27
2
96
153
0
264
154
1
275
115
1
138
202
0
176
21
2
48
251
3
60
236
1
257
53
3
191
183
2
15
203
3
265
34
0
157
203
1
57
173
3
106
107
1
62
144
0
287
113
2
288
47
0
285
246
2
42
207
0
73
155
3
256
123
0
254
182
2
164
264
1
110
86
3
91
278
1
122
212
0
257
80
0
7
110
1
135
135
0
110
51
2
184
172
3
193
172
0
163
178
3
210
151
1
64
295
0
33
305
1
121
59
3
183
78
3
199
181
1
152
87
1
296
171
2
193
200
2
100
245
2
301
257
1
67
111
2
16
215
3
70
302
3
167
14
1
18
146
3
309
99
3
329
34
3
20
259
0
249
59
3
303
310
1
163
30
3
161
312
0
222
212
3
183
172
0
154
182
0
173
18
1
88
168
3
134
277
0
326
327
1
56
59
3
112
230
3
24
45
1
105
192
2
126
341
2
4
248
3
237
251
1
167
348
3
180
200
3
311
172
0
38
231
0
298
241
2
29
159
1
33
121
0
58
222
1
52
270
1
134
129
1
292
69
3
224
270
2
89
329
2
137
50
1
86
67
1
259
56
3
25
326
3
270
83
1
312
301
3
4
349
3
104
251
1
296
46
0
256
193
3
291
228
2
259
127
2
295
311
1
362
88
2
295
25
0
367
236
0
224
173
1
191
302
0
273
87
2
155
215
1
76
156
1
39
76
2
142
246
0
384
281
2
263
8
1
283
190
0
337
232
2
376
381
0
351
58
1
141
201
0
330
276
3
396
330
0
304
17
3
283
343
1
236
22
1
179
263
1
115
126
1
44
340
2
130
265
1
295
143
3
150
300
1
11
63
0
363
142
1
394
170
0
372
267
1
166
228
2
242
304
3
35
391
3
350
70
0
237
98
1
215
403
2
142
307
1
294
229
1
87
53
2
30
125
3
118
8
1
240
150
2
282
293
1
411
268
2
67
170
1
9
236
1
220
400
3
230
285
2
94
344
2
90
388
2
283
424
1
65
414
1
422
210
0
240
22
1
21
270
3
146
92
2
307
22
0
134
369
2
419
429
2
324
423
2
135
394
1
297
427
3
279
309
3
283
246
3
358
66
0
170
432
1
216
39
0
210
89
1
437
322
3
131
159
3
365
430
3
289
208
1
285
365
0
324
142
0
21
450
3
364
441
0
433
234
0
68
255
0
279
297
2
119
177
2
21
152
1
73
98
0
361
450
3
353
361
1
115
380
3
407
19
2
191
0
2
385
329
1
336
370
0
102
240
2
44
187
2
379
294
2
212
366
3
303
252
0
237
188
0
54
324
1
341
266
1
84
205
0
161
317
0
218
310
3
256
65
1
462
366
0
196
21
2
255
222
3
93
360
1
460
431
3
239
83
0
454
248
3
119
37
3
476
395
3
62
392
1
185
469
0
239
420
0
102
71
3
482
319
1
151
485
1
465
384
2
118
101
0
305
203
3
406
188
1
112
243
3
273
116
3
261
163
2
164
64
1
344
254
0
28
501
1
251
80
2
428
131
0
52
70
0
52
165
2
239
402
3
243
191
0
87
380
1
495
222
3
420
160
1
180
9
3
1
261
0
267
7
0
191
360
2
493
448
0
31
441
3
287
497
1
119
521
0
244
94
3
52
147
2
388
341
2
403
491
3
467
468
1
520
370
1
129
393
0
125
16
2
222
462
2
81
373
0
92
92
3
27
399
0
492
123
0
360
65
3
373
371
2
56
400
1
475
149
0
538
321
3
239
350
1
497
418
2
198
453
0
38
434
3
217
250
0
533
404
3
204
373
3
188
545
2
237
133
3
509
415
1
131
139
3
511
99
3
152
504
0
523
183
1
225
193
1
98
411
2
175
434
2
428
250
2
449
367
0
181
1
2
489
442
0
421
378
2
123
518
3
198
556
3
181
524
0
116
394
0
534
555
2
394
408
3
533
465
1
554
151
3
170
38
3
469
240
1
306
358
0
108
128
2
287
500
2
184
232
1
124
325
0
141
439
2
572
117
2
257
576
3
29
292
2
147
263
3
475
322
0
240
63
0
514
288
3
414
325
2
373
543
1
419
172
1
328
501
3
73
452
0
279
270
2
59
205
1
583
19
1
218
54
0
508
461
3
50
360
0
423
20
2
134
30
1
350
519
3
334
359
0
120
326
2
109
426
0
452
52
1
177
368
0
44
570
2
68
317
0
374
543
1
266
220
0
365
541
1
420
24
0
385
477
1
493
171
2
504
401
0
6
500
1
604
203
2
368
473
2
92
112
1
175
413
0
392
325
1
591
235
2
468
117
2
539
244
3
285
326
2
334
589
3
557
307
3
94
419
0
72
495
1
88
301
0
406
187
2
346
522
1
168
404
0
55
75
3
65
484
0
352
2
0
438
368
3
107
430
2
87
470
1
22
35
0
465
473
1
567
489
3
131
214
0
335
342
2
245
258
0
292
586
3
123
393
2
386
571
2
119
444
0
451
200
3
573
51
2
296
201
0
379
618
0
403
16
3
121
11
3
514
101
0
114
655
0
624
74
3
642
28
2
640
560
0
10
479
0
298
588
3
612
517
0
574
620
0
650
590
1
41
324
3
197
159
3
333
39
0
615
121
1
105
237
2
356
158
3
546
346
2
85
142
0
56
272
2
451
506
0
449
574
2
629
371
2
131
313
2
202
91
1
399
667
0
257
119
2
278
91
0
206
377
2
45
373
3
236
627
2
458
446
1
443
558
1
657
584
3
502
255
2
436
413
2
257
643
0
27
567
2
585
690
3
278
475
1
209
296
2
555
521
0
203
406
2
92
25
1
210
404
3
572
520
2
115
178
2
20
537
0
501
215
2
1
67
1
368
523
0
578
575
1
612
355
3
542
153
1
487
504
2
652
506
1
354
679
0
271
183
3
463
345
1
416
649
3
449
472
3
620
529
1
137
458
2
659
7
2
24
444
0
580
199
0
108
562
3
344
346
2
476
207
3
704
365
2
424
452
0
346
221
3
346
398
2
254
420
408
714
614
610
