0
89
4
3
105
76
0
77
110
2
3
83
3
2
26
1
24
13
2
101
102
1
60
22
1
60
73
0
54
72
1
13
94
0
125
56
3
125
88
3
104
53
3
140
6
3
127
59
0
49
94
3
95
108
2
2
126
1
71
115
0
70
122
2
22
63
0
71
105
0
126
7
2
40
6
1
116
31
3
109
98
2
50
121
3
1
110
2
93
152
0
63
121
1
82
124
1
46
111
1
32
97
1
158
31
0
22
123
1
45
87
0
30
129
2
20
30
2
9
110
3
124
107
1
141
105
1
25
139
0
44
132
2
30
9
0
75
43
1
36
94
0
133
163
1
25
77
1
130
45
1
1
90
2
156
113
2
139
41
3
92
115
2
15
40
0
82
93
3
156
10
0
184
173
2
112
106
2
73
48
0
63
49
0
2
169
2
182
106
3
148
190
2
186
167
1
16
185
2
11
136
0
161
137
1
174
74
3
9
96
2
72
97
2
183
192
0
3
144
3
9
7
2
84
198
1
202
41
3
136
132
1
153
50
1
111
186
2
93
31
2
24
134
3
28
118
2
2
103
1
143
45
2
102
31
2
168
66
3
17
51
1
141
137
2
189
21
2
70
107
2
126
141
3
169
125
0
34
192
1
212
29
1
101
192
2
78
204
1
155
214
1
144
208
2
53
15
0
31
198
1
64
14
1
144
2
1
142
153
0
209
183
3
26
11
1
53
158
2
149
67
1
108
58
2
189
150
2
232
95
3
137
167
0
217
218
2
185
189
2
193
150
0
183
181
0
216
80
3
129
157
3
120
223
2
63
3
3
186
1
0
179
78
0
213
243
1
92
221
0
13
42
0
221
210
3
193
125
3
107
229
1
33
74
2
81
106
3
114
102
0
102
180
3
170
184
1
106
228
2
62
86
2
55
218
2
126
125
1
191
122
1
64
156
0
143
75
1
115
95
0
179
116
3
265
212
2
152
137
2
109
75
0
169
161
2
179
23
3
199
86
0
164
213
1
207
161
3
223
223
2
81
212
0
140
263
2
95
0
2
128
242
0
157
1
3
200
250
3
126
186
3
74
62
2
160
148
0
217
115
2
159
286
3
198
107
2
175
243
3
248
163
0
217
269
0
145
10
0
94
252
0
60
223
1
169
170
2
251
204
3
4
262
2
254
254
3
102
31
2
24
196
0
220
96
2
219
150
1
287
192
1
15
50
2
234
87
0
303
155
1
239
263
0
297
26
3
94
93
3
77
61
3
146
296
2
234
168
0
181
92
0
256
312
2
278
216
1
3
288
2
185
165
0
15
212
0
68
134
2
314
275
2
104
141
3
318
10
1
86
177
3
229
65
2
315
244
3
43
49
2
286
166
3
260
13
1
316
103
0
187
36
1
91
40
1
69
16
1
185
184
1
48
204
2
69
27
1
220
87
2
157
326
2
283
85
1
123
64
0
324
18
1
233
90
0
305
277
0
6
276
1
212
157
2
36
180
2
343
180
1
122
11
2
149
172
1
347
145
2
22
176
2
223
138
2
145
260
0
77
218
1
300
319
1
236
291
0
351
185
2
231
98
0
234
193
1
202
326
0
306
40
1
141
285
0
279
259
1
151
181
2
188
77
2
105
107
2
58
17
3
16
93
1
150
349
2
173
158
3
367
268
2
338
282
0
8
300
2
157
339
0
247
83
3
169
221
2
11
171
2
28
332
3
147
77
0
70
302
1
249
4
0
348
183
0
280
169
0
10
120
1
190
354
1
348
50
0
345
56
0
178
387
1
322
6
1
13
36
2
356
346
3
46
332
3
36
308
1
387
272
3
346
122
2
204
289
1
113
258
0
94
164
1
297
141
2
253
161
0
213
332
3
46
114
3
256
304
2
340
166
3
392
210
1
234
2
0
165
323
2
395
194
2
337
56
0
282
190
0
162
88
0
299
367
2
240
179
2
273
223
0
340
407
3
380
125
1
407
219
0
179
38
2
261
315
1
193
255
0
238
367
0
90
146
1
31
360
0
176
348
0
406
417
1
23
244
1
209
390
2
399
371
1
211
290
0
344
121
3
269
22
2
291
163
0
260
300
1
246
386
3
223
71
1
57
170
2
275
39
0
100
113
3
135
79
2
122
188
3
342
128
1
409
102
1
63
254
0
11
67
2
114
19
0
61
275
1
361
370
2
135
32
0
102
275
2
33
408
2
21
214
3
380
148
3
191
432
3
296
193
0
176
274
1
24
250
3
133
37
3
175
80
3
359
22
3
441
209
3
316
31
0
201
332
1
126
441
2
261
244
0
35
16
1
380
409
0
349
119
2
330
463
1
300
214
3
83
275
2
56
293
3
60
335
3
11
354
0
4
158
0
438
164
0
96
295
1
215
359
1
79
139
0
172
100
1
251
225
1
360
37
2
130
41
0
39
102
2
416
327
0
459
478
1
135
167
3
148
72
3
175
100
0
144
298
3
250
22
0
442
251
1
213
367
3
398
107
3
213
56
0
302
421
2
434
289
2
194
407
2
390
299
2
68
323
0
196
480
3
94
121
3
74
352
0
337
182
3
424
380
1
485
169
2
113
489
1
213
196
0
75
146
0
216
327
0
58
368
2
100
376
0
159
163
0
406
110
2
24
211
2
342
298
3
319
200
1
113
100
3
305
173
1
18
110
0
426
505
0
248
414
1
268
404
2
32
426
3
200
254
0
423
345
0
328
297
2
104
289
2
388
9
3
145
20
3
1
408
3
161
308
3
518
193
3
509
66
2
144
212
2
290
39
3
186
361
2
521
428
1
329
47
1
479
390
2
175
421
0
423
78
0
311
222
1
101
429
0
334
1
1
495
330
0
414
140
2
538
489
1
395
64
0
384
204
0
480
476
0
470
521
2
498
158
2
256
435
0
411
171
2
107
9
0
466
40
1
454
141
3
450
45
1
168
110
1
414
135
1
142
221
3
552
419
0
396
145
2
331
301
0
486
394
2
313
331
0
501
79
0
270
400
1
367
375
2
25
446
1
292
386
1
89
488
3
79
519
1
426
527
3
148
446
1
377
563
3
67
221
3
245
236
1
535
254
1
317
298
0
118
433
3
212
445
0
136
148
2
406
318
0
203
422
1
297
16
0
178
549
0
303
62
1
518
352
3
73
396
3
271
174
0
138
39
1
6
486
1
98
47
0
69
226
3
579
56
2
484
251
1
401
80
1
29
536
1
206
297
3
388
182
0
154
85
1
191
455
0
116
108
0
526
595
1
224
247
3
180
555
1
338
174
2
288
310
1
296
62
1
210
591
2
359
421
1
162
308
1
518
479
3
482
27
2
258
115
3
127
31
2
216
286
0
274
37
0
98
446
2
442
451
3
199
212
3
270
389
1
607
258
2
109
246
0
353
143
2
106
503
0
21
122
1
465
262
2
1
177
1
543
69
2
243
271
3
323
438
0
581
572
1
634
183
0
40
74
3
525
201
0
623
471
2
240
333
0
104
315
3
400
32
1
291
303
2
549
628
2
124
638
3
511
618
1
10
444
1
636
352
2
158
292
0
500
598
1
271
445
3
168
262
2
408
534
3
645
625
1
571
158
2
498
502
0
644
434
0
245
631
3
345
102
2
166
25
1
385
163
2
473
171
0
434
318
3
511
16
2
400
455
3
503
465
0
355
563
2
472
153
1
480
633
3
45
570
2
552
368
0
181
486
0
485
356
1
439
268
1
518
176
3
156
52
2
358
421
3
405
488
2
614
470
2
374
419
0
26
462
2
541
221
0
325
525
2
304
89
1
128
543
1
56
114
0
606
404
2
128
39
1
146
262
3
483
661
1
434
359
0
93
626
0
677
550
1
414
63
1
118
42
3
462
268
3
677
542
1
65
168
0
141
48
3
604
81
3
516
390
0
438
631
3
118
159
3
658
325
2
25
363
2
590
137
3
242
63
2
30
563
2
61
651
1
637
261
3
247
38
0
385
199
3
207
199
0
451
440
2
135
31
1
662
7
1
290
283
3
589
207
1
127
616
2
362
480
2
524
362
3
383
587
0
180
491
1
315
284
3
420
620
2
59
142
2
301
188
1
408
697
236
76
207
37
430
557
161
443
526
222
374
422
246
318
194
642
481
549
