3
33
26
0
20
2
0
12
7
1
12
84
0
115
27
1
65
96
2
120
7
2
82
81
3
66
102
2
106
15
2
73
64
0
51
96
2
8
65
3
46
95
2
66
82
3
97
44
1
16
128
0
128
108
0
38
61
0
54
108
2
20
9
1
8
120
0
52
143
2
90
101
3
142
122
3
54
102
3
16
148
3
14
70
1
98
10
0
82
131
2
38
132
3
33
113
1
78
136
1
83
10
2
30
78
3
94
43
1
74
81
1
123
102
3
28
71
3
50
156
3
85
84
2
46
155
2
161
47
3
36
156
1
159
57
0
65
21
2
23
163
1
93
11
3
62
105
2
110
77
0
7
149
3
5
37
1
58
127
3
115
7
2
28
115
0
92
172
3
150
158
0
80
138
1
37
11
1
138
149
2
95
187
1
135
39
3
59
137
1
9
89
3
83
60
3
32
97
0
50
158
2
34
109
0
119
55
1
31
33
0
87
158
3
70
53
3
2
144
0
70
137
2
49
172
0
68
98
3
103
45
1
58
97
2
122
6
2
57
162
2
93
136
2
84
127
3
113
132
1
15
21
2
86
120
1
107
205
3
84
135
3
208
183
0
27
148
2
117
214
0
32
78
2
145
39
2
99
32
1
0
117
3
208
37
3
138
46
1
24
137
3
41
32
0
19
105
1
130
20
3
125
212
2
206
156
0
34
68
0
36
7
1
79
85
1
86
210
2
231
158
2
84
170
2
185
211
2
110
18
1
217
115
2
110
188
3
54
213
3
32
21
2
92
241
3
109
126
3
53
59
2
244
60
2
177
65
1
91
91
1
97
152
2
16
212
1
163
115
2
66
100
2
52
63
2
28
209
3
192
60
2
254
137
2
53
207
3
194
47
2
217
99
0
181
75
0
21
229
3
19
61
1
221
179
1
248
128
1
95
246
3
241
158
2
46
241
2
84
167
1
88
90
0
188
61
1
113
125
2
239
119
3
234
205
3
60
70
1
53
198
0
111
39
3
17
161
2
58
150
2
214
39
1
74
223
2
142
30
1
214
269
2
3
250
2
189
186
2
87
51
1
62
227
1
18
279
1
153
188
0
177
186
3
239
139
0
286
270
3
284
135
0
249
187
1
87
155
3
257
41
0
197
223
2
273
261
2
151
181
3
33
153
2
180
140
1
170
110
2
118
253
1
299
268
2
143
155
2
246
255
1
17
131
2
117
237
3
77
281
1
201
199
2
216
96
3
225
21
1
28
66
1
213
206
1
58
149
0
16
251
1
228
70
0
182
186
0
26
120
0
132
266
0
91
181
2
11
287
0
319
94
1
282
27
1
80
250
1
174
291
2
4
156
1
302
86
0
292
134
0
93
20
2
314
176
0
221
300
1
146
190
3
271
253
1
103
199
3
245
14
2
85
272
1
229
181
3
315
269
3
189
297
2
128
39
0
168
103
1
119
132
1
299
31
3
86
207
3
271
198
0
162
335
3
214
163
0
107
315
0
72
92
2
146
148
0
107
294
0
220
68
2
227
163
2
182
66
3
88
199
3
195
283
1
332
177
1
264
191
2
163
123
1
330
29
3
23
251
3
124
259
1
91
25
3
82
222
1
285
164
0
347
302
2
206
53
3
172
249
3
307
140
1
0
26
1
209
253
3
27
135
1
91
190
1
117
370
3
73
171
3
257
153
3
159
339
3
68
112
2
215
199
0
18
126
3
22
248
0
220
211
2
356
110
0
298
100
1
31
259
0
195
187
3
205
204
1
0
61
3
368
319
2
301
234
1
271
378
3
93
121
1
47
31
1
226
179
3
228
240
1
132
195
0
119
160
3
90
58
1
328
154
3
25
2
0
168
204
1
84
205
3
86
368
1
60
100
3
96
162
1
198
343
0
55
3
1
35
175
3
182
206
0
351
401
0
72
116
3
132
150
1
283
175
0
107
37
0
195
179
1
155
207
2
278
145
3
27
332
1
148
154
2
370
280
2
302
248
1
111
260
0
131
4
0
5
332
1
151
326
2
357
12
2
92
229
3
353
276
0
404
138
1
385
268
0
196
299
2
144
65
1
94
352
2
209
80
0
371
350
1
98
81
0
302
14
2
310
292
0
178
12
0
63
100
0
12
48
2
247
248
1
408
156
3
5
311
0
281
238
0
327
312
2
49
423
3
141
344
3
207
212
0
316
381
1
445
150
2
127
84
2
1
417
3
272
235
2
117
267
3
287
48
0
104
26
2
36
373
3
384
425
2
432
377
2
138
315
0
181
154
3
358
164
2
68
66
2
147
5
1
239
98
1
428
19
3
155
2
1
195
313
3
136
187
2
75
38
2
331
194
0
329
257
0
291
399
2
232
307
2
148
213
0
451
240
1
379
230
0
476
342
3
469
177
1
166
188
0
220
457
2
57
137
0
451
84
0
248
232
2
95
401
3
197
181
1
214
201
3
263
402
3
187
97
3
231
289
0
468
466
3
191
205
2
370
267
1
258
266
2
74
439
2
86
202
1
121
223
1
166
371
2
269
188
1
464
317
0
176
86
0
3
36
1
409
372
2
177
83
3
103
299
2
164
289
0
15
336
3
21
463
1
384
316
0
177
390
3
85
478
0
165
26
3
236
505
1
319
173
1
158
316
0
353
264
3
141
38
2
370
65
2
130
293
2
309
327
0
206
279
3
288
195
0
408
363
0
423
121
0
496
353
2
136
75
0
275
491
3
247
371
3
105
84
0
248
42
3
49
216
1
186
206
2
24
339
1
200
206
1
323
305
1
377
142
0
256
77
1
512
268
0
141
290
2
87
44
1
245
111
0
7
368
3
144
64
2
491
236
0
390
18
1
32
509
0
294
345
0
530
71
2
382
328
3
90
234
1
310
360
1
307
268
3
272
503
1
85
240
2
344
155
1
25
502
1
407
507
2
212
144
2
486
184
2
171
174
3
6
177
1
137
162
1
385
92
3
472
191
2
337
38
1
236
273
1
559
40
0
465
290
0
22
14
0
452
339
2
319
214
2
209
363
2
418
257
1
386
487
0
34
223
0
293
333
1
330
470
1
445
93
1
397
449
3
389
193
3
123
358
0
360
396
3
119
266
3
483
186
0
448
549
2
517
261
3
335
68
2
377
532
2
360
516
3
154
149
2
159
100
0
435
37
3
403
555
0
86
41
2
45
246
3
225
189
2
277
487
3
441
70
3
320
154
2
82
345
0
395
513
0
125
505
1
449
103
0
247
194
1
300
327
3
370
273
0
35
54
2
405
201
0
67
134
1
371
210
1
429
0
3
269
534
3
298
499
2
522
369
3
466
233
2
5
483
3
171
528
2
327
161
0
333
311
3
596
320
1
33
197
3
462
466
1
547
455
2
122
411
0
492
447
2
362
58
2
155
432
2
123
465
2
369
152
3
438
554
3
72
432
2
167
139
1
62
130
1
574
92
3
500
53
3
374
211
1
65
395
0
570
280
2
41
487
1
111
625
2
145
450
3
429
620
2
511
165
3
207
395
1
189
313
0
620
317
0
321
102
1
562
143
1
423
317
0
213
606
1
225
596
0
508
253
0
158
407
3
19
27
1
425
10
3
134
528
2
478
256
1
554
111
1
78
657
1
539
324
2
2
34
1
168
552
0
256
196
2
68
91
0
47
571
2
206
610
0
72
392
1
222
38
0
362
258
1
645
443
0
320
175
2
27
510
1
335
405
1
659
171
2
443
427
3
387
529
2
13
9
0
529
257
0
467
433
1
587
593
1
162
452
3
602
288
2
513
674
2
103
24
3
94
253
2
323
45
1
530
492
2
145
211
3
212
458
3
664
369
2
611
494
3
198
659
1
389
246
3
632
596
0
376
150
3
292
298
3
596
357
3
483
63
2
377
24
1
560
102
1
147
379
0
406
645
3
618
464
0
62
134
3
633
493
3
521
584
0
599
144
2
304
290
1
283
114
0
422
358
2
508
177
0
555
553
0
422
234
2
201
439
0
608
207
0
434
419
3
279
691
1
289
511
1
78
97
1
34
51
1
214
262
3
56
608
0
44
252
3
688
632
1
263
232
3
216
512
2
511
546
334
388
419
