0
21
122
2
69
62
1
110
91
0
46
78
0
53
34
1
62
81
1
45
11
2
35
72
1
4
47
3
2
36
0
86
77
1
76
113
1
50
29
0
129
109
2
56
7
3
72
12
3
28
84
3
80
44
3
23
118
2
89
123
1
73
22
1
90
98
0
101
144
0
50
90
2
90
136
0
75
151
0
44
102
3
44
57
1
68
120
1
5
106
0
10
150
3
15
151
3
11
39
2
30
74
2
120
76
3
28
26
1
68
123
0
2
94
2
60
147
1
73
56
2
38
94
2
114
123
0
49
123
0
159
81
3
124
77
3
14
28
0
21
30
0
132
159
0
164
32
1
158
88
3
87
121
3
170
28
0
30
147
2
137
5
1
15
57
0
63
145
3
29
160
3
79
96
0
108
12
3
120
162
0
129
106
1
24
1
0
186
83
2
29
85
0
101
184
3
61
142
3
105
69
0
28
33
0
29
39
2
132
157
2
27
40
1
158
150
1
107
146
3
57
123
3
195
125
1
79
55
2
144
100
3
188
53
3
6
14
1
36
25
0
68
79
1
128
111
1
75
17
0
122
174
1
86
209
1
163
85
1
143
32
3
196
126
3
116
199
2
77
164
0
211
127
3
152
209
0
116
25
0
160
171
3
128
121
0
157
61
2
26
222
1
143
109
0
174
113
2
35
50
3
75
78
2
209
8
2
45
30
0
42
24
0
160
226
0
21
4
1
19
16
3
205
166
0
7
162
2
7
164
2
137
101
2
63
237
2
226
82
1
218
87
1
233
15
1
109
209
2
215
152
1
131
44
2
182
91
1
212
37
1
93
83
3
180
150
0
46
142
2
137
54
1
26
189
0
128
18
0
130
75
3
140
21
0
3
93
3
68
124
3
182
25
0
228
44
0
166
38
1
244
89
0
227
33
3
25
172
1
212
25
1
188
162
3
12
105
0
3
203
2
170
154
3
214
208
1
53
58
1
121
141
2
120
121
0
143
151
0
227
62
1
66
136
0
220
256
2
92
17
2
72
229
2
137
127
3
10
254
2
34
85
0
7
203
0
266
157
2
243
154
0
85
181
2
206
257
2
255
58
2
75
103
0
32
27
1
89
8
2
81
78
3
8
160
2
120
69
3
96
209
3
31
45
3
186
77
3
153
191
3
33
12
0
280
52
0
175
299
2
285
109
3
46
184
3
183
157
0
176
65
2
203
104
2
137
201
2
187
67
3
22
14
3
266
61
2
101
80
1
75
169
0
143
148
2
30
66
1
158
283
3
2
86
0
86
63
2
158
187
1
295
39
1
187
121
1
316
254
0
292
219
0
292
171
1
41
1
0
81
276
3
113
265
1
99
198
1
155
301
0
253
284
3
26
8
2
149
317
1
67
142
0
72
116
1
55
24
3
182
312
2
20
100
2
260
275
2
117
165
2
9
45
1
276
119
2
297
16
0
50
325
0
128
271
3
71
11
0
195
247
0
101
104
3
26
128
1
185
147
0
318
61
0
104
211
2
105
136
1
329
159
3
332
265
0
317
194
2
103
346
1
107
108
0
46
166
2
98
147
2
241
287
3
19
132
0
163
269
3
144
222
0
345
87
0
358
349
2
171
124
1
269
323
3
281
62
1
3
29
0
348
46
3
42
362
3
24
265
1
74
175
2
322
282
0
162
61
2
306
195
1
201
169
2
67
113
1
332
343
0
234
104
1
3
222
3
95
343
3
203
2
3
268
54
2
260
257
2
367
33
2
216
123
3
160
27
0
204
275
0
319
89
2
362
300
1
189
233
3
100
253
3
196
360
3
85
371
3
201
290
3
338
211
0
213
380
1
390
336
1
86
341
1
175
160
3
144
397
0
122
274
2
264
195
1
195
197
3
376
252
2
253
388
3
108
233
2
95
11
2
223
112
2
220
174
1
25
81
2
166
383
2
139
321
3
9
125
1
393
179
3
123
274
0
322
73
0
215
247
0
288
294
2
35
19
1
410
274
0
114
419
3
52
132
1
28
367
0
231
382
1
72
142
1
130
132
2
373
194
1
216
155
2
260
142
3
380
62
0
349
62
3
153
332
1
101
259
0
352
291
2
365
38
0
77
170
0
212
203
3
66
72
1
75
410
0
67
415
1
123
321
3
69
324
0
259
224
2
322
138
2
365
346
0
90
164
0
77
389
1
305
113
3
121
389
2
292
211
3
94
288
1
353
295
1
426
131
2
175
326
3
83
13
3
117
343
1
248
107
2
210
189
1
240
269
1
92
279
1
117
385
1
127
28
0
264
132
1
361
4
0
404
307
3
420
266
2
27
6
1
463
47
1
351
183
1
371
60
1
102
111
1
2
169
2
33
341
1
395
136
2
24
385
1
384
57
1
81
180
2
186
83
0
365
10
2
457
298
0
316
354
2
189
402
3
151
395
2
449
423
2
57
10
3
93
50
2
417
76
2
321
62
3
277
162
3
323
110
2
21
37
2
306
68
0
438
212
0
426
396
3
436
58
1
420
176
1
443
55
3
378
189
2
36
52
1
227
353
0
499
115
3
99
128
2
58
98
0
232
46
1
47
495
3
146
322
3
62
363
1
327
419
1
126
439
2
190
56
1
327
262
3
9
443
1
258
350
0
40
321
1
64
176
3
244
345
0
164
433
2
32
170
2
236
492
2
59
286
2
250
220
2
309
323
0
30
207
0
346
450
3
444
477
1
315
470
0
483
160
1
350
89
0
143
229
3
237
245
2
208
20
2
435
416
3
93
75
2
371
407
1
459
279
1
15
489
0
19
508
1
111
200
3
451
36
0
257
196
0
283
501
2
509
529
2
523
397
3
319
373
0
211
470
2
136
473
3
526
134
2
332
122
1
335
446
1
320
39
2
141
64
2
247
247
2
104
377
1
24
381
3
548
543
2
508
520
0
421
517
0
222
290
3
131
256
2
466
370
2
527
456
3
104
86
1
109
111
1
169
300
0
421
115
3
312
455
3
527
68
2
364
558
1
25
225
2
355
393
2
318
484
3
478
31
3
533
239
3
127
477
3
67
255
0
300
2
2
123
205
3
14
382
3
151
344
3
365
493
1
191
106
2
376
245
2
108
552
3
77
289
3
127
211
2
488
123
0
166
254
2
241
249
2
253
342
3
525
283
3
121
199
3
306
58
0
219
108
0
60
313
3
583
56
2
11
371
2
338
82
0
200
288
0
125
508
2
105
44
0
283
586
3
91
369
2
461
209
2
19
592
1
566
138
0
153
45
1
251
183
0
103
587
2
536
25
0
198
488
1
196
365
1
203
269
0
521
90
2
17
43
1
423
176
0
407
554
3
277
282
0
381
357
3
312
236
3
273
103
0
559
469
1
210
221
0
501
1
1
473
236
2
252
72
3
394
451
1
437
607
1
573
148
3
125
338
3
540
53
1
613
466
1
208
612
1
275
627
1
333
217
0
80
162
1
460
71
1
6
291
3
201
521
2
210
537
1
591
134
2
251
252
0
298
559
1
38
1
1
23
69
3
162
175
0
68
474
2
235
144
1
70
65
2
597
81
1
401
385
2
420
399
3
51
258
0
591
500
3
483
546
3
310
211
3
326
308
2
286
210
0
278
391
0
624
639
2
213
288
0
342
404
2
134
162
2
649
23
1
314
425
0
151
571
2
444
280
0
654
36
3
437
289
3
420
468
0
216
393
2
229
144
1
139
293
1
219
445
3
528
548
0
329
200
1
630
661
0
418
575
0
447
72
0
202
104
2
368
607
1
387
382
3
266
221
1
516
409
0
571
219
1
376
333
0
122
629
2
90
32
1
247
269
1
389
538
3
188
687
2
483
39
2
193
519
2
177
44
1
647
514
1
440
384
0
337
428
3
472
127
0
167
160
3
169
634
3
193
641
2
443
408
2
273
90
2
80
28
0
529
381
3
572
24
0
323
529
1
350
412
3
623
328
0
655
240
0
161
370
1
519
220
0
224
299
2
476
138
3
586
248
0
104
392
1
33
422
3
503
183
0
574
299
1
192
183
0
668
237
2
317
304
2
482
518
2
125
83
2
329
712
1
562
262
1
15
410
2
521
608
575
185
65
270
431
198
288
