0
101
65
1
99
57
0
32
113
0
10
121
0
30
31
0
39
17
0
33
8
0
35
14
3
66
28
2
3
103
3
16
66
3
112
1
2
124
70
2
14
41
2
87
57
2
92
62
1
22
16
0
32
73
1
73
7
0
27
53
0
102
52
3
125
65
2
105
75
0
84
18
1
83
59
3
142
69
0
125
71
0
89
4
0
133
62
1
136
94
3
3
84
0
34
150
2
34
96
2
72
28
1
151
29
1
147
82
1
91
133
0
69
143
3
155
132
3
7
36
3
72
41
1
142
166
0
169
83
1
53
119
1
26
120
2
2
63
2
3
10
2
130
9
3
163
121
1
44
74
2
152
22
1
74
72
1
136
160
3
60
164
3
26
130
3
113
91
3
87
95
0
158
100
1
174
19
2
19
147
1
119
113
2
17
112
0
147
153
2
173
117
3
121
3
1
174
80
2
171
13
3
60
184
0
128
57
0
51
161
3
159
82
3
3
43
1
30
167
2
27
15
0
20
27
3
47
165
3
138
48
0
187
136
0
88
101
1
166
182
0
113
97
2
52
106
3
49
202
2
132
60
1
29
12
0
108
171
3
20
173
0
87
25
0
166
212
3
37
67
3
172
121
1
27
122
2
177
186
1
108
165
1
148
183
0
123
133
1
97
6
3
99
5
2
20
143
1
193
205
3
165
130
3
207
80
1
204
9
1
141
221
0
119
49
1
9
193
1
116
64
1
229
141
0
117
30
3
205
196
3
162
217
2
51
62
3
138
88
0
139
99
3
84
138
1
29
57
2
23
164
2
134
232
2
139
163
1
187
56
1
62
67
1
47
212
2
19
6
1
40
53
0
151
197
1
181
179
3
214
9
1
16
46
2
31
101
3
80
35
3
157
30
3
180
115
3
67
206
2
188
153
1
53
0
0
83
62
0
151
163
1
262
0
1
76
256
0
213
32
2
148
73
0
6
101
2
233
264
2
12
1
2
57
28
3
8
109
2
247
153
2
197
180
2
186
91
3
117
37
1
66
44
2
43
118
2
68
25
1
33
225
0
68
113
3
222
13
2
94
161
3
86
250
1
150
112
1
195
78
2
145
155
0
279
164
3
140
210
1
252
237
0
165
214
0
177
244
1
241
134
3
225
11
0
96
265
1
39
99
3
46
153
0
0
272
1
238
204
0
42
288
1
18
299
3
177
26
2
263
220
2
43
79
2
136
164
3
45
132
0
255
143
1
3
12
0
226
294
3
32
249
1
1
183
1
121
128
3
267
115
2
72
173
1
167
238
2
217
295
0
98
251
3
172
76
2
184
301
0
116
106
1
295
169
1
171
188
2
158
119
3
43
177
0
230
239
3
117
45
3
320
184
0
287
65
0
96
326
0
127
18
1
201
321
0
9
69
2
88
246
3
154
221
2
38
146
2
223
11
0
246
0
1
170
159
0
154
143
2
137
294
2
12
31
0
110
268
2
228
110
3
320
296
3
77
124
0
160
105
1
177
338
2
6
133
2
171
145
1
146
295
3
212
189
0
303
332
0
248
273
3
334
59
0
237
48
3
209
66
3
179
62
1
11
302
3
157
175
3
332
229
2
52
78
1
71
287
3
118
297
2
159
130
2
300
294
0
314
101
2
178
70
1
297
8
3
148
136
0
206
186
0
48
180
0
81
81
1
133
57
0
246
157
3
282
70
3
193
10
1
204
195
3
21
268
3
248
360
3
187
333
0
371
331
0
222
376
1
309
169
0
333
70
1
153
132
1
355
157
3
49
2
2
56
342
0
340
213
2
59
104
0
80
208
0
321
375
0
121
76
2
197
128
2
384
266
2
106
162
1
236
182
0
286
60
3
61
98
1
108
62
1
124
47
0
264
300
3
343
1
1
243
117
3
165
186
0
266
337
1
357
215
2
287
323
0
277
254
2
67
348
1
186
31
1
191
362
1
236
407
2
398
291
1
277
392
1
238
198
2
118
376
2
235
337
2
143
376
0
381
335
2
277
275
1
131
400
2
163
56
2
237
345
3
168
364
2
82
403
2
75
222
3
358
162
0
28
38
2
235
199
0
376
390
3
386
308
3
27
150
1
358
245
2
337
237
1
65
363
0
188
195
3
342
184
3
382
34
2
403
116
1
79
64
3
134
165
2
175
89
0
8
142
0
380
50
2
344
270
2
437
411
1
201
277
3
272
133
2
34
275
0
110
134
3
345
102
1
409
54
3
192
335
2
102
231
2
50
105
0
141
159
3
456
98
2
350
153
2
246
52
3
241
436
0
308
5
2
196
148
0
273
459
1
231
418
3
238
323
2
72
432
3
346
75
2
188
386
0
182
34
2
282
384
1
452
279
1
226
66
2
280
266
2
197
14
0
335
111
1
315
261
1
384
328
0
103
66
1
115
47
3
38
472
0
260
147
0
121
307
1
313
278
1
158
174
3
118
158
0
92
159
3
72
104
3
199
76
2
31
421
1
12
445
1
219
242
0
45
390
0
488
209
3
60
110
2
71
135
0
170
489
2
379
246
1
339
183
1
107
175
2
436
55
0
355
120
1
487
261
0
78
432
2
19
347
2
54
506
3
96
150
1
308
252
0
122
395
2
267
333
2
292
109
0
485
260
3
328
486
0
438
148
1
406
138
1
297
216
0
152
297
1
219
52
2
198
69
1
59
87
3
113
330
1
29
335
0
187
82
3
353
486
0
501
270
3
317
68
0
176
324
1
23
168
2
435
98
1
182
263
0
523
25
3
167
525
2
526
288
1
476
380
3
303
484
0
165
426
0
166
8
1
391
363
0
220
282
2
296
132
0
505
431
3
528
430
1
393
105
2
439
192
3
130
194
0
294
125
2
230
327
0
364
311
1
158
231
0
183
14
0
47
146
3
174
389
1
322
352
1
465
250
3
431
113
1
254
27
3
350
437
2
346
343
2
154
77
1
129
185
1
15
280
2
368
84
1
511
139
3
363
472
1
504
532
0
366
316
2
358
236
1
9
330
3
455
206
0
310
359
0
540
527
1
487
313
1
433
28
0
22
556
0
221
213
0
172
270
2
285
420
1
31
428
1
446
140
3
556
170
0
389
325
1
275
148
2
165
560
0
243
374
0
533
52
3
422
565
1
463
43
1
459
557
3
407
266
3
175
220
2
271
233
2
448
345
0
121
307
3
433
593
0
526
497
1
572
90
0
452
255
0
490
126
3
90
100
3
132
554
0
421
551
0
411
507
3
113
495
2
180
338
2
134
541
0
97
254
0
504
586
2
176
343
1
345
1
2
122
75
3
0
297
1
570
593
3
576
320
1
421
64
1
203
406
3
137
403
1
527
264
0
547
342
1
534
168
0
350
404
3
561
316
1
462
311
2
228
511
0
303
462
3
285
571
1
624
229
3
198
275
3
165
83
1
124
605
1
180
19
3
374
425
0
586
461
0
398
406
0
584
265
0
145
368
1
552
524
2
126
541
0
187
610
2
245
172
1
535
56
2
180
266
2
71
162
3
564
97
0
388
390
2
232
28
1
151
327
1
325
340
2
291
427
0
95
293
0
503
503
3
329
103
0
57
81
3
562
627
0
238
500
3
36
431
3
544
426
0
507
103
1
621
140
1
540
247
0
269
301
3
374
528
2
437
637
2
562
267
0
130
362
0
167
468
1
378
476
0
57
360
1
355
667
3
15
465
3
669
491
3
610
208
0
179
285
2
461
393
2
357
645
2
138
621
1
514
184
2
363
339
0
113
575
3
607
450
3
594
43
1
115
305
1
618
52
0
384
25
3
283
446
3
277
479
0
402
48
1
206
16
0
533
23
2
290
7
1
106
635
3
402
472
3
123
446
3
669
570
2
190
218
2
650
87
3
644
445
0
174
523
1
433
266
1
374
447
3
91
368
3
571
208
0
178
130
3
411
137
1
518
38
1
428
247
2
213
657
0
662
11
0
276
170
2
7
362
1
79
456
2
346
103
0
559
167
0
474
98
0
685
642
3
526
290
2
528
571
2
20
115
3
181
396
1
470
340
2
62
304
0
512
291
1
381
396
3
439
169
3
658
325
1
579
224
3
440
581
437
476
238
711
150
146
346
