1
22
51
0
107
35
2
31
27
2
58
78
1
23
81
2
54
88
2
121
35
3
13
38
0
20
125
3
86
89
2
54
137
0
117
65
3
128
92
2
71
43
2
59
120
0
29
78
3
93
130
1
35
67
2
136
25
0
12
129
2
18
11
0
18
36
3
11
92
3
126
15
3
49
68
2
52
136
1
122
142
3
6
62
3
98
83
0
71
16
1
32
134
1
32
119
0
126
21
1
118
109
0
131
160
3
143
52
1
79
157
3
61
133
2
160
97
3
11
78
2
55
113
2
61
94
1
69
6
2
142
79
2
29
141
1
140
39
0
58
79
0
103
29
1
88
102
0
3
52
1
136
1
2
75
6
2
168
48
3
165
98
0
67
141
2
40
173
2
107
146
2
27
129
1
119
90
3
89
142
3
11
45
3
103
33
0
54
88
3
92
139
3
29
39
3
37
34
1
169
48
1
131
33
1
152
153
3
28
24
1
129
133
0
70
112
0
171
16
1
132
52
2
184
179
2
161
14
3
175
26
1
131
162
2
113
37
3
94
70
3
178
133
1
164
25
0
12
110
2
77
92
0
189
141
3
108
64
0
65
122
3
29
172
2
142
55
0
79
50
1
76
36
0
98
150
3
60
194
3
192
114
1
135
167
3
34
25
2
18
9
1
45
179
2
111
215
2
142
142
1
65
166
3
39
151
3
98
80
2
193
79
1
58
108
0
146
26
2
183
139
1
89
25
0
72
25
2
110
101
0
130
201
0
158
122
0
15
86
1
34
155
3
33
90
2
93
230
1
223
122
1
195
109
0
69
44
1
17
15
3
117
81
1
129
199
2
50
136
3
193
67
0
221
174
0
152
241
2
138
117
2
30
168
3
165
88
0
66
32
1
125
156
0
207
186
3
33
167
2
246
179
3
116
43
2
219
217
0
26
165
3
185
41
0
241
113
1
168
26
3
128
118
0
23
129
3
257
118
2
105
221
3
12
38
0
254
25
3
22
68
1
143
52
0
24
263
2
164
114
2
219
182
1
109
12
1
271
14
1
151
53
0
243
260
3
30
62
1
68
191
3
43
162
1
258
42
3
196
64
2
257
204
1
167
272
0
257
111
3
172
255
3
271
38
2
100
276
0
18
162
0
99
161
1
43
153
2
215
194
1
225
184
2
192
73
3
89
64
1
48
25
1
194
19
2
175
22
1
86
46
2
8
186
1
302
17
0
202
164
3
236
196
3
229
259
2
220
132
0
269
281
1
120
272
1
179
288
3
1
90
1
46
57
1
179
145
1
46
109
3
159
42
3
29
2
2
35
102
1
316
75
3
272
97
1
257
270
1
82
317
0
151
279
3
315
247
3
241
52
2
261
7
1
130
153
2
58
132
0
99
309
3
308
248
3
220
328
2
303
137
2
96
192
0
326
260
3
319
42
1
71
315
3
261
74
1
38
229
3
332
12
3
144
77
2
286
182
2
247
211
0
45
62
3
327
189
2
110
122
0
263
69
3
332
319
1
173
347
2
215
334
2
235
83
3
254
14
1
189
199
1
346
65
3
184
237
2
10
198
1
105
306
3
241
80
2
171
160
2
345
339
3
254
13
2
161
225
1
211
48
2
246
110
0
74
154
2
242
37
0
315
190
0
14
260
0
294
192
1
128
42
0
36
256
0
109
271
1
100
291
3
112
254
2
36
153
3
26
284
1
10
131
2
8
72
2
8
23
0
42
124
3
22
379
1
50
201
3
262
382
2
16
318
0
202
331
2
280
252
1
141
261
0
100
252
0
289
354
2
31
240
1
189
75
2
324
125
0
117
330
3
104
340
2
21
386
2
231
132
3
397
101
2
356
320
3
124
88
1
202
357
2
239
113
2
312
169
3
25
105
3
196
229
3
242
109
1
103
221
1
401
18
0
225
342
1
403
99
1
28
103
0
193
68
1
263
10
2
303
212
1
190
115
2
66
166
3
327
136
1
34
304
1
280
170
3
95
197
0
420
116
2
178
315
3
133
397
1
213
15
0
376
254
3
313
199
3
342
425
1
223
41
2
122
169
3
206
203
1
44
172
2
428
403
0
187
334
0
377
336
1
83
222
1
400
269
3
356
209
1
253
391
1
387
250
2
175
52
2
269
329
2
284
5
0
230
161
3
35
143
2
104
149
0
212
391
0
276
358
3
363
69
3
151
303
3
75
382
1
158
56
2
327
350
1
220
343
2
340
438
0
438
246
0
421
2
2
80
49
1
164
248
2
443
209
3
444
137
0
449
46
0
82
372
3
53
353
2
229
154
0
159
86
2
155
55
2
344
66
1
82
401
1
105
263
2
318
64
0
288
59
2
14
279
0
165
8
2
275
106
2
337
95
1
405
406
1
432
91
3
269
318
0
78
455
1
25
41
3
197
469
0
478
27
1
469
246
1
95
163
0
245
56
3
75
446
2
70
222
1
206
186
3
293
468
0
57
376
3
163
284
2
422
31
0
75
278
0
435
357
3
134
101
0
222
309
3
121
337
2
465
233
2
251
138
3
16
165
1
216
335
2
328
378
1
2
489
3
459
371
3
455
211
3
373
152
2
141
455
3
488
311
1
426
181
1
437
308
2
301
435
1
399
156
1
483
456
3
453
384
1
98
182
2
465
495
1
271
169
2
427
98
0
205
66
2
469
151
0
280
11
3
97
312
1
397
128
1
312
202
3
290
194
2
107
239
1
235
88
2
53
182
2
358
505
3
232
209
1
244
392
3
357
397
1
412
93
0
306
173
1
476
380
2
199
441
3
189
231
2
110
519
0
287
377
0
345
212
3
11
104
2
485
130
0
501
428
0
508
436
2
349
510
2
52
310
3
64
122
2
349
397
2
410
210
2
355
208
2
433
470
2
551
515
1
353
513
0
543
535
1
416
364
1
221
24
2
242
375
2
448
394
1
147
386
2
219
213
3
152
436
2
300
313
0
456
281
1
392
506
2
401
297
1
40
349
0
440
84
3
4
102
0
66
264
1
420
406
0
65
104
1
571
106
1
62
48
3
327
153
1
477
82
0
523
150
0
138
259
2
261
417
3
146
78
2
477
278
1
15
294
2
575
380
0
460
90
0
1
82
0
172
251
0
241
293
0
296
187
0
492
263
1
225
301
3
584
267
1
303
288
3
211
541
1
273
152
2
16
313
0
504
109
1
64
42
1
4
335
3
302
197
0
213
21
1
540
446
3
566
296
0
101
194
0
4
213
0
585
300
0
42
389
3
146
588
1
379
295
1
75
171
0
298
548
2
59
367
2
568
23
1
82
308
0
504
388
3
451
157
0
21
108
2
155
498
3
175
228
0
431
254
0
569
115
0
425
351
2
250
243
1
412
472
3
152
380
3
511
181
3
321
341
2
276
218
0
73
382
0
436
499
3
535
335
3
594
315
2
286
402
0
594
120
2
477
506
2
561
19
2
84
633
3
352
553
3
144
38
0
15
288
2
261
495
1
66
559
3
362
547
3
200
133
1
128
512
2
442
278
2
356
226
1
17
191
2
455
195
2
229
384
2
252
416
0
420
195
1
36
579
1
644
615
3
63
44
2
231
311
1
117
113
1
591
544
1
256
105
1
353
55
2
650
220
3
448
300
3
595
23
0
598
218
1
463
627
3
173
368
2
23
179
1
634
447
0
518
131
0
478
179
0
135
361
1
144
499
2
305
556
0
501
344
1
0
408
3
442
149
1
300
183
0
166
72
2
544
521
3
618
673
3
598
488
0
613
174
3
580
142
0
615
0
0
339
671
2
538
324
0
501
167
2
242
635
3
174
599
1
257
293
1
197
432
1
143
373
2
13
237
3
572
311
0
389
402
0
418
148
1
118
686
2
499
269
1
235
281
0
610
539
1
220
635
3
299
282
1
310
700
0
226
126
0
173
530
2
510
624
1
435
143
0
649
4
1
512
692
3
662
594
3
114
689
1
635
351
1
678
190
1
190
326
0
687
553
0
378
604
0
34
238
0
378
591
3
44
19
3
162
121
3
275
67
1
624
209
0
12
642
2
470
395
2
450
149
1
468
57
1
413
410
3
559
723
3
115
530
584
392
34
585
241
142
43
