0
102
107
1
88
17
2
128
29
0
7
47
0
62
26
1
84
36
2
82
27
1
18
2
3
4
51
2
4
51
0
107
78
3
24
93
0
104
83
2
128
78
2
19
64
2
38
50
3
96
63
0
5
131
0
98
135
0
61
81
1
114
11
2
43
66
0
41
29
2
131
74
2
81
150
3
51
31
0
7
68
1
116
69
0
111
51
3
49
93
0
124
1
3
109
157
2
129
28
0
85
59
0
33
104
1
83
2
1
48
76
2
52
163
0
117
71
0
94
89
3
119
103
1
119
118
0
13
119
0
141
18
1
92
113
0
69
144
2
65
173
2
166
169
0
119
30
1
88
24
3
113
14
1
163
18
2
101
32
0
24
31
2
144
110
1
103
170
0
26
11
2
42
183
1
177
29
0
170
85
3
146
94
3
26
160
0
185
60
2
1
2
2
119
83
0
52
0
0
84
50
0
26
191
1
154
48
2
83
59
0
175
135
2
145
0
3
149
64
0
76
137
2
165
129
1
127
27
2
85
121
0
97
185
2
118
192
2
118
94
2
106
72
2
133
67
3
169
100
0
201
97
2
24
126
2
16
64
3
199
79
3
34
49
0
175
157
0
144
197
1
105
36
2
104
64
1
187
193
0
187
157
3
76
1
0
166
132
0
7
101
1
19
21
1
93
66
3
138
27
2
48
8
1
52
209
3
200
121
2
169
99
3
12
145
3
172
101
2
63
69
0
78
81
2
122
129
3
197
36
1
153
53
1
165
41
1
235
220
1
234
113
0
199
116
3
186
51
0
198
232
2
223
182
0
66
91
3
168
36
3
17
238
0
5
69
1
118
234
1
108
246
0
216
38
2
210
159
2
91
112
1
247
124
0
8
99
0
196
256
2
27
106
1
147
5
2
114
204
2
107
118
2
86
16
2
4
83
3
131
34
3
135
41
2
230
102
2
180
225
0
242
31
0
148
57
3
51
119
1
154
176
2
29
166
1
178
240
3
82
196
2
206
182
2
222
275
2
244
42
1
194
264
0
262
94
1
75
151
2
258
10
1
167
195
3
26
254
0
32
252
1
58
240
2
201
38
1
187
58
2
77
217
2
79
45
2
143
239
2
162
142
0
164
158
1
68
126
1
92
157
3
12
0
3
248
127
0
11
210
1
6
218
1
44
156
3
110
45
3
235
282
2
112
80
0
163
78
3
273
230
0
147
234
3
100
258
0
127
221
1
306
174
0
198
55
3
212
156
2
175
79
3
117
124
2
27
73
3
286
277
2
138
108
2
309
149
3
183
114
2
69
108
0
222
240
1
35
52
3
280
138
0
146
106
1
200
51
2
317
243
1
125
58
3
58
26
2
203
131
1
186
283
1
113
213
1
328
76
3
143
309
3
113
244
0
323
132
3
183
250
0
297
307
1
257
124
0
214
271
2
193
316
2
294
170
0
100
103
0
198
278
3
117
324
1
311
5
1
290
238
0
0
302
3
296
345
0
270
279
0
195
29
0
217
72
2
22
233
3
63
305
2
86
13
0
287
24
1
17
305
3
34
164
3
326
328
2
271
308
1
353
57
2
186
313
0
308
180
1
259
204
3
71
68
2
187
249
1
151
67
2
86
362
2
128
322
0
6
6
2
128
45
2
23
179
0
336
153
0
15
170
0
179
118
3
143
150
2
221
219
0
245
240
3
71
263
0
107
9
3
330
329
2
211
18
2
211
255
2
83
16
1
133
279
1
302
162
1
123
155
1
40
296
2
366
254
3
26
264
0
23
298
1
110
177
2
334
94
1
107
309
2
39
240
2
251
200
0
380
86
2
125
20
3
149
300
0
350
135
3
114
170
2
310
274
2
53
341
2
378
281
0
384
300
1
82
250
3
265
89
1
357
211
1
3
232
3
71
382
2
273
179
0
3
12
0
258
205
1
16
137
3
233
291
1
2
264
2
163
239
2
147
227
2
401
262
0
371
36
1
268
343
2
92
400
0
276
228
2
383
391
0
43
112
1
74
247
3
416
14
3
418
51
3
237
188
0
274
297
3
421
125
3
295
170
3
158
387
1
299
61
2
355
93
1
252
265
1
315
318
0
9
53
2
331
343
2
50
85
0
49
365
1
403
426
2
61
238
3
271
381
0
201
179
1
259
72
1
140
135
3
303
44
1
436
321
1
385
408
3
424
159
0
336
340
1
446
120
3
30
259
0
73
20
3
318
151
3
260
286
3
82
346
3
204
22
2
94
187
0
141
79
0
274
111
2
118
177
0
33
285
1
218
57
0
232
6
2
97
83
0
454
314
2
169
460
0
193
150
3
149
59
1
365
104
3
291
6
0
139
214
2
220
398
1
253
205
3
85
405
0
89
30
3
148
372
1
337
138
0
442
443
3
356
206
0
278
449
1
367
116
1
171
96
0
207
214
1
41
314
0
46
336
0
246
282
2
347
168
0
460
342
0
102
174
0
336
120
2
109
434
0
206
173
0
252
127
1
124
489
3
251
111
3
253
76
0
215
456
2
380
444
0
314
34
0
97
164
1
241
16
0
499
347
1
118
201
2
76
454
3
266
142
1
486
421
1
444
290
0
428
231
0
223
380
3
16
368
1
166
242
0
401
272
1
374
250
3
258
188
0
383
405
1
85
14
1
4
202
3
130
279
0
220
84
0
356
169
1
22
380
1
40
341
2
17
153
0
436
109
1
274
222
3
21
467
0
390
519
0
109
96
3
65
107
0
504
87
3
14
104
2
305
106
1
14
412
2
24
57
3
430
322
2
322
382
2
267
343
3
268
269
0
462
167
0
72
298
0
382
428
1
514
274
2
265
25
0
295
419
1
82
22
3
6
331
1
169
197
0
52
218
2
481
90
0
227
208
3
234
228
1
355
330
1
490
223
2
451
107
3
302
37
0
553
208
3
389
268
3
216
181
1
54
358
2
477
27
0
43
213
0
528
347
2
109
473
2
146
363
2
548
405
3
295
241
2
256
134
1
438
178
3
401
237
3
162
310
3
209
119
0
14
551
1
8
89
1
193
404
0
371
71
2
14
172
1
175
73
0
406
147
1
415
207
1
73
53
1
543
554
0
205
307
3
507
267
2
160
212
3
60
172
1
132
378
0
321
472
1
143
176
3
52
547
1
172
446
2
242
262
3
126
73
0
76
115
3
404
275
3
439
454
0
227
326
3
478
111
0
26
355
3
77
547
2
440
493
3
444
478
3
114
177
2
6
37
1
26
187
0
166
388
1
566
118
3
594
173
1
43
418
0
26
213
2
16
411
3
352
212
1
112
586
2
283
592
0
594
573
3
402
95
1
388
206
2
341
159
3
457
458
0
101
324
3
374
48
1
478
218
2
121
582
1
281
195
1
299
411
1
542
98
0
216
384
2
431
106
0
507
556
0
449
474
1
445
15
0
290
382
3
203
376
2
522
439
1
118
549
3
185
589
0
222
72
1
227
599
3
163
379
0
469
153
3
497
242
3
568
447
1
582
556
3
583
155
0
461
33
0
553
517
2
134
310
2
363
164
3
99
105
2
586
574
2
392
496
2
399
625
1
428
91
3
231
526
1
640
306
3
271
540
0
515
217
1
246
506
0
65
602
3
652
63
0
654
34
3
121
43
1
555
237
0
637
116
1
589
585
3
59
0
2
268
550
0
118
575
0
428
363
2
137
507
3
295
111
0
460
656
3
429
187
3
178
416
1
571
234
0
595
627
0
569
19
0
5
644
3
521
339
3
503
651
3
639
372
2
605
397
1
23
540
3
232
661
0
231
588
1
198
457
1
435
588
2
174
507
2
185
213
0
21
428
1
598
166
1
261
690
2
87
515
3
136
204
0
449
422
0
22
686
1
620
584
3
26
51
3
564
341
3
306
294
3
285
507
0
138
502
2
221
181
1
456
81
0
125
47
1
476
300
2
696
292
0
304
263
0
610
117
0
224
63
0
43
440
3
378
30
3
249
602
1
634
488
1
462
335
0
406
664
0
448
697
1
230
7
1
431
465
3
397
97
3
158
481
3
128
630
2
162
351
1
336
615
1
549
631
2
395
666
0
6
662
1
287
297
532
60
183
625
46
678
24
