1
124
66
0
119
13
0
67
97
3
113
41
2
110
7
3
50
57
0
37
132
0
133
28
2
5
51
3
80
63
0
56
18
3
18
82
2
22
16
0
53
59
0
79
114
3
34
124
1
62
84
3
39
78
0
2
58
2
15
78
3
114
14
3
68
127
2
148
114
3
11
52
2
0
49
3
148
11
1
36
12
2
6
129
0
64
112
0
100
31
3
32
139
1
154
146
2
1
127
2
84
24
1
103
91
2
59
47
0
144
89
3
75
46
3
29
37
1
135
26
0
9
95
0
129
104
2
87
142
0
62
38
3
69
15
3
121
45
0
148
56
0
158
47
2
28
163
1
172
120
1
157
28
2
44
28
1
120
1
0
150
110
0
156
99
0
41
77
0
136
45
1
80
0
3
99
149
0
166
118
2
31
122
1
183
122
1
132
4
2
132
105
3
34
96
1
104
189
2
38
174
1
118
113
3
187
92
0
89
47
3
120
14
2
143
102
2
96
98
3
73
41
3
168
69
0
86
199
2
70
135
1
64
38
1
5
176
2
40
147
3
194
166
0
102
136
1
23
202
0
104
210
0
105
208
1
70
161
1
42
178
0
111
135
2
23
156
0
130
47
2
127
173
0
134
147
0
198
72
2
178
119
0
82
116
3
220
18
3
128
90
0
114
155
0
61
92
0
131
78
2
59
7
2
96
72
3
218
108
0
206
226
1
15
209
1
35
84
3
22
188
2
53
73
3
179
75
3
70
219
3
152
79
2
19
29
3
35
228
2
98
2
0
109
209
3
126
52
3
73
79
2
103
126
2
8
149
1
205
62
3
34
36
2
134
11
0
114
100
3
210
143
2
171
108
1
169
127
0
132
221
0
235
76
0
10
140
3
58
228
2
116
43
0
112
243
1
75
259
3
61
114
3
253
228
3
98
119
1
66
139
3
225
221
3
118
20
1
4
7
2
141
7
2
54
86
0
50
217
3
72
58
0
119
59
3
1
209
2
16
251
2
219
35
3
89
209
3
241
117
2
112
268
2
221
115
0
39
223
2
268
44
2
198
209
3
25
66
1
269
81
2
117
218
0
6
138
1
216
252
0
175
21
0
133
198
2
84
9
1
126
186
1
17
23
1
252
278
2
26
125
3
52
116
0
148
101
3
149
7
3
104
16
3
24
278
1
138
174
3
119
171
2
261
234
2
117
106
3
259
89
3
304
72
1
6
151
1
167
11
2
295
26
2
147
129
2
294
277
2
96
118
3
157
230
2
296
3
2
195
111
0
51
2
3
97
275
2
168
231
3
279
105
3
211
103
0
103
269
2
7
301
1
130
199
3
286
103
1
48
85
2
150
244
0
229
227
3
257
47
3
130
243
3
173
152
1
119
94
3
111
102
3
145
12
2
157
32
2
136
17
2
92
45
2
256
293
1
22
204
3
186
98
1
237
30
1
10
271
3
7
79
1
85
223
3
50
106
0
53
218
1
34
155
3
302
209
1
58
299
1
215
281
3
30
131
0
177
256
1
261
168
2
258
36
2
262
52
1
123
264
0
36
238
1
212
107
1
135
114
1
136
55
0
295
73
1
293
286
3
279
142
0
1
118
1
185
144
3
239
61
0
342
87
2
97
206
2
225
257
2
338
66
3
301
56
2
219
167
1
318
245
2
273
334
3
98
111
0
221
361
2
306
275
0
299
223
2
6
328
0
54
162
0
246
352
1
20
33
3
275
120
1
210
329
1
301
66
2
49
228
3
81
42
2
283
332
1
270
246
3
5
147
2
79
69
3
212
305
2
214
343
0
84
55
1
373
210
3
310
315
3
393
240
0
346
181
0
347
284
2
307
4
2
29
256
1
269
53
2
80
126
0
117
84
1
381
138
2
307
254
2
401
154
3
10
66
3
275
348
1
39
56
0
352
91
3
260
188
3
188
211
0
235
269
0
264
182
3
249
169
2
117
272
0
411
35
2
383
307
0
200
7
3
335
266
2
110
15
3
385
69
2
195
402
0
190
173
0
196
120
2
239
22
3
263
200
1
101
329
2
317
137
1
370
379
3
32
417
2
91
328
3
388
108
2
234
229
0
266
40
2
304
135
1
27
390
2
321
399
0
276
62
2
82
408
1
160
255
1
2
167
1
26
399
2
97
191
2
406
43
0
31
424
0
40
100
2
104
370
2
423
368
3
60
361
1
242
317
2
75
256
1
368
224
3
97
211
3
339
335
3
169
387
1
114
286
0
136
379
1
421
67
1
392
171
3
384
405
0
114
353
3
361
247
2
197
346
3
312
223
1
110
313
0
165
24
1
127
365
3
292
218
0
76
447
3
147
347
1
411
309
3
281
299
3
240
470
3
457
465
3
97
62
1
238
70
0
116
419
1
170
106
0
90
48
1
44
33
0
235
41
2
287
58
2
154
344
0
207
432
1
172
421
2
293
249
3
86
379
0
203
79
2
380
70
0
259
222
0
404
89
1
285
110
3
412
45
1
164
241
1
411
436
0
461
316
3
19
464
2
321
329
2
375
243
2
387
123
3
372
68
3
229
209
1
422
255
2
435
127
1
271
221
0
251
450
2
178
160
0
288
494
2
269
470
1
223
325
1
409
9
2
82
264
1
396
302
1
421
23
2
49
455
2
12
293
1
510
472
0
516
286
1
311
470
2
135
486
0
11
372
0
477
108
1
423
203
2
111
126
0
249
366
0
66
446
1
86
197
0
387
258
2
171
255
0
251
129
3
413
101
1
416
344
2
143
255
1
162
285
3
33
257
2
486
24
2
56
367
3
530
454
1
253
117
1
52
88
1
410
55
1
60
17
1
360
123
0
521
503
2
159
51
2
275
5
0
253
202
2
496
454
2
134
449
3
15
114
0
368
405
1
502
435
1
477
492
0
409
1
1
513
485
0
417
535
0
21
149
1
357
532
1
412
546
3
502
166
2
63
225
2
0
206
1
140
20
0
71
558
0
37
37
1
502
291
1
56
440
2
58
149
2
175
38
3
362
281
1
226
88
0
87
20
3
381
300
2
445
124
3
561
191
3
237
13
0
258
214
1
353
468
1
449
523
3
404
30
1
143
75
3
398
13
3
73
10
1
52
334
2
163
289
1
271
569
1
171
14
1
110
252
1
382
171
2
65
558
0
155
183
3
185
274
2
160
66
1
562
27
0
316
266
0
461
259
0
569
545
0
375
341
0
177
154
1
461
131
2
37
145
2
566
601
1
197
351
1
281
435
1
72
213
3
539
150
3
433
273
2
574
404
3
382
307
1
351
490
0
444
80
3
536
305
1
580
245
3
513
302
3
463
130
2
483
266
0
304
3
2
17
94
3
398
557
0
130
558
2
171
335
1
16
418
2
1
149
2
618
132
0
326
56
3
342
357
3
328
501
2
253
410
1
345
341
1
620
270
2
451
188
2
103
347
2
134
631
1
91
197
2
591
304
3
136
43
0
359
21
3
443
514
3
110
257
0
75
134
0
269
542
2
445
509
0
82
598
1
553
540
1
51
303
1
262
506
0
305
226
3
258
108
2
53
365
2
237
323
2
130
74
1
58
509
3
385
250
0
525
567
3
527
210
0
646
31
3
545
423
2
651
418
1
387
475
0
273
398
2
364
205
1
481
176
0
312
457
3
604
51
2
561
526
0
177
124
1
187
284
2
607
195
1
237
389
2
328
234
1
277
326
2
510
425
2
91
336
1
258
431
1
27
33
2
205
136
3
413
189
0
498
172
2
37
183
0
462
24
1
146
581
1
587
135
0
580
542
2
427
65
2
300
72
2
631
140
0
188
102
3
186
375
3
539
0
1
164
674
2
312
546
1
173
490
1
74
277
0
136
467
0
324
628
1
241
637
0
405
386
0
241
413
0
347
516
2
19
521
0
30
578
1
494
119
2
37
585
3
675
545
1
82
221
1
469
378
0
170
582
2
452
525
3
313
528
3
311
517
1
209
474
0
86
457
0
11
382
3
164
371
2
143
634
0
254
430
1
569
16
0
92
457
1
411
440
0
223
142
3
677
416
3
420
197
2
67
151
0
22
401
3
237
597
0
606
370
2
112
275
488
593
70
0
189
368
417
