1
54
86
2
50
94
2
78
39
1
96
24
2
106
129
0
45
40
2
62
29
2
56
59
3
21
62
1
44
90
3
97
117
1
54
72
1
74
51
2
23
91
3
119
31
0
95
49
2
72
26
1
118
95
3
59
8
0
134
44
2
118
57
2
20
38
1
120
25
1
2
147
0
59
105
0
38
103
0
93
117
0
117
128
3
31
109
2
17
129
3
21
155
2
148
46
1
19
89
0
153
32
0
154
43
3
12
3
0
12
8
1
55
66
1
12
59
2
60
57
1
119
83
1
133
98
0
136
9
1
18
152
3
14
11
1
147
131
1
168
150
1
108
13
1
89
14
2
38
8
1
29
151
1
29
132
3
165
170
3
82
59
2
57
121
1
101
136
1
38
119
2
136
25
0
52
99
0
115
22
2
123
173
0
91
53
2
132
46
3
126
126
2
48
104
0
35
140
0
188
176
0
90
150
0
171
161
3
163
113
1
0
179
0
133
44
3
42
99
1
83
51
2
32
85
0
126
60
3
83
18
1
72
62
2
33
56
1
60
10
0
161
124
1
74
114
3
49
180
1
198
195
0
8
114
3
52
31
3
80
129
3
48
125
1
45
115
2
40
129
1
50
88
1
120
163
1
63
81
3
7
133
0
128
179
3
3
38
3
77
79
1
12
59
3
215
214
1
25
9
0
13
30
2
184
32
1
141
108
2
116
39
1
48
9
3
122
198
2
56
37
2
19
121
2
77
170
3
50
98
3
110
109
0
98
11
1
15
157
0
24
219
3
163
169
0
40
114
1
128
243
2
148
146
0
171
88
0
213
32
0
161
219
2
4
73
1
128
128
1
62
68
3
52
77
0
40
96
1
208
156
3
251
228
3
104
176
3
179
126
1
28
112
3
224
135
2
118
84
2
139
252
1
212
85
0
44
102
3
162
193
2
254
170
2
12
187
0
91
84
2
196
250
3
3
92
0
241
177
3
3
228
3
100
177
2
89
229
3
6
268
1
96
32
1
184
107
2
231
74
2
126
39
2
141
245
1
55
67
2
71
74
3
154
192
2
157
87
0
63
168
1
267
173
0
78
278
2
253
29
0
104
31
3
87
75
3
139
237
0
267
160
3
130
155
0
240
248
3
65
32
1
289
276
2
116
158
3
63
218
3
288
126
0
226
158
0
63
211
3
62
78
0
122
152
1
27
130
0
267
219
2
149
39
3
98
184
3
27
145
0
41
143
2
120
118
1
206
255
1
10
185
1
19
159
0
199
189
3
87
207
2
154
163
1
288
58
1
72
259
0
129
258
3
163
16
1
302
165
1
148
2
2
20
167
1
6
289
1
303
88
2
81
261
2
86
114
3
194
95
0
166
111
0
109
158
2
87
31
3
307
74
2
75
248
0
19
73
0
59
308
2
125
270
0
140
268
2
310
189
3
282
226
0
84
129
0
199
288
1
337
205
0
249
182
2
266
316
1
52
56
3
133
53
3
318
93
2
20
6
1
61
282
3
319
239
0
299
253
0
226
136
3
215
106
0
269
5
2
87
296
0
277
330
0
12
351
2
144
142
0
313
33
0
158
176
1
333
56
1
231
108
0
89
312
0
267
197
3
299
58
0
60
333
0
207
144
3
328
26
2
318
23
0
197
159
1
16
16
1
128
88
1
307
179
1
313
272
0
369
57
0
288
143
3
247
306
2
120
203
3
237
345
2
317
248
0
98
174
3
96
315
3
164
84
1
89
42
3
137
356
2
353
51
3
290
102
3
115
82
3
297
183
0
103
186
1
10
88
0
375
355
3
99
356
2
153
248
0
281
323
3
296
196
0
28
190
2
4
61
2
390
7
0
321
219
1
40
219
0
396
31
0
292
184
0
385
1
1
205
144
1
86
147
3
103
274
2
161
108
0
397
159
0
265
49
1
74
62
0
83
336
2
345
258
0
7
186
0
150
413
0
29
61
0
287
233
2
224
123
3
36
27
2
342
283
3
199
21
2
9
98
1
224
311
1
152
124
2
59
101
1
234
296
1
200
145
1
21
152
1
8
394
0
409
127
0
243
263
3
410
381
1
182
320
0
273
217
1
35
147
3
219
341
1
125
41
0
308
304
3
322
170
1
364
57
1
149
417
0
123
195
0
17
201
0
313
135
0
278
233
3
277
245
0
243
144
0
161
189
2
424
226
3
26
29
3
415
76
2
64
157
1
273
178
2
442
415
3
75
279
3
383
336
3
229
0
2
92
228
3
175
29
2
416
266
2
269
75
0
206
116
0
202
67
1
278
213
3
19
95
3
272
211
3
342
332
0
149
214
2
327
372
1
303
304
2
372
9
2
333
459
1
393
105
3
156
117
0
258
371
1
428
81
2
214
47
3
238
307
0
387
399
1
38
387
1
387
408
1
208
185
0
19
124
1
188
278
0
459
258
1
441
215
3
326
433
3
464
346
0
283
26
1
151
110
0
13
151
3
373
100
1
213
296
0
14
460
1
385
149
1
46
238
3
394
479
1
248
265
1
370
366
3
433
156
0
480
53
3
359
336
3
447
11
1
293
309
3
45
262
2
12
6
0
243
255
3
304
267
2
441
355
1
59
500
0
32
52
0
273
499
3
310
124
0
367
285
0
312
258
0
166
84
1
388
155
2
249
359
3
281
403
1
128
301
2
276
14
3
480
117
2
5
398
2
361
76
2
69
35
1
260
484
0
216
522
0
213
494
2
500
284
0
225
325
0
20
3
2
189
370
3
190
5
1
509
165
2
134
426
2
88
155
3
168
515
0
502
392
1
410
324
3
317
304
0
138
258
0
443
265
2
44
252
0
9
12
1
365
53
0
203
370
2
286
88
1
202
535
3
524
333
3
358
203
1
301
421
3
141
409
3
197
73
3
504
117
0
473
232
2
485
247
0
37
521
1
174
552
0
206
401
1
288
16
3
427
103
1
228
76
0
387
490
0
108
553
1
339
304
0
402
429
1
373
293
1
194
445
2
464
128
0
115
114
0
185
493
0
533
541
1
417
102
3
84
108
2
335
376
3
37
486
2
373
459
1
392
541
1
66
50
2
203
201
3
261
486
1
374
284
2
9
323
2
46
88
1
46
219
1
372
334
0
133
381
0
156
534
3
328
360
1
21
531
1
556
122
0
309
464
3
258
211
0
337
186
1
203
374
1
185
351
3
321
531
0
250
202
2
556
366
0
476
295
1
435
84
0
407
583
0
491
456
1
466
541
1
221
270
3
217
381
0
428
300
0
54
308
1
335
511
3
465
293
0
7
3
2
200
203
1
387
489
0
48
523
1
14
128
3
192
454
1
388
605
1
407
247
3
386
335
1
108
98
3
543
281
0
493
330
3
563
320
0
295
489
0
250
528
2
270
371
0
549
467
0
318
389
1
65
363
1
453
332
2
453
238
0
25
409
3
548
343
1
465
189
3
98
495
2
179
364
1
48
494
1
7
112
0
269
180
3
519
457
0
166
543
3
137
450
1
46
620
1
443
101
1
463
218
0
457
579
3
0
489
0
448
446
0
458
235
0
173
74
1
42
175
1
67
90
1
302
271
1
58
346
2
121
112
0
328
79
0
176
472
1
459
113
1
38
507
1
475
650
1
629
343
0
625
109
1
403
55
3
225
561
0
359
353
3
438
73
0
273
16
2
448
430
2
149
278
1
267
544
3
173
344
1
422
573
3
524
323
1
415
416
2
619
85
1
671
178
3
351
463
2
435
391
1
655
241
1
31
665
3
361
36
0
255
562
1
662
289
2
609
358
0
397
0
1
125
587
0
260
361
0
642
376
2
2
91
3
606
298
3
436
522
0
515
674
2
645
573
0
599
125
0
431
397
3
163
242
1
636
36
1
301
329
3
198
296
1
330
495
1
114
545
1
427
416
1
142
379
2
481
181
0
421
130
2
591
588
0
368
494
0
204
391
2
14
131
2
80
306
1
665
490
1
177
606
3
588
704
2
662
631
1
168
344
2
264
32
3
583
540
3
531
76
0
321
632
1
217
50
2
151
592
1
150
339
2
462
518
3
520
254
0
283
672
3
8
495
2
698
249
3
428
194
293
134
585
226
680
196
525
