1
7
43
2
66
123
0
104
111
0
51
64
3
129
106
0
6
98
1
96
60
1
43
64
2
83
125
2
15
128
0
112
42
3
82
93
3
65
117
3
89
86
2
46
49
2
21
39
0
24
34
3
76
79
1
120
103
0
77
118
2
106
94
0
65
11
1
143
71
2
6
112
1
135
93
2
3
85
3
80
22
1
140
8
3
88
75
2
73
31
2
73
141
3
26
10
1
40
155
3
37
114
0
159
73
2
38
39
1
19
161
0
94
135
3
10
10
0
10
8
3
6
101
1
91
82
2
66
7
3
38
143
1
17
61
1
54
141
1
106
24
0
13
154
3
119
73
0
66
36
0
132
134
1
92
133
0
131
150
0
166
116
3
95
108
0
45
102
0
134
100
2
104
107
0
138
179
1
100
28
0
142
149
0
76
75
2
104
171
1
154
70
3
35
181
3
122
84
3
70
61
2
159
110
3
98
31
1
176
49
1
166
131
3
39
171
0
82
195
0
72
173
0
55
75
1
82
30
3
13
18
2
111
137
2
48
112
2
203
81
2
4
108
0
9
85
0
50
41
2
50
189
2
162
93
2
50
163
1
213
118
2
203
181
3
34
105
1
145
153
2
38
107
2
2
155
1
43
27
0
185
49
2
201
204
0
59
125
3
197
86
1
122
169
2
190
73
1
135
75
3
11
202
0
145
225
0
175
156
2
88
159
3
10
184
1
39
83
2
20
205
3
134
164
0
44
229
0
36
24
3
47
154
1
35
178
2
35
139
0
137
122
2
134
187
3
88
19
3
155
165
1
69
206
1
234
1
3
38
158
2
73
113
0
195
120
2
145
34
0
123
233
3
189
203
2
72
68
3
141
207
1
241
12
0
105
126
3
61
107
1
171
188
2
224
96
2
153
174
2
148
215
2
119
67
1
96
13
2
81
147
3
89
254
2
158
175
3
227
21
0
6
265
2
70
241
1
241
39
2
268
136
2
37
50
1
266
187
1
97
89
3
36
242
3
124
22
3
248
266
3
16
143
3
219
54
3
174
103
3
45
184
2
118
254
2
195
204
2
41
203
3
105
27
0
236
99
0
9
38
1
34
220
0
235
167
2
289
141
1
146
257
2
226
146
2
255
10
0
74
83
2
77
49
0
49
168
1
43
254
0
265
126
1
225
183
1
205
72
2
55
0
3
71
151
2
111
133
1
0
139
1
10
253
0
42
141
0
235
272
2
285
158
3
149
194
0
183
23
1
295
128
0
53
54
1
161
296
0
296
222
3
42
295
3
70
18
3
111
132
1
315
1
0
62
11
1
243
75
1
138
28
1
309
59
0
272
8
3
36
211
0
289
86
2
286
98
2
40
292
3
39
184
2
221
320
1
196
204
3
165
36
2
53
211
0
313
129
1
187
259
3
169
231
1
90
104
1
64
234
0
173
291
3
238
197
3
328
285
1
69
259
2
166
249
0
196
220
2
152
336
2
230
172
1
140
187
0
96
302
1
184
246
0
308
23
3
135
192
3
286
244
0
49
339
3
260
265
2
12
4
3
41
149
2
289
280
2
270
134
1
351
13
1
107
227
0
32
212
1
262
67
0
125
262
3
357
292
1
49
227
1
331
308
3
114
51
0
142
23
3
123
262
2
200
234
3
76
353
0
318
284
2
123
209
1
226
1
0
269
248
1
121
355
3
337
70
1
238
228
2
164
121
3
269
306
2
151
212
1
378
80
0
211
267
0
115
2
1
220
10
0
340
70
1
9
271
1
5
23
0
67
387
2
279
78
3
0
218
0
227
0
0
91
184
0
119
9
2
216
208
2
185
389
0
218
315
3
63
320
1
160
334
1
211
81
0
146
336
2
99
209
1
344
397
2
175
331
0
66
248
2
313
79
1
76
288
3
216
153
1
84
284
3
94
326
3
23
394
2
364
253
1
359
284
1
293
336
3
384
275
2
61
21
0
186
360
0
156
176
1
357
81
3
280
103
1
84
48
0
27
6
0
243
85
2
280
170
0
37
138
1
226
19
0
177
21
3
25
260
1
406
214
2
290
13
1
34
290
1
63
155
2
50
244
0
5
77
1
155
301
0
142
364
0
72
281
0
269
133
1
170
402
2
221
365
2
228
363
2
100
412
0
379
333
3
347
84
2
45
287
1
361
133
3
362
148
2
446
115
2
1
112
1
161
189
1
206
345
0
173
170
1
349
209
2
28
157
0
150
82
2
143
34
2
140
54
1
361
5
3
243
379
1
113
68
3
451
86
3
329
121
2
269
20
0
282
388
1
139
262
0
235
262
1
313
183
3
404
135
1
449
231
3
238
149
1
286
352
3
164
386
2
75
398
2
210
453
2
462
363
3
412
181
0
250
7
0
360
283
1
158
125
0
126
382
2
55
33
3
417
176
2
171
161
0
245
172
2
401
334
1
261
214
2
204
235
0
116
83
0
373
176
3
125
314
3
398
376
3
215
275
1
461
172
3
368
449
0
462
273
1
309
414
2
458
33
1
136
448
3
69
53
2
64
6
1
87
228
1
72
115
0
328
206
3
21
92
3
81
245
3
303
80
3
394
479
0
461
316
3
239
361
1
336
11
1
192
195
3
383
206
0
338
119
2
482
313
0
56
432
1
32
483
2
147
439
2
267
127
3
246
107
0
495
310
0
387
406
2
223
441
2
397
34
0
28
197
1
213
462
1
2
475
3
465
126
1
511
50
2
280
8
0
511
134
3
296
472
3
61
279
0
80
512
2
13
148
0
366
531
3
216
425
1
103
210
3
338
157
0
37
120
2
418
471
2
66
403
3
523
254
1
225
74
1
32
428
2
99
205
0
151
489
0
370
523
1
25
512
3
187
98
3
117
252
2
487
180
0
457
519
2
346
162
0
424
201
2
240
189
2
191
352
2
505
529
2
362
116
1
326
32
2
551
296
0
473
290
0
155
496
1
381
472
1
167
551
0
312
454
0
511
53
3
171
65
1
30
411
2
563
566
2
23
504
2
373
297
3
52
359
3
98
445
2
123
224
0
460
194
1
152
150
2
534
531
1
80
383
3
521
463
1
156
287
1
348
498
1
52
216
1
127
381
2
391
420
1
272
231
3
186
116
2
306
205
2
2
233
3
38
270
1
100
470
2
307
204
1
68
360
1
37
406
0
408
303
3
205
513
3
172
148
3
332
487
0
434
553
2
585
84
3
38
540
3
376
560
2
18
406
0
461
295
1
14
121
2
151
110
2
178
126
1
187
584
0
386
72
2
515
468
0
197
466
1
322
167
1
608
250
3
284
63
3
4
464
1
121
150
3
605
539
1
424
524
0
293
271
3
58
513
0
75
490
2
101
415
3
171
587
2
232
268
0
222
353
1
218
456
1
281
375
2
119
292
1
239
447
0
220
448
0
440
224
1
372
82
2
469
122
2
195
552
1
251
239
2
153
57
2
220
196
1
527
308
3
119
594
1
563
92
0
556
393
3
203
352
3
551
548
3
169
531
3
544
15
2
423
389
2
515
317
0
535
124
2
495
385
0
421
478
3
541
628
1
209
108
3
74
492
0
238
503
3
100
386
1
454
200
2
343
540
3
47
609
2
465
357
2
519
584
0
407
70
2
236
47
2
3
652
3
143
185
3
328
452
0
499
461
0
276
579
3
644
459
0
135
54
2
558
386
1
513
90
1
407
219
0
462
147
2
192
334
0
253
329
3
202
496
0
382
469
2
127
14
3
289
643
0
338
583
3
628
350
0
492
412
2
134
467
0
37
64
3
439
128
3
556
367
3
450
603
2
532
281
1
135
328
1
333
68
1
220
108
1
27
608
0
435
445
0
371
526
3
267
310
0
287
668
3
73
432
1
613
249
0
457
58
1
407
527
1
631
18
3
316
664
0
231
419
1
493
262
2
219
26
1
466
43
2
674
209
0
163
6
1
601
638
1
611
179
0
42
336
3
321
325
1
511
364
0
156
220
0
691
279
2
566
229
0
311
249
0
590
120
1
568
350
3
456
50
1
583
17
3
383
288
1
152
426
1
133
312
3
296
135
3
488
169
3
365
555
2
347
128
2
62
348
652
182
275
403
167
350
378
