3
5
8
3
120
17
1
99
64
3
105
76
3
97
27
3
54
102
1
123
32
1
11
84
0
50
36
3
73
77
3
115
67
2
92
88
2
36
98
2
82
13
2
81
49
2
59
6
3
130
52
3
125
132
1
121
28
2
139
102
1
146
3
0
131
99
3
137
133
1
97
5
0
44
71
2
151
15
1
66
96
1
127
4
3
70
79
0
128
118
2
8
150
0
73
25
1
82
16
1
158
152
2
136
114
2
104
83
1
75
43
0
63
98
3
47
122
1
162
76
0
164
9
2
148
138
1
110
161
2
131
128
0
96
71
0
127
89
2
129
104
2
152
172
1
66
38
3
155
35
2
148
16
3
102
92
2
89
27
0
145
109
1
105
45
2
28
158
0
81
56
2
114
166
2
4
118
0
103
173
1
40
122
0
115
180
3
57
27
3
137
32
2
140
62
3
39
143
1
71
112
3
111
101
2
32
21
2
25
120
3
180
44
1
138
18
3
183
55
0
91
32
2
101
56
3
136
114
3
90
150
2
128
82
1
12
110
0
32
16
0
89
59
0
206
43
2
134
4
3
205
111
0
42
87
3
69
194
3
163
28
1
65
122
0
135
56
0
18
208
3
133
170
3
38
128
2
197
129
0
64
187
1
176
155
0
31
165
1
183
53
2
72
34
3
151
191
0
179
19
1
10
71
0
86
40
3
150
28
0
116
126
3
19
98
0
94
100
0
204
158
1
195
201
1
168
5
2
151
107
2
28
62
0
180
110
3
224
87
2
161
211
2
162
79
1
96
166
0
147
13
0
118
240
3
134
198
0
203
117
0
134
155
1
172
37
2
200
166
3
97
103
3
102
197
0
251
116
0
187
60
0
119
251
2
23
100
3
223
61
0
142
46
1
7
174
2
147
246
3
160
44
3
5
105
1
8
69
0
183
251
2
226
165
3
136
219
2
182
146
1
110
223
3
157
0
1
116
50
1
91
17
0
6
52
0
250
76
0
71
187
3
249
167
3
77
107
2
173
173
2
107
38
0
132
228
0
80
52
3
165
85
0
8
243
3
229
37
2
101
50
3
165
126
2
71
24
2
284
205
3
226
19
0
138
28
3
251
97
1
104
213
1
229
272
2
263
44
2
146
232
3
171
43
0
293
207
1
224
237
0
189
251
0
7
274
0
273
159
2
96
48
3
161
52
2
229
234
1
208
71
1
136
178
0
274
255
2
185
238
3
79
260
1
291
238
1
155
196
3
142
169
3
116
3
1
205
82
0
71
227
2
17
289
2
222
234
1
263
226
2
217
188
2
47
279
0
241
149
1
101
144
3
79
78
3
69
283
3
188
8
1
73
63
1
46
154
1
189
119
3
320
128
2
245
229
1
316
122
2
280
16
2
262
85
0
24
329
0
205
152
3
6
101
3
258
67
2
288
315
3
201
50
0
165
38
3
8
279
0
248
319
3
175
294
0
320
43
1
269
196
3
307
85
2
248
265
1
278
211
2
314
145
3
38
35
3
346
154
3
220
190
1
88
163
1
206
324
0
288
208
3
188
280
0
53
144
3
104
53
0
304
24
0
52
17
1
109
8
0
75
275
1
40
15
3
174
266
0
122
2
0
63
78
3
155
32
1
14
138
1
185
194
3
222
302
1
117
207
0
132
18
0
37
352
1
174
43
0
58
181
0
18
192
0
139
208
2
119
7
3
289
240
3
59
163
0
283
291
2
226
292
3
224
138
2
8
30
3
47
287
0
372
380
1
235
265
3
342
357
0
253
334
3
161
40
3
199
206
0
50
98
1
314
255
3
376
166
3
13
11
2
274
384
2
38
238
0
220
262
1
349
79
2
284
381
3
346
264
3
7
356
2
393
149
3
146
14
2
221
400
0
225
233
2
168
34
0
47
235
3
381
227
2
242
20
0
15
169
2
210
301
3
41
388
1
37
90
3
377
217
2
257
243
1
48
282
1
304
152
0
363
167
0
401
108
2
267
96
3
34
193
0
260
378
3
22
92
3
142
57
1
201
356
3
187
303
3
185
317
0
375
94
0
2
152
2
214
21
3
102
182
0
58
129
2
47
34
3
376
34
1
355
54
2
73
135
3
50
90
0
85
361
0
169
215
2
210
311
1
50
282
2
374
255
3
441
62
3
435
351
0
61
141
3
65
182
2
168
175
2
432
245
2
314
275
1
298
228
2
74
292
1
278
159
2
22
8
2
275
205
1
218
23
2
365
5
0
14
18
2
244
289
1
420
121
3
434
57
0
134
272
0
100
240
3
190
61
1
76
458
3
436
70
3
459
29
3
197
371
1
242
168
1
168
95
0
9
332
3
322
69
1
220
351
1
277
7
0
54
85
2
165
358
0
109
468
1
65
159
0
240
247
3
416
44
1
361
120
0
95
234
3
7
409
0
342
106
1
111
437
3
456
212
2
389
433
2
151
461
1
142
381
3
285
194
1
1
336
2
222
301
0
477
14
1
7
201
0
153
402
1
385
461
0
2
453
3
151
349
1
253
163
1
64
2
0
23
438
1
79
451
0
356
299
0
20
30
0
77
222
1
498
82
2
450
487
2
101
184
1
118
4
2
68
216
2
389
292
1
340
498
2
403
19
2
427
413
2
231
495
0
261
408
1
225
101
0
68
286
0
243
409
3
233
123
1
329
188
0
303
268
1
418
164
2
62
510
1
201
423
3
369
275
0
292
307
3
77
341
2
421
483
0
274
406
0
295
121
0
488
362
0
86
375
1
137
91
0
333
311
2
359
394
3
282
16
3
456
349
1
359
461
3
490
536
2
463
120
0
346
117
3
172
247
2
471
481
1
198
123
0
92
159
1
173
60
2
137
321
1
84
308
3
79
511
3
66
300
0
429
430
2
174
163
0
234
405
3
220
494
1
466
299
3
523
70
3
191
102
0
323
186
3
527
122
1
350
88
1
289
528
0
561
169
2
508
227
0
541
394
2
308
378
2
240
424
1
56
232
1
435
452
3
260
425
2
146
551
2
187
126
3
5
46
0
311
134
3
276
30
1
194
77
1
108
318
2
429
252
1
15
155
2
558
140
3
38
462
1
174
306
1
368
204
3
281
272
2
38
328
1
534
113
2
428
283
1
358
584
0
429
309
1
261
508
2
433
99
0
398
479
3
11
503
1
323
137
0
355
405
2
363
34
3
380
354
1
381
268
1
340
192
2
400
77
1
57
60
0
556
510
0
456
352
1
541
366
1
368
365
1
267
586
3
587
466
3
295
249
3
451
109
1
470
232
3
76
184
3
252
267
2
594
531
2
484
284
2
411
232
3
375
591
0
46
82
3
159
265
2
157
70
2
350
343
0
424
33
0
27
59
2
521
608
3
84
316
3
449
234
0
397
386
3
350
151
3
594
432
1
57
99
2
261
108
1
7
182
2
92
115
2
45
438
3
352
446
1
347
518
1
146
23
1
186
160
0
274
294
1
535
414
2
373
86
1
372
435
3
85
28
2
267
421
1
559
464
3
130
121
3
41
294
1
501
469
3
233
629
3
401
305
3
611
18
3
385
191
1
552
298
0
106
510
1
529
93
0
551
39
3
153
326
1
477
517
0
16
471
1
9
445
2
139
280
2
316
295
2
204
318
2
581
68
0
59
566
1
48
154
1
68
68
3
430
202
1
509
648
0
562
209
3
396
367
2
597
328
2
370
598
2
4
354
2
576
563
2
198
476
3
537
364
0
149
197
1
182
433
1
660
631
3
574
346
2
51
121
1
314
344
1
348
520
2
38
99
1
429
125
2
676
120
0
603
397
2
70
660
2
408
83
3
470
497
3
535
541
2
51
278
1
246
312
2
513
183
2
133
166
2
613
53
2
690
555
1
433
74
0
427
574
2
654
587
1
498
267
2
428
44
3
1
667
2
54
9
3
504
537
3
479
36
2
363
608
1
471
544
0
217
166
2
198
100
0
474
178
0
35
37
3
562
564
3
339
651
3
517
620
0
177
673
2
43
137
2
108
246
3
325
98
3
146
715
3
245
304
1
215
43
1
607
257
2
468
38
3
672
607
1
465
213
2
517
689
2
461
415
143
110
573
248
323
49
210
