1
115
14
2
85
93
0
43
40
3
11
53
3
113
80
1
58
26
2
96
120
1
47
101
0
13
92
3
59
11
2
129
126
3
47
36
3
56
33
0
107
23
2
113
74
0
31
80
3
80
4
2
61
117
0
120
88
3
27
34
3
136
74
2
104
135
1
19
20
2
100
34
3
59
126
1
129
76
1
138
35
2
140
137
3
123
27
0
110
69
3
8
78
0
151
127
2
81
53
3
67
106
2
50
20
2
36
83
1
99
56
0
26
154
3
69
142
0
36
53
0
36
128
2
30
119
0
75
159
2
90
119
1
141
97
0
81
102
1
51
149
0
44
104
1
56
173
2
110
52
3
154
90
2
139
122
2
148
136
1
10
111
3
136
74
3
115
143
3
113
167
1
82
127
3
82
84
1
27
130
0
168
44
3
169
34
0
1
86
3
1
146
2
68
46
1
131
37
3
47
47
3
52
179
0
98
189
0
56
99
1
1
27
3
0
83
2
65
14
0
139
144
2
41
48
0
108
89
2
72
124
1
136
193
0
67
37
0
69
199
1
17
147
0
68
200
0
48
146
2
10
196
0
85
177
0
42
6
2
82
162
3
64
100
1
145
9
3
128
0
2
150
208
3
218
35
2
162
128
1
149
143
2
208
13
2
30
94
3
13
32
3
113
116
2
40
215
2
62
127
1
41
25
0
167
117
2
29
44
3
111
136
1
31
108
1
146
113
1
83
78
3
120
89
3
36
194
1
54
113
3
3
38
3
48
68
0
114
57
1
66
81
3
33
76
1
63
18
1
27
173
2
200
148
1
230
113
2
227
77
2
233
123
2
64
96
2
41
136
0
109
67
2
224
146
0
44
246
0
36
118
1
141
159
0
165
136
0
68
115
3
50
214
3
253
192
3
27
227
0
220
207
2
116
260
0
125
113
1
126
237
3
185
41
3
211
70
1
141
225
2
16
227
0
213
207
1
257
118
1
169
203
3
241
171
0
129
118
1
196
52
2
126
87
0
126
156
3
218
95
0
188
99
1
109
12
1
235
64
2
223
100
2
243
260
2
82
62
1
67
72
3
43
162
0
254
152
0
81
234
2
15
84
1
92
40
2
189
3
1
61
141
0
5
246
3
100
36
1
73
189
3
242
161
1
58
153
1
251
29
2
115
150
0
169
207
0
89
129
1
83
122
1
194
37
2
275
71
1
86
102
3
96
172
0
274
48
0
161
245
0
116
225
3
139
206
2
220
132
3
178
281
2
120
272
2
115
151
3
182
108
0
296
126
0
113
58
2
249
81
0
221
201
1
139
292
2
232
231
1
297
202
2
272
152
3
210
82
2
61
192
0
151
279
1
7
169
2
257
1
2
269
178
3
28
185
0
262
132
1
272
128
3
33
248
2
31
33
2
259
165
0
210
162
1
96
328
3
195
261
1
71
256
3
288
74
2
120
174
3
22
12
1
59
77
2
286
182
0
261
333
1
150
6
0
237
284
3
309
68
0
263
69
2
121
280
3
92
184
0
215
259
2
51
83
3
273
256
1
189
199
2
286
204
3
344
28
1
284
41
1
290
47
3
241
80
2
171
224
2
345
339
3
254
93
1
119
225
2
29
239
3
246
149
2
74
232
2
242
37
0
65
190
0
105
356
2
129
366
0
190
88
3
36
263
2
109
271
1
100
291
3
22
47
2
245
17
0
355
344
1
80
10
2
8
72
2
43
295
3
156
269
0
239
209
0
50
201
3
262
105
2
16
318
0
62
44
2
254
229
3
168
210
3
100
345
3
289
209
2
269
280
0
189
42
1
26
98
1
344
268
3
142
9
0
186
386
3
242
50
1
22
240
0
275
141
1
274
62
0
264
395
2
154
94
0
117
114
0
260
180
3
196
229
3
242
109
1
103
221
0
257
14
0
225
342
1
396
238
1
28
103
2
322
104
3
362
119
2
107
212
1
190
115
1
66
148
3
186
362
0
126
225
0
321
359
0
160
177
1
420
226
2
178
233
3
133
397
1
213
15
2
372
381
1
313
234
2
342
69
2
289
213
2
122
169
3
206
42
1
44
172
1
401
408
0
187
334
1
22
306
3
83
222
1
400
1
0
154
222
0
230
391
1
119
342
2
148
7
2
116
222
3
284
293
0
288
161
3
126
150
2
104
149
0
49
391
0
276
358
1
212
69
3
151
246
0
53
106
1
158
154
1
19
350
2
220
343
2
340
438
0
438
246
2
421
2
2
100
49
0
151
248
1
190
209
3
444
137
0
449
46
0
82
372
3
53
353
2
229
154
2
159
86
2
155
55
2
344
66
1
82
205
1
124
212
3
160
4
3
35
349
2
14
279
1
138
22
0
275
17
1
85
78
1
405
406
1
1
258
3
269
318
0
78
455
1
25
41
3
197
469
0
478
27
3
403
246
1
95
126
0
245
56
0
347
446
2
70
222
1
475
229
0
293
58
0
57
376
3
163
284
2
223
31
0
344
6
0
435
357
1
55
101
0
105
124
3
121
337
2
465
233
3
311
219
1
470
409
1
216
335
2
328
381
1
2
172
3
237
81
3
455
211
2
373
152
2
141
455
3
488
311
2
426
11
1
437
308
1
229
427
2
399
222
1
483
456
3
453
384
3
65
493
3
10
398
1
271
169
0
427
98
3
205
66
2
469
151
2
326
371
3
97
312
0
417
128
1
511
24
2
290
35
2
426
239
1
235
88
2
53
182
2
358
505
3
232
209
2
60
7
1
357
23
1
412
93
0
306
173
1
471
380
0
296
163
3
189
231
1
363
368
1
287
377
0
345
212
3
11
412
2
485
130
0
501
428
1
210
531
2
349
510
2
52
310
0
111
257
2
89
480
3
410
210
1
355
208
3
104
470
2
551
515
3
48
308
0
543
535
1
484
181
2
42
438
2
242
375
0
473
356
1
147
386
3
328
521
3
339
314
2
368
184
0
80
147
1
392
506
2
401
297
1
40
349
0
440
84
1
4
539
0
66
264
0
351
224
0
65
104
1
571
106
1
62
48
3
327
153
1
477
82
0
523
150
0
138
259
2
273
417
3
146
78
1
524
231
2
561
294
2
558
150
2
460
319
3
298
531
1
383
251
0
241
293
0
296
187
3
492
263
1
377
301
3
584
267
0
340
343
2
241
239
1
273
152
1
16
313
2
307
109
1
64
42
3
154
25
3
414
202
0
213
21
1
540
446
3
566
296
0
101
194
0
456
213
0
585
300
0
42
389
2
376
40
1
379
295
1
75
171
2
459
548
2
59
367
2
568
53
1
436
308
0
504
388
3
35
157
0
21
189
2
155
498
3
175
228
0
431
254
0
569
115
0
425
351
2
250
243
1
412
472
3
152
380
0
511
353
3
593
341
2
276
218
0
73
382
3
153
499
3
535
335
3
594
583
2
286
402
0
594
120
0
435
417
0
59
166
3
84
633
3
352
553
3
144
38
0
15
288
2
261
495
1
66
559
3
362
547
0
283
123
3
71
9
2
442
278
2
356
226
1
17
611
2
455
195
2
229
384
2
252
416
2
420
195
1
36
579
1
644
615
2
81
509
2
231
311
2
72
113
0
591
544
1
256
105
1
272
420
3
650
475
3
448
300
3
595
23
3
177
634
1
463
627
3
173
101
2
23
179
3
360
630
0
518
131
1
358
581
0
135
361
1
144
499
2
305
556
0
501
344
1
0
408
3
442
149
1
300
183
0
166
72
2
544
521
3
618
673
1
439
88
0
613
174
3
580
142
0
615
0
0
339
671
2
174
324
0
501
167
2
242
635
3
174
599
1
257
293
1
197
432
1
143
373
2
13
237
3
572
311
0
389
402
0
418
148
1
118
686
2
499
269
1
235
310
0
610
539
1
220
574
3
523
282
1
310
700
0
226
126
0
173
530
2
555
402
1
129
697
0
649
4
1
512
692
3
662
594
3
114
689
2
286
404
1
678
190
1
190
326
0
687
553
0
378
604
0
34
238
0
378
591
3
44
19
3
162
121
3
275
67
1
624
209
1
404
486
2
470
395
2
450
149
1
468
57
1
413
410
3
559
723
3
115
530
553
521
413
83
643
427
496
