0
97
56
2
61
23
0
25
75
0
54
123
2
62
68
2
10
9
0
60
36
0
20
112
1
3
34
3
21
34
2
125
7
2
138
61
3
70
0
2
29
50
1
61
79
2
50
63
1
61
59
0
25
112
0
141
117
1
128
16
3
18
79
2
116
63
0
129
28
2
88
150
2
53
28
3
128
55
1
87
57
2
82
66
3
90
50
1
81
31
1
80
144
1
94
15
1
100
39
2
97
87
2
0
74
0
42
39
2
106
50
0
78
83
3
158
36
1
67
84
0
80
89
2
144
142
2
169
7
2
14
15
0
7
33
2
94
115
0
107
150
0
136
154
3
51
73
0
19
174
3
34
134
3
91
70
0
81
22
3
24
172
1
13
64
3
45
130
2
151
149
0
48
145
1
102
33
3
127
152
0
137
56
0
57
142
1
104
27
1
145
40
1
40
185
2
122
84
0
43
128
3
146
22
2
176
11
1
71
80
1
45
158
1
45
60
1
167
71
1
59
18
0
183
24
1
179
115
2
60
86
0
140
137
1
65
114
2
70
81
2
4
71
0
112
84
0
23
121
0
141
130
3
177
69
2
50
181
0
72
56
2
164
32
3
68
115
1
145
153
0
86
107
2
34
208
0
28
21
3
27
182
2
119
9
1
10
115
3
197
59
1
182
169
1
27
111
2
188
118
3
45
19
0
149
42
0
175
156
2
115
153
1
87
184
1
39
30
0
155
103
3
172
233
0
98
86
0
81
24
3
143
70
3
127
26
2
35
134
2
211
99
1
192
191
1
46
231
3
18
41
0
206
206
0
53
201
3
38
158
0
111
48
1
152
130
1
145
34
0
123
233
3
175
124
1
167
241
1
34
20
0
174
228
2
222
9
1
244
133
0
158
188
0
256
111
3
176
199
3
148
70
2
45
179
1
195
33
0
239
17
0
203
175
1
213
235
1
40
166
1
19
265
1
35
163
1
204
38
0
137
81
0
176
105
1
29
180
1
97
89
0
62
107
3
124
22
2
248
32
3
16
143
2
95
166
2
254
133
0
45
43
3
118
102
2
195
99
1
35
221
3
219
27
0
236
99
1
173
177
1
34
105
1
27
38
2
272
220
1
73
55
1
85
173
2
255
10
0
198
16
1
210
124
3
280
117
1
43
254
0
21
126
1
225
183
1
205
72
0
55
239
3
14
33
2
39
81
1
0
139
3
77
292
2
42
141
0
235
272
2
285
247
3
105
48
1
174
304
0
295
128
0
53
54
0
292
63
2
104
178
3
23
18
1
70
20
3
111
132
1
237
193
0
62
11
0
44
30
3
138
195
1
309
59
1
113
66
0
134
298
3
105
267
0
186
314
2
40
110
3
39
176
2
232
307
2
19
204
3
118
261
3
17
81
0
313
75
1
270
197
3
169
231
2
315
180
1
107
203
0
318
291
3
238
197
3
328
285
1
69
259
1
40
33
0
196
220
2
152
336
3
169
172
1
140
187
0
96
302
1
184
246
0
308
23
1
234
192
0
309
244
0
236
240
1
34
66
2
12
4
3
148
149
2
289
280
1
48
28
3
264
102
1
337
156
0
37
204
3
291
67
0
125
16
2
6
292
2
45
57
1
331
194
3
114
51
0
142
23
1
345
356
3
200
234
3
76
353
1
287
260
0
136
242
1
226
1
0
269
248
1
88
39
2
146
3
0
368
228
3
164
121
3
269
306
2
151
212
1
378
80
3
38
267
2
139
272
1
206
10
0
340
70
2
9
326
2
368
333
0
67
387
2
279
330
3
0
218
0
227
0
0
91
184
0
119
9
1
223
373
2
185
203
3
308
131
3
63
320
2
85
29
0
383
183
3
146
336
2
99
209
1
344
397
0
175
298
0
360
248
2
313
79
1
76
136
3
216
153
3
107
386
2
154
400
3
23
394
2
364
253
1
359
284
1
293
336
3
285
275
2
61
21
0
186
360
0
156
176
1
357
55
3
280
103
0
377
48
0
27
6
0
243
85
1
14
170
0
37
138
3
76
25
0
177
21
3
25
260
1
406
309
2
290
13
0
283
290
1
63
155
2
246
86
0
5
77
1
155
301
3
146
364
3
326
81
0
269
133
1
170
402
1
136
163
2
228
363
2
100
412
0
379
333
3
347
84
0
45
287
1
361
133
3
362
148
2
446
115
3
228
257
2
161
189
1
206
345
0
173
170
3
97
403
2
28
157
0
150
82
2
143
34
2
140
54
1
361
5
3
243
270
1
113
379
3
451
86
1
329
266
0
273
20
0
282
388
1
434
262
3
118
384
2
69
175
0
404
221
1
36
389
2
238
420
1
321
352
3
309
123
3
49
398
2
210
453
2
462
363
3
412
181
0
250
7
2
109
23
2
439
180
1
126
382
2
55
33
3
417
176
0
179
361
1
245
356
2
401
334
3
428
214
2
204
235
0
34
83
0
373
176
1
125
176
3
197
399
3
215
55
1
461
172
3
368
422
0
462
273
2
101
194
3
462
33
1
136
334
3
398
185
3
64
6
3
87
228
1
72
115
0
408
206
2
21
65
0
260
53
0
322
80
1
166
320
0
461
316
3
239
361
1
192
416
1
259
37
1
383
46
0
338
119
2
482
313
0
56
327
3
25
138
2
147
439
1
267
127
3
246
107
0
109
420
0
387
406
2
223
441
2
397
34
0
28
197
1
213
462
1
2
475
1
238
126
1
511
50
2
280
8
0
511
134
1
296
365
3
61
279
0
80
512
2
13
148
0
366
531
3
376
425
1
103
210
3
338
157
0
37
120
2
418
471
2
66
403
3
523
254
0
104
506
1
171
428
1
502
489
0
151
489
0
370
523
1
233
515
2
261
98
3
117
252
2
487
180
2
375
519
2
346
162
0
424
201
2
240
189
2
191
352
2
505
529
2
362
116
3
326
32
2
551
296
0
473
290
0
155
496
1
381
472
1
282
551
0
232
544
0
511
53
2
171
65
1
30
411
2
563
566
2
23
504
2
373
297
3
52
359
0
123
219
2
123
224
0
460
194
1
152
150
2
534
531
1
80
383
3
521
463
1
156
287
1
348
498
1
52
216
1
127
381
2
391
420
1
270
231
0
529
216
2
306
205
2
2
233
3
38
270
1
100
470
2
307
204
1
68
491
2
387
566
0
408
303
3
395
242
3
75
497
1
332
265
0
434
553
2
585
84
3
38
540
3
376
560
2
18
406
0
461
295
1
371
266
2
151
110
2
178
126
1
187
584
0
386
72
0
515
114
3
197
466
1
322
167
2
192
273
3
284
63
0
408
464
0
214
559
3
605
539
1
424
524
1
228
493
3
58
513
0
396
490
2
101
415
3
171
587
2
232
268
0
222
353
1
218
456
1
281
375
2
119
292
1
239
447
3
220
448
0
440
224
1
372
82
2
469
122
2
195
552
1
251
239
2
153
57
2
220
196
1
527
308
3
119
594
1
563
92
0
556
393
3
203
352
3
326
33
3
169
531
3
544
15
2
423
389
2
515
317
0
535
124
2
495
385
0
421
478
3
541
628
1
209
108
3
74
492
1
509
489
3
100
386
1
235
72
2
343
540
3
47
609
2
465
440
1
4
372
0
407
70
2
236
47
2
3
652
3
143
185
3
328
452
0
499
500
0
276
579
2
589
155
0
135
54
0
619
386
1
513
90
1
407
219
0
462
147
2
2
334
0
253
329
3
202
496
0
382
469
2
127
14
3
289
643
0
338
583
3
628
350
0
492
412
2
134
467
0
37
64
3
439
128
3
556
367
3
450
603
2
532
281
1
135
328
1
333
68
1
220
108
1
27
608
0
435
445
0
371
526
2
444
310
1
287
535
3
73
432
2
356
90
0
457
58
1
407
527
1
631
18
3
591
664
0
231
419
1
493
262
2
219
26
1
466
43
2
674
209
0
163
6
1
601
638
1
30
365
0
42
336
3
321
325
0
107
305
0
156
220
0
691
279
2
566
229
0
311
249
0
590
120
1
568
350
3
456
50
1
583
17
3
383
288
1
152
426
1
133
312
3
296
135
3
488
169
3
365
555
2
347
128
2
62
348
280
383
362
490
234
244
111
