1
96
56
2
27
73
2
33
67
3
90
91
3
82
112
1
81
66
0
68
26
0
93
50
0
110
27
1
116
61
3
62
115
3
22
39
1
84
112
3
1
19
0
38
27
3
20
54
2
31
54
0
66
97
3
25
126
1
42
1
0
25
96
0
67
45
3
58
147
3
102
48
3
45
36
2
26
147
3
41
14
1
140
150
3
111
62
0
54
88
0
23
28
0
11
7
0
58
77
3
44
152
0
145
143
1
120
45
1
85
69
3
77
68
0
102
20
2
120
14
0
91
135
2
111
23
2
26
20
3
131
106
3
155
82
1
152
159
3
126
32
2
73
82
1
141
143
0
79
168
3
82
163
1
138
74
1
165
60
1
146
53
2
19
81
2
135
168
1
0
127
2
5
19
2
63
11
2
130
30
3
143
135
2
120
1
1
79
32
1
180
110
1
101
55
2
174
40
0
160
87
2
61
35
1
69
153
3
172
124
2
168
192
0
31
141
2
84
99
2
139
120
2
75
169
1
153
40
2
126
31
2
69
115
1
128
27
3
182
128
1
11
203
1
119
67
3
178
136
3
181
25
1
123
39
3
13
54
3
39
36
1
36
31
0
52
204
3
14
36
0
138
58
1
182
162
0
44
175
2
211
177
3
101
157
2
127
23
1
9
143
3
213
112
0
151
208
3
200
77
3
1
217
1
201
28
3
78
191
2
221
140
0
79
161
1
56
71
3
53
138
1
63
98
3
16
4
0
220
157
1
22
228
1
148
36
3
109
26
0
91
77
0
214
80
2
118
126
0
215
50
1
27
35
2
219
50
1
104
151
1
97
38
3
199
45
1
3
129
3
229
175
2
0
199
1
171
99
0
69
67
3
6
182
1
3
43
2
10
39
3
2
236
3
218
3
1
236
193
3
23
121
1
133
14
2
16
50
3
197
219
3
78
179
2
230
69
2
199
82
0
232
228
3
110
90
3
17
155
0
111
245
1
220
204
2
130
186
0
82
121
0
170
265
2
242
262
1
179
82
2
222
11
1
98
64
1
134
10
0
13
128
1
158
86
3
70
274
0
265
259
1
262
226
3
151
276
0
194
183
2
281
38
3
144
196
2
95
245
0
13
199
3
1
82
3
248
54
2
233
35
0
95
114
2
135
20
3
172
42
2
206
282
0
142
283
0
296
259
0
8
70
3
157
180
2
270
64
3
58
209
0
204
303
0
108
75
1
108
64
0
134
213
1
87
103
3
183
298
0
4
3
1
295
188
0
86
52
1
48
183
1
102
0
2
245
229
0
10
77
3
284
130
0
300
242
1
199
265
1
278
141
1
290
21
3
312
168
2
100
72
3
168
41
2
12
289
1
86
127
3
39
31
1
198
94
3
136
87
1
59
60
0
270
97
2
278
182
1
57
293
1
151
210
1
186
46
2
140
126
2
6
195
0
171
188
1
315
30
0
95
148
3
293
123
1
172
210
2
50
170
2
329
36
2
74
171
1
52
93
0
58
0
0
177
130
2
91
205
2
259
303
2
99
270
3
307
1
0
349
198
1
113
229
0
2
77
2
120
34
3
2
99
3
23
1
2
331
302
1
108
6
0
187
158
1
343
304
3
0
327
3
194
330
3
103
185
1
185
302
0
212
326
3
197
223
1
174
157
2
83
106
0
80
294
1
218
56
3
343
188
1
92
109
2
349
147
1
337
199
1
229
124
0
78
257
3
196
295
3
256
299
1
286
264
0
189
159
1
174
176
1
24
340
3
340
343
3
271
98
3
279
328
3
36
385
0
193
71
1
52
63
0
74
191
2
373
218
0
83
31
2
394
382
1
218
79
3
183
213
2
4
208
3
325
333
0
251
248
1
199
242
2
103
21
0
11
327
1
282
203
1
191
403
0
214
341
3
393
105
1
205
317
3
139
187
0
284
289
0
73
282
2
280
93
3
111
85
3
348
361
3
3
267
3
142
109
3
404
330
0
280
72
2
233
235
1
306
124
1
149
301
2
379
99
3
11
129
3
376
225
0
391
322
0
85
229
0
406
29
3
263
208
1
382
277
2
399
283
3
238
177
2
144
116
0
366
166
1
382
417
1
333
250
3
359
251
1
118
315
0
135
0
0
167
400
0
156
24
3
300
129
1
135
88
2
306
124
1
220
392
2
34
277
2
168
222
0
203
136
2
243
102
2
405
105
1
243
207
2
431
81
1
195
323
2
230
68
2
428
249
2
173
252
0
185
129
2
127
31
1
389
97
0
44
231
1
459
73
2
81
93
3
52
22
2
122
343
1
21
202
0
389
461
0
280
6
1
0
290
1
219
45
3
37
56
1
293
368
3
327
4
1
297
317
2
245
382
0
351
306
3
319
83
3
293
91
3
341
382
2
372
235
0
63
394
0
220
447
2
350
314
0
451
464
2
245
228
0
139
78
2
478
184
2
129
159
0
465
335
0
59
400
2
51
136
0
52
92
0
463
300
0
485
281
3
322
190
1
124
143
1
236
87
3
178
269
2
3
475
3
268
333
2
272
434
1
231
215
1
337
470
1
128
36
2
295
348
0
146
45
0
257
136
1
400
319
3
4
19
1
198
249
3
425
294
0
257
17
1
229
371
1
125
446
3
128
496
0
40
7
2
74
354
3
495
193
0
15
482
1
413
156
1
493
412
3
50
344
2
367
28
1
310
456
2
297
139
0
100
77
1
71
405
2
111
379
3
194
60
3
223
396
0
390
110
1
369
123
2
159
354
0
475
275
1
252
205
0
328
333
3
517
82
1
497
396
1
225
77
2
216
117
2
21
528
2
405
154
3
270
275
0
31
57
2
207
424
2
513
77
1
534
288
2
518
19
1
35
378
3
63
302
2
447
54
2
488
70
2
100
103
2
511
121
1
229
209
2
290
252
1
552
21
0
269
444
3
62
209
1
56
295
1
251
16
2
210
307
0
222
453
0
322
553
3
495
367
0
186
423
0
94
108
0
168
229
1
428
316
3
236
304
1
173
136
0
523
449
0
378
94
0
274
504
2
3
312
1
38
100
2
556
106
2
276
103
3
321
286
2
379
158
1
344
557
1
271
270
2
36
270
2
306
204
1
20
400
1
330
334
0
472
113
3
364
119
3
393
555
3
248
410
3
52
295
1
426
71
2
365
155
2
461
255
1
234
170
3
375
381
2
423
161
1
181
486
0
522
512
1
51
53
3
250
238
1
439
205
0
575
400
3
554
111
0
466
47
3
296
118
2
115
432
2
182
582
2
400
259
0
324
511
2
512
343
1
348
106
3
377
392
3
385
406
3
317
480
2
486
595
0
155
82
2
380
4
1
603
90
2
47
559
1
43
498
1
94
455
0
312
577
2
499
468
1
18
510
3
278
204
1
178
506
2
409
565
0
252
95
2
625
432
2
226
267
3
364
182
3
338
255
2
367
210
3
514
261
1
236
552
3
326
131
2
249
426
3
454
340
1
304
274
0
495
61
2
151
76
0
492
211
0
287
232
1
153
547
3
363
295
2
336
503
3
450
356
3
635
55
1
245
227
2
70
6
1
220
286
3
458
163
2
273
241
2
555
344
1
181
520
0
286
500
1
634
637
1
8
195
2
336
184
1
32
410
0
558
402
3
348
548
2
17
334
2
184
465
0
21
45
3
290
313
3
411
543
2
314
415
1
279
553
3
202
655
2
276
116
0
228
659
1
122
247
3
618
14
0
370
473
2
370
245
2
153
609
3
375
596
1
104
643
1
214
95
0
190
19
0
354
220
1
182
88
0
548
17
2
558
551
3
34
125
2
572
50
0
239
5
2
70
668
1
331
283
0
566
129
2
461
244
0
655
461
2
415
450
0
570
278
3
576
216
2
188
4
3
482
695
1
484
120
2
305
298
3
594
377
0
19
538
2
658
317
2
197
131
2
618
364
1
63
434
2
205
633
1
623
140
0
333
37
2
568
328
3
132
474
2
385
405
2
434
247
1
126
485
3
526
9
1
398
571
2
558
435
3
660
408
2
458
344
3
436
506
0
563
644
3
656
378
2
193
524
2
59
630
0
345
215
0
547
275
0
489
676
0
643
264
76
214
83
381
355
690
34
