3
21
68
2
100
126
3
107
129
2
95
86
1
120
12
3
95
44
1
51
102
0
77
121
0
113
55
2
57
114
2
39
37
3
112
63
1
98
40
1
53
47
1
74
96
3
29
108
2
86
19
3
126
71
3
133
103
3
100
1
3
8
8
3
34
10
0
101
37
2
37
13
2
67
80
1
19
134
2
131
66
0
120
134
3
123
153
1
63
105
0
119
86
0
111
37
0
139
126
2
52
149
2
99
92
0
9
113
2
67
97
3
43
79
1
108
160
0
44
84
2
115
162
0
68
78
3
27
165
2
128
22
2
78
75
2
78
79
2
10
90
3
152
170
1
7
1
3
162
161
1
42
160
1
135
113
0
164
112
3
107
30
2
38
29
2
4
1
0
127
44
2
48
167
0
93
47
2
104
76
0
81
70
2
124
81
3
81
40
2
58
62
2
104
115
2
85
99
3
166
109
0
79
3
0
69
163
2
155
90
3
109
156
3
38
61
2
32
186
3
167
36
3
139
127
0
63
73
0
167
89
0
120
4
2
148
18
1
191
47
2
83
18
2
113
31
1
175
99
1
51
75
1
131
115
3
95
6
0
93
94
2
45
153
2
109
56
1
124
96
2
161
107
1
32
87
1
2
148
1
207
104
2
38
189
1
78
203
2
3
94
3
4
197
0
14
53
3
148
170
2
137
225
1
122
139
0
17
124
0
89
22
3
53
79
2
32
24
0
127
233
2
88
34
2
122
74
0
218
180
0
117
44
1
98
56
1
224
161
3
73
203
2
23
77
1
41
59
1
202
116
1
218
115
1
5
128
1
184
176
3
192
50
0
69
210
3
176
129
2
66
112
1
146
90
0
83
104
1
227
121
3
235
237
2
30
163
2
48
87
3
83
246
1
192
191
1
144
137
1
259
113
3
42
124
1
75
183
0
26
261
0
31
79
0
212
40
1
28
256
1
66
96
1
131
258
0
208
15
0
212
148
1
187
71
0
97
215
2
190
161
3
53
48
3
191
62
3
246
103
1
268
149
3
230
199
3
86
133
1
185
154
1
46
133
0
203
247
2
14
37
3
93
262
2
105
188
0
248
190
0
135
71
1
269
84
3
34
129
0
286
230
1
236
184
1
88
25
0
222
254
3
21
71
2
49
161
0
277
136
3
93
120
3
7
228
0
250
281
3
62
44
3
92
239
3
300
271
3
67
181
1
15
142
1
108
92
1
298
112
1
219
218
1
276
273
1
29
83
1
278
153
0
116
91
1
241
62
1
268
212
1
206
26
2
165
274
2
303
270
1
31
180
0
292
171
2
89
36
3
127
74
3
181
29
1
154
73
1
84
97
2
244
46
2
204
250
3
102
283
2
148
270
2
294
34
0
200
81
1
178
188
1
298
214
1
93
19
1
170
313
0
139
93
1
270
146
1
206
161
2
72
146
2
328
251
0
335
256
3
78
82
0
284
191
1
201
32
2
98
193
1
172
17
3
296
307
0
137
45
3
296
4
2
93
94
0
211
345
3
164
83
3
303
292
2
255
150
0
70
159
3
111
286
0
23
76
0
285
170
2
209
314
2
222
52
0
54
288
3
18
346
1
185
99
0
313
122
3
67
85
1
304
189
0
322
25
1
58
134
0
106
197
1
232
342
0
83
232
1
277
87
1
72
17
1
369
174
1
16
358
3
332
326
0
63
171
1
155
80
3
1
90
0
129
326
1
366
214
3
106
30
0
93
34
0
13
85
3
175
79
3
154
332
1
234
263
3
353
156
0
334
302
1
343
332
2
69
216
2
202
30
0
151
355
2
331
72
1
341
154
0
117
38
2
309
15
1
388
48
1
1
15
1
265
159
0
327
193
1
207
203
0
208
352
2
212
162
0
170
275
3
42
50
3
68
391
1
77
175
0
262
40
0
126
311
1
299
248
1
334
234
2
259
200
1
338
234
2
295
404
3
128
277
3
257
176
0
358
260
3
135
337
0
203
364
1
181
338
0
94
134
0
306
208
2
166
121
3
391
7
1
421
253
0
87
39
3
143
352
1
38
45
2
282
386
3
225
390
0
110
101
1
113
3
0
425
129
3
301
177
1
93
11
3
244
52
0
27
207
3
305
24
1
375
409
1
364
328
1
403
211
0
163
250
2
23
421
0
295
402
1
353
301
2
27
210
3
419
184
0
267
80
0
183
347
2
234
120
0
60
396
3
384
323
0
76
118
3
362
329
0
262
165
1
117
288
2
428
88
1
441
88
0
90
375
3
215
454
0
381
55
0
401
266
3
175
147
0
150
420
3
464
130
3
82
102
2
121
58
0
56
355
2
53
105
1
421
96
3
320
47
2
136
190
3
275
194
0
370
420
3
301
359
2
320
406
3
465
332
2
425
470
1
402
62
3
231
46
1
202
84
0
177
134
0
102
31
3
345
391
2
471
403
1
277
459
3
200
130
3
465
383
3
350
411
0
380
106
2
451
171
1
308
284
1
322
168
1
87
485
3
25
287
1
341
152
0
123
241
0
331
289
2
351
122
3
199
110
2
273
409
0
229
476
1
138
377
3
72
96
0
443
477
3
188
165
2
399
487
3
364
492
3
203
195
2
127
34
3
108
347
2
218
120
3
105
480
3
214
385
2
205
402
2
450
37
0
85
88
1
148
351
1
252
181
1
186
509
2
360
128
2
11
237
3
171
207
0
97
106
0
266
156
2
325
151
2
482
268
3
298
137
3
482
181
3
478
93
2
65
204
2
531
159
2
14
137
1
41
150
3
230
246
2
360
494
0
49
392
2
377
235
2
296
417
2
527
64
2
454
358
2
38
76
3
365
366
1
471
35
2
387
412
1
378
182
2
384
539
1
461
393
1
374
238
3
383
86
2
397
5
3
271
494
0
151
346
2
238
67
1
259
56
0
476
74
1
540
529
2
17
411
1
122
61
2
171
182
1
363
426
0
48
504
2
432
557
3
439
491
1
321
314
1
420
233
3
274
371
2
60
59
3
366
103
2
309
461
3
430
298
3
269
49
0
51
138
2
420
369
1
90
209
2
516
309
2
518
529
0
145
374
3
172
277
2
473
550
0
567
304
1
45
350
3
345
467
2
421
466
3
36
95
1
74
445
2
346
271
3
394
33
2
30
219
0
282
538
1
325
263
2
119
410
0
531
367
1
246
142
3
3
424
1
560
109
0
307
188
0
379
115
1
119
498
1
9
331
3
188
203
0
572
537
0
236
298
0
563
191
2
3
382
1
509
79
1
79
397
2
279
457
2
397
161
0
199
548
1
397
291
3
566
7
2
506
565
0
106
236
1
421
251
2
517
138
0
5
337
0
546
386
3
505
390
2
227
449
0
490
505
0
540
114
1
210
595
3
264
608
1
300
271
1
223
594
2
571
104
2
92
479
2
345
444
0
376
448
1
373
565
2
99
99
1
311
512
3
350
410
0
137
4
3
55
165
2
492
376
1
42
193
1
422
204
1
129
56
3
408
247
0
539
236
3
439
493
0
307
61
2
455
102
0
410
197
0
455
69
2
379
359
3
99
9
2
593
514
1
472
267
0
636
316
3
641
207
2
110
54
0
592
380
2
125
471
2
525
533
2
348
11
3
31
183
3
649
385
2
71
497
1
489
421
0
92
203
3
182
621
3
543
553
0
13
563
3
490
237
3
140
658
3
625
497
1
666
526
2
575
191
0
650
412
3
68
342
3
25
500
0
382
26
3
399
411
2
618
546
0
658
459
1
224
487
3
117
185
3
500
328
0
58
277
3
371
331
1
609
642
0
412
485
1
178
490
3
581
50
3
570
555
1
6
560
2
158
538
1
428
677
2
424
655
0
447
211
2
549
286
1
108
645
3
4
278
0
412
410
1
408
20
2
89
42
3
312
543
1
511
172
3
564
113
0
325
495
0
245
467
2
322
209
1
424
590
3
507
573
0
291
57
2
120
177
2
296
247
3
19
368
3
613
673
1
53
703
1
625
235
0
348
568
1
410
359
1
229
678
2
50
187
1
475
49
2
198
270
1
172
190
0
137
549
2
696
264
2
669
718
1
639
573
1
480
696
2
332
290
157
640
652
191
374
460
565
