0
82
82
1
35
32
3
128
91
1
118
62
3
80
115
0
25
117
1
0
116
0
106
32
2
72
29
0
24
109
0
113
39
3
47
34
1
131
90
2
109
120
0
47
97
2
63
79
3
132
95
0
18
2
1
14
0
3
146
128
0
48
86
2
145
38
2
125
59
2
108
107
3
28
31
0
44
93
2
51
48
3
130
153
3
55
132
2
57
64
0
54
141
3
15
93
1
102
66
1
24
29
3
13
72
3
86
97
1
85
65
3
120
101
3
59
14
1
0
138
2
45
112
2
95
149
3
5
71
1
153
59
0
149
161
2
61
0
2
138
38
0
37
51
0
42
34
1
1
36
1
24
125
0
174
13
0
63
179
2
168
100
0
20
128
2
78
47
0
112
131
1
89
122
2
8
167
1
77
17
1
121
7
1
182
0
1
5
72
3
61
120
0
112
86
2
174
11
0
0
115
0
164
96
3
166
78
2
113
102
3
5
50
1
3
63
2
171
77
1
15
76
3
145
3
2
90
142
3
38
112
1
72
68
3
21
77
0
168
158
1
48
15
3
178
80
1
200
79
3
41
59
2
5
115
2
135
143
0
79
109
3
69
164
1
77
194
3
137
104
3
124
114
3
208
36
0
124
70
3
74
125
0
214
20
2
1
30
0
64
186
2
112
76
1
119
120
3
97
215
2
26
127
2
121
141
0
66
6
1
17
4
1
127
24
0
117
70
2
195
119
1
220
80
0
228
120
2
50
92
0
42
132
3
11
119
3
8
130
2
29
118
0
111
152
1
96
42
0
182
51
3
212
25
1
92
26
3
127
142
2
233
72
0
134
164
3
238
165
3
215
82
1
9
248
0
175
104
1
12
189
3
89
50
1
83
116
1
109
151
0
234
239
2
5
93
2
40
110
0
79
247
0
134
41
1
36
166
2
175
236
3
51
255
0
36
88
1
48
177
0
68
148
3
245
85
1
252
256
0
123
1
3
92
82
0
73
150
1
31
238
3
39
49
2
119
23
3
104
201
3
95
209
1
202
74
3
90
137
1
270
23
3
9
242
2
277
7
1
120
124
3
255
273
3
182
16
0
154
244
1
124
149
0
187
9
1
134
219
0
184
290
2
142
0
1
107
112
3
18
259
1
108
11
1
260
265
1
218
150
1
52
185
3
226
153
2
165
283
1
206
287
1
22
204
2
262
299
0
293
197
3
172
51
3
227
237
0
134
241
2
1
75
3
216
307
2
154
129
3
179
238
1
188
238
3
223
33
2
14
179
3
247
147
2
303
150
3
46
301
1
311
81
2
51
289
0
86
172
0
103
254
3
53
274
0
126
226
2
249
222
1
268
55
0
146
57
2
293
288
3
84
62
0
3
168
0
320
229
2
281
248
0
131
193
0
246
175
3
198
58
1
8
129
1
218
259
1
203
267
0
268
13
0
30
285
0
148
191
0
75
204
3
58
140
0
40
336
1
123
171
0
78
180
3
7
106
1
7
185
1
132
136
0
22
191
2
301
324
3
327
112
1
206
269
3
151
273
0
24
113
3
115
345
1
195
3
2
345
273
0
57
58
2
70
212
0
192
278
2
282
342
3
210
7
0
55
208
0
215
123
0
91
3
2
228
342
0
230
333
1
310
211
1
330
191
1
140
228
2
251
8
3
255
162
1
133
99
2
155
90
0
284
178
0
94
149
0
331
114
2
361
217
1
12
314
2
277
207
2
143
180
2
233
263
1
379
252
3
296
11
3
188
68
0
294
15
2
142
207
0
113
218
1
51
337
1
271
165
0
266
176
3
301
69
3
13
283
3
271
370
3
363
108
2
377
267
1
348
117
3
152
111
1
177
91
3
0
51
1
194
371
2
159
286
2
238
386
2
141
243
1
224
33
2
171
126
0
348
201
3
349
190
3
156
143
1
187
385
2
66
392
1
228
391
2
131
102
3
170
392
3
314
302
0
374
232
0
165
176
2
79
92
3
301
120
3
264
277
0
272
392
3
275
110
2
338
357
0
283
154
1
154
61
1
160
6
2
6
334
0
293
106
2
66
341
0
264
428
3
3
135
1
64
399
0
412
368
0
68
410
3
66
57
0
200
331
1
350
349
3
45
206
1
327
159
3
374
403
3
194
59
3
370
127
3
138
427
2
215
172
1
103
130
2
232
433
3
158
345
0
326
145
3
72
58
0
154
437
1
297
450
0
20
311
1
206
223
2
440
369
2
407
319
3
304
321
3
437
132
2
43
197
2
350
303
0
136
447
2
161
290
3
182
293
3
359
401
0
370
171
0
166
349
3
164
296
2
196
328
1
266
166
0
20
180
0
21
429
0
382
165
3
149
385
3
22
318
1
2
46
2
350
236
1
415
365
2
304
74
0
473
198
2
362
250
2
312
303
3
190
199
2
308
473
2
352
109
1
202
378
0
158
443
1
312
405
3
382
432
1
3
92
3
243
289
1
180
315
2
262
163
0
326
154
3
401
123
1
133
157
0
205
405
1
422
4
0
487
495
0
254
248
2
302
199
3
403
272
0
131
349
0
129
463
0
64
356
2
429
157
1
391
67
1
425
418
3
244
190
0
97
376
3
212
286
3
155
94
2
261
162
3
186
24
2
49
164
3
254
335
1
50
73
2
504
97
2
244
350
1
44
440
0
75
382
3
450
364
1
129
280
1
137
76
2
12
203
0
28
213
3
241
246
1
204
60
1
90
489
1
372
120
0
25
214
2
414
249
0
455
262
0
434
130
1
472
284
0
308
229
0
123
4
1
232
408
1
127
398
3
224
276
2
340
506
0
521
201
2
76
127
3
377
144
0
230
505
0
417
540
1
62
350
1
165
434
2
195
347
0
160
64
1
348
63
1
207
36
2
89
442
1
28
259
1
538
175
0
8
260
0
252
451
2
319
345
1
160
29
1
71
201
0
279
412
0
33
397
1
206
464
1
441
99
0
255
398
1
294
498
3
558
5
1
530
509
2
564
10
2
328
107
2
206
243
2
386
89
3
219
249
0
240
480
2
357
279
0
187
337
3
106
89
2
326
32
1
543
237
0
140
520
3
97
58
2
121
100
0
219
158
2
341
403
0
101
14
0
319
230
2
246
118
2
492
1
2
496
291
2
272
66
1
171
260
1
113
506
2
100
298
0
335
106
1
454
73
0
418
430
0
18
371
0
348
194
1
445
579
2
74
480
1
407
321
2
276
414
3
290
527
0
433
277
0
439
179
3
409
6
3
545
276
0
272
605
0
425
162
1
29
0
3
417
47
0
4
183
0
462
453
0
346
319
1
117
289
1
528
400
2
355
604
0
403
178
0
133
405
0
63
561
2
281
347
1
238
512
0
320
317
3
580
71
2
405
343
3
11
90
3
178
302
2
456
243
2
337
117
3
332
40
2
343
246
0
89
165
2
212
331
2
281
279
1
247
505
0
511
232
3
9
356
1
563
524
1
11
117
1
270
355
0
21
378
1
388
605
2
562
608
3
338
82
3
403
621
3
427
434
1
513
21
2
122
111
1
75
200
3
140
360
3
160
171
0
547
148
2
170
45
2
180
161
0
588
253
3
436
513
1
418
624
3
264
621
0
596
456
1
197
55
2
226
342
3
298
51
2
353
325
2
44
598
3
156
438
3
44
205
1
248
221
1
325
212
1
241
531
1
160
659
1
21
426
3
157
474
2
583
327
0
324
62
1
89
589
3
543
471
0
587
570
3
583
268
0
570
124
0
617
661
2
29
42
1
590
61
3
57
15
3
479
658
3
21
59
2
447
206
1
471
489
1
628
656
3
37
318
1
158
31
2
117
44
0
476
291
3
484
592
2
34
76
1
502
78
1
482
44
1
237
106
3
578
688
1
668
233
0
297
153
2
320
223
1
521
160
0
250
217
3
623
45
1
659
203
0
176
505
0
471
547
0
392
496
1
29
216
3
34
631
1
365
327
0
302
221
2
658
33
1
237
32
2
457
88
2
250
8
0
571
35
0
553
213
3
485
304
2
156
152
3
306
369
1
175
275
1
487
465
1
622
369
3
676
297
1
164
370
0
483
536
2
677
646
1
54
198
64
291
237
38
112
228
96
