0,399.0,399.0,True
1,504.0,504.0,True
2,567.0,567.0,True
3,567.0,567.0,True
4,399.0,567.0,True
5,462.0,567.0,True
6,483.0,567.0,True
7,546.0,567.0,True
8,357.0,567.0,True
9,504.0,567.0,True
10,525.0,567.0,False
11,399.0,567.0,True
12,504.0,567.0,False
13,567.0,567.0,True
14,630.0,630.0,True
15,504.0,630.0,True
16,546.0,630.0,True
17,462.0,630.0,False
18,420.0,630.0,False
19,462.0,630.0,True
20,525.0,630.0,True
21,399.0,630.0,False
22,525.0,630.0,True
23,462.0,630.0,False
24,525.0,630.0,True
25,609.0,630.0,True
26,651.0,651.0,False
27,336.0,651.0,True
28,399.0,651.0,False
29,609.0,651.0,True
30,462.0,651.0,True
31,420.0,651.0,False
32,651.0,651.0,True
33,714.0,714.0,True
34,651.0,714.0,True
35,672.0,714.0,True
36,714.0,714.0,False
37,672.0,714.0,True
38,651.0,714.0,False
39,630.0,714.0,True
40,651.0,714.0,False
41,651.0,714.0,True
42,672.0,714.0,True
43,651.0,714.0,True
44,651.0,714.0,True
45,693.0,714.0,True
46,420.0,714.0,True
47,651.0,714.0,True
48,651.0,714.0,True
49,651.0,714.0,False
50,693.0,714.0,True
51,651.0,714.0,True
52,651.0,714.0,True
53,672.0,714.0,False
54,651.0,714.0,False
55,672.0,714.0,False
56,672.0,714.0,True
57,651.0,714.0,False
58,651.0,714.0,True
59,651.0,714.0,True
60,651.0,714.0,False
61,693.0,714.0,True
62,693.0,714.0,True
63,651.0,714.0,True
64,714.0,714.0,False
65,672.0,714.0,False
66,651.0,714.0,False
67,630.0,714.0,True
68,630.0,714.0,False
69,630.0,714.0,False
70,672.0,714.0,True
71,714.0,714.0,True
72,672.0,714.0,True
73,693.0,714.0,False
74,609.0,714.0,False
75,651.0,714.0,False
76,651.0,714.0,True
77,651.0,714.0,True
78,693.0,714.0,False
79,651.0,714.0,False
80,651.0,714.0,True
81,735.0,735.0,False
82,714.0,735.0,False
83,651.0,735.0,False
84,714.0,735.0,False
85,651.0,735.0,True
86,714.0,735.0,False
87,672.0,735.0,False
88,672.0,735.0,True
89,672.0,735.0,False
90,672.0,735.0,True
91,651.0,735.0,True
92,651.0,735.0,True
93,714.0,735.0,True
94,693.0,735.0,False
95,672.0,735.0,True
96,672.0,735.0,True
97,672.0,735.0,True
98,651.0,735.0,True
99,714.0,735.0,True
100,672.0,735.0,False
101,693.0,735.0,False
102,651.0,735.0,True
103,693.0,735.0,True
104,672.0,735.0,True
105,651.0,735.0,False
106,651.0,735.0,True
107,651.0,735.0,True
108,714.0,735.0,False
109,672.0,735.0,True
110,672.0,735.0,True
111,672.0,735.0,False
112,693.0,735.0,True
113,714.0,735.0,True
114,651.0,735.0,True
115,672.0,735.0,True
116,651.0,735.0,True
117,651.0,735.0,True
118,672.0,735.0,False
119,651.0,735.0,True
120,630.0,735.0,True
121,735.0,735.0,True
122,714.0,735.0,False
123,672.0,735.0,True
124,651.0,735.0,True
125,609.0,735.0,True
126,651.0,735.0,False
127,651.0,735.0,True
128,399.0,735.0,False
129,483.0,735.0,True
130,588.0,735.0,True
131,525.0,735.0,True
132,630.0,735.0,False
133,483.0,735.0,True
134,630.0,735.0,True
135,588.0,735.0,True
136,609.0,735.0,False
137,588.0,735.0,True
138,546.0,735.0,True
139,420.0,735.0,False
140,672.0,735.0,True
141,777.0,777.0,True
142,525.0,777.0,True
143,651.0,777.0,True
144,567.0,777.0,True
145,651.0,777.0,False
146,399.0,777.0,False
147,504.0,777.0,False
148,630.0,777.0,True
149,672.0,777.0,True
150,672.0,777.0,False
151,672.0,777.0,True
152,630.0,777.0,True
153,672.0,777.0,False
154,714.0,777.0,True
155,651.0,777.0,True
156,672.0,777.0,False
157,462.0,777.0,True
158,378.0,777.0,False
159,294.0,777.0,True
160,399.0,777.0,True
161,609.0,777.0,True
162,378.0,777.0,True
163,420.0,777.0,True
164,525.0,777.0,True
165,630.0,777.0,True
166,336.0,777.0,True
167,504.0,777.0,True
168,504.0,777.0,False
169,588.0,777.0,False
170,462.0,777.0,True
171,462.0,777.0,True
172,546.0,777.0,False
173,441.0,777.0,True
174,399.0,777.0,False
175,609.0,777.0,True
176,462.0,777.0,True
177,630.0,777.0,True
178,546.0,777.0,True
179,294.0,777.0,True
180,504.0,777.0,True
181,525.0,777.0,False
182,525.0,777.0,True
183,462.0,777.0,False
184,525.0,777.0,True
185,420.0,777.0,True
186,504.0,777.0,False
187,504.0,777.0,True
188,525.0,777.0,True
189,462.0,777.0,False
190,462.0,777.0,True
191,525.0,777.0,False
192,630.0,777.0,True
193,441.0,777.0,False
194,525.0,777.0,False
195,525.0,777.0,True
196,462.0,777.0,False
197,462.0,777.0,True
198,609.0,777.0,True
199,567.0,777.0,True
200,252.0,777.0,True
201,504.0,777.0,True
202,525.0,777.0,False
203,504.0,777.0,False
204,546.0,777.0,True
205,546.0,777.0,True
206,546.0,777.0,True
207,273.0,777.0,True
208,462.0,777.0,True
209,525.0,777.0,True
210,483.0,777.0,False
211,441.0,777.0,True
212,504.0,777.0,True
213,651.0,777.0,True
214,588.0,777.0,True
215,525.0,777.0,True
216,651.0,777.0,True
217,525.0,777.0,True
218,525.0,777.0,True
219,504.0,777.0,True
220,525.0,777.0,True
221,399.0,777.0,True
222,651.0,777.0,True
223,546.0,777.0,False
224,672.0,777.0,True
225,714.0,777.0,False
226,714.0,777.0,False
227,651.0,777.0,False
228,378.0,777.0,True
229,756.0,777.0,True
230,672.0,777.0,True
231,661.0,777.0,True
232,651.0,777.0,False
233,609.0,777.0,True
234,609.0,777.0,False
235,651.0,777.0,False
236,693.0,777.0,True
237,630.0,777.0,False
238,693.0,777.0,False
239,567.0,777.0,True
240,462.0,777.0,True
241,588.0,777.0,True
242,525.0,777.0,True
243,651.0,777.0,False
244,672.0,777.0,False
245,588.0,777.0,True
246,399.0,777.0,False
247,420.0,777.0,True
248,483.0,777.0,False
249,546.0,777.0,False
250,462.0,777.0,True
251,567.0,777.0,True
252,483.0,777.0,True
253,546.0,777.0,False
254,651.0,777.0,False
255,441.0,777.0,True
256,378.0,777.0,True
257,357.0,777.0,False
258,525.0,777.0,False
259,357.0,777.0,False
260,378.0,777.0,False
261,357.0,777.0,False
262,588.0,777.0,True
263,546.0,777.0,False
264,588.0,777.0,True
265,651.0,777.0,True
266,672.0,777.0,False
267,504.0,777.0,False
268,462.0,777.0,True
269,651.0,777.0,True
270,672.0,777.0,True
271,630.0,777.0,False
272,693.0,777.0,True
273,231.0,777.0,False
274,672.0,777.0,True
275,630.0,777.0,True
276,630.0,777.0,False
277,399.0,777.0,False
278,630.0,777.0,False
279,672.0,777.0,True
280,651.0,777.0,True
281,651.0,777.0,True
282,630.0,777.0,True
283,672.0,777.0,True
284,693.0,777.0,False
285,609.0,777.0,False
286,651.0,777.0,True
287,693.0,777.0,True
288,651.0,777.0,False
289,525.0,777.0,False
290,693.0,777.0,False
291,546.0,777.0,False
292,630.0,777.0,False
293,420.0,777.0,True
294,378.0,777.0,True
295,420.0,777.0,True
296,441.0,777.0,True
297,378.0,777.0,True
298,588.0,777.0,True
299,399.0,777.0,True
300,378.0,777.0,False
301,441.0,777.0,True
302,441.0,777.0,False
303,651.0,777.0,False
304,651.0,777.0,True
305,630.0,777.0,True
306,378.0,777.0,False
307,672.0,777.0,True
308,546.0,777.0,False
309,567.0,777.0,False
310,441.0,777.0,True
311,651.0,777.0,False
312,672.0,777.0,True
313,630.0,777.0,True
314,420.0,777.0,False
315,609.0,777.0,True
316,399.0,777.0,True
317,609.0,777.0,False
318,567.0,777.0,True
319,630.0,777.0,False
320,651.0,777.0,True
321,756.0,777.0,False
322,672.0,777.0,True
323,693.0,777.0,False
324,525.0,777.0,True
325,672.0,777.0,True
326,651.0,777.0,False
327,651.0,777.0,True
328,609.0,777.0,True
329,420.0,777.0,True
330,756.0,777.0,False
331,630.0,777.0,True
332,546.0,777.0,True
333,546.0,777.0,False
334,651.0,777.0,False
335,672.0,777.0,False
336,693.0,777.0,False
337,588.0,777.0,True
338,672.0,777.0,True
339,651.0,777.0,False
340,651.0,777.0,False
341,714.0,777.0,True
342,651.0,777.0,True
343,714.0,777.0,False
344,651.0,777.0,True
345,651.0,777.0,False
346,651.0,777.0,True
347,693.0,777.0,True
348,630.0,777.0,True
349,735.0,777.0,True
350,735.0,777.0,True
351,672.0,777.0,False
352,672.0,777.0,True
353,504.0,777.0,True
354,525.0,777.0,True
355,609.0,777.0,True
356,546.0,777.0,True
357,588.0,777.0,False
358,441.0,777.0,True
359,609.0,777.0,True
360,525.0,777.0,False
361,546.0,777.0,True
362,483.0,777.0,True
363,588.0,777.0,True
364,462.0,777.0,True
365,378.0,777.0,True
366,189.0,777.0,False
367,462.0,777.0,True
368,483.0,777.0,True
369,420.0,777.0,False
370,525.0,777.0,True
371,189.0,777.0,False
372,525.0,777.0,False
373,672.0,777.0,False
374,504.0,777.0,True
375,441.0,777.0,True
376,546.0,777.0,True
377,357.0,777.0,True
378,525.0,777.0,True
379,525.0,777.0,True
380,483.0,777.0,True
381,504.0,777.0,True
382,735.0,777.0,True
383,756.0,777.0,True
384,651.0,777.0,True
385,693.0,777.0,True
386,525.0,777.0,True
387,609.0,777.0,True
388,504.0,777.0,True
389,525.0,777.0,True
390,483.0,777.0,True
391,546.0,777.0,False
392,735.0,777.0,True
393,672.0,777.0,True
394,651.0,777.0,True
395,630.0,777.0,True
396,651.0,777.0,True
397,651.0,777.0,True
398,168.0,777.0,True
399,692.0,777.0,False
400,703.0,777.0,True
401,567.0,777.0,True
402,693.0,777.0,True
403,651.0,777.0,False
404,651.0,777.0,False
405,651.0,777.0,False
406,588.0,777.0,False
407,714.0,777.0,False
408,609.0,777.0,False
409,588.0,777.0,False
410,588.0,777.0,False
411,651.0,777.0,False
412,630.0,777.0,True
413,609.0,777.0,False
414,525.0,777.0,False
415,609.0,777.0,False
416,609.0,777.0,False
417,546.0,777.0,False
418,630.0,777.0,False
419,724.0,777.0,False
420,525.0,777.0,False
421,651.0,777.0,False
422,745.0,777.0,True
423,630.0,777.0,False
424,672.0,777.0,True
425,294.0,777.0,False
426,231.0,777.0,False
427,441.0,777.0,True
428,630.0,777.0,True
429,273.0,777.0,False
430,441.0,777.0,False
431,630.0,777.0,True
432,735.0,777.0,False
433,483.0,777.0,False
434,672.0,777.0,False
435,336.0,777.0,False
436,588.0,777.0,True
437,525.0,777.0,True
438,651.0,777.0,False
439,399.0,777.0,True
440,546.0,777.0,True
441,399.0,777.0,True
442,252.0,777.0,True
443,336.0,777.0,True
444,210.0,777.0,False
445,399.0,777.0,True
446,399.0,777.0,True
447,336.0,777.0,False
448,441.0,777.0,True
449,504.0,777.0,True
450,504.0,777.0,True
451,378.0,777.0,False
452,588.0,777.0,True
453,525.0,777.0,True
454,546.0,777.0,True
455,315.0,777.0,True
456,483.0,777.0,True
457,483.0,777.0,True
458,483.0,777.0,True
459,399.0,777.0,True
460,378.0,777.0,False
461,462.0,777.0,True
462,504.0,777.0,True
463,588.0,777.0,True
464,546.0,777.0,True
465,357.0,777.0,True
466,462.0,777.0,False
467,420.0,777.0,True
468,546.0,777.0,True
469,567.0,777.0,True
470,462.0,777.0,False
471,546.0,777.0,False
472,609.0,777.0,True
473,546.0,777.0,False
474,441.0,777.0,False
475,588.0,777.0,True
476,630.0,777.0,False
477,567.0,777.0,True
478,399.0,777.0,False
479,336.0,777.0,False
480,672.0,777.0,True
481,693.0,777.0,False
482,693.0,777.0,False
483,567.0,777.0,False
484,609.0,777.0,False
485,672.0,777.0,False
486,546.0,777.0,False
487,252.0,777.0,False
488,630.0,777.0,False
489,672.0,777.0,False
490,651.0,777.0,False
491,651.0,777.0,False
492,651.0,777.0,False
493,735.0,777.0,False
494,672.0,777.0,True
495,504.0,777.0,True
496,399.0,777.0,False
497,168.0,777.0,False
498,546.0,777.0,True
499,693.0,777.0,True
500,378.0,777.0,False
501,546.0,777.0,True
502,567.0,777.0,False
503,693.0,777.0,True
504,504.0,777.0,False
505,420.0,777.0,True
506,420.0,777.0,True
507,462.0,777.0,True
508,462.0,777.0,True
509,504.0,777.0,False
510,525.0,777.0,True
511,462.0,777.0,True
512,546.0,777.0,True
513,336.0,777.0,True
514,441.0,777.0,True
515,462.0,777.0,True
516,630.0,777.0,True
517,525.0,777.0,True
518,504.0,777.0,False
519,462.0,777.0,True
520,588.0,777.0,False
521,504.0,777.0,True
522,525.0,777.0,True
523,546.0,777.0,True
524,420.0,777.0,True
525,441.0,777.0,True
526,378.0,777.0,True
527,462.0,777.0,True
528,546.0,777.0,True
529,462.0,777.0,True
530,462.0,777.0,True
531,525.0,777.0,False
532,630.0,777.0,True
533,525.0,777.0,False
534,504.0,777.0,False
535,462.0,777.0,True
536,630.0,777.0,True
537,525.0,777.0,True
538,588.0,777.0,True
539,462.0,777.0,True
540,504.0,777.0,True
541,588.0,777.0,True
542,525.0,777.0,True
543,504.0,777.0,True
544,441.0,777.0,True
545,567.0,777.0,False
546,441.0,777.0,False
547,588.0,777.0,True
548,588.0,777.0,True
549,630.0,777.0,True
550,504.0,777.0,False
551,525.0,777.0,True
552,525.0,777.0,False
553,441.0,777.0,True
554,567.0,777.0,True
555,420.0,777.0,True
556,588.0,777.0,True
557,483.0,777.0,True
558,504.0,777.0,True
559,525.0,777.0,True
560,525.0,777.0,True
561,525.0,777.0,True
562,420.0,777.0,True
563,525.0,777.0,True
564,483.0,777.0,True
565,525.0,777.0,True
566,672.0,777.0,False
567,525.0,777.0,True
568,546.0,777.0,True
569,462.0,777.0,True
570,525.0,777.0,True
571,504.0,777.0,True
572,546.0,777.0,True
573,525.0,777.0,False
574,672.0,777.0,True
575,315.0,777.0,False
576,588.0,777.0,True
577,483.0,777.0,True
578,651.0,777.0,True
579,672.0,777.0,True
580,630.0,777.0,False
581,504.0,777.0,False
582,546.0,777.0,True
583,525.0,777.0,False
584,504.0,777.0,True
585,546.0,777.0,True
586,399.0,777.0,True
587,651.0,777.0,True
588,546.0,777.0,True
589,672.0,777.0,False
590,504.0,777.0,True
591,504.0,777.0,False
592,462.0,777.0,True
593,672.0,777.0,True
594,588.0,777.0,True
595,441.0,777.0,False
596,546.0,777.0,False
597,483.0,777.0,True
598,525.0,777.0,True
599,525.0,777.0,True
600,462.0,777.0,True
601,504.0,777.0,False
602,504.0,777.0,True
603,630.0,777.0,True
604,525.0,777.0,False
605,525.0,777.0,False
606,504.0,777.0,True
607,525.0,777.0,True
608,483.0,777.0,True
609,441.0,777.0,False
610,441.0,777.0,True
611,462.0,777.0,True
612,420.0,777.0,True
613,420.0,777.0,False
614,504.0,777.0,False
615,399.0,777.0,False
616,441.0,777.0,True
617,609.0,777.0,True
618,630.0,777.0,True
619,672.0,777.0,True
620,441.0,777.0,True
621,651.0,777.0,True
622,441.0,777.0,True
623,735.0,777.0,True
624,672.0,777.0,False
625,441.0,777.0,True
626,630.0,777.0,False
627,651.0,777.0,False
628,630.0,777.0,True
629,399.0,777.0,True
630,357.0,777.0,True
631,630.0,777.0,True
632,504.0,777.0,True
633,630.0,777.0,True
634,609.0,777.0,True
635,651.0,777.0,True
636,714.0,777.0,True
637,567.0,777.0,True
638,546.0,777.0,True
639,483.0,777.0,False
640,504.0,777.0,False
641,609.0,777.0,True
642,672.0,777.0,True
643,441.0,777.0,True
644,462.0,777.0,True
645,504.0,777.0,True
646,420.0,777.0,True
647,462.0,777.0,True
648,504.0,777.0,True
649,672.0,777.0,True
650,504.0,777.0,True
651,546.0,777.0,True
652,567.0,777.0,False
653,504.0,777.0,False
654,630.0,777.0,True
655,483.0,777.0,False
656,546.0,777.0,True
657,525.0,777.0,True
658,462.0,777.0,True
659,483.0,777.0,True
660,546.0,777.0,False
661,483.0,777.0,False
662,420.0,777.0,True
663,441.0,777.0,True
664,525.0,777.0,True
665,525.0,777.0,True
666,336.0,777.0,True
667,567.0,777.0,True
668,588.0,777.0,True
669,441.0,777.0,True
670,441.0,777.0,True
671,525.0,777.0,True
672,399.0,777.0,True
673,546.0,777.0,True
674,462.0,777.0,True
675,504.0,777.0,False
676,588.0,777.0,True
677,567.0,777.0,True
678,399.0,777.0,True
679,588.0,777.0,True
680,420.0,777.0,True
681,588.0,777.0,True
682,609.0,777.0,False
683,441.0,777.0,True
684,567.0,777.0,True
685,504.0,777.0,True
686,441.0,777.0,True
687,567.0,777.0,False
688,609.0,777.0,True
689,483.0,777.0,True
690,462.0,777.0,True
691,483.0,777.0,True
692,483.0,777.0,True
693,504.0,777.0,True
694,399.0,777.0,True
695,441.0,777.0,True
696,483.0,777.0,False
697,420.0,777.0,True
698,294.0,777.0,True
699,504.0,777.0,True
700,420.0,777.0,True
701,525.0,777.0,False
702,567.0,777.0,True
703,630.0,777.0,True
704,693.0,777.0,True
705,693.0,777.0,False
706,651.0,777.0,True
707,651.0,777.0,False
708,714.0,777.0,False
709,651.0,777.0,True
710,714.0,777.0,True
711,714.0,777.0,False
712,714.0,777.0,False
713,714.0,777.0,False
714,672.0,777.0,True
715,651.0,777.0,True
716,672.0,777.0,True
717,672.0,777.0,True
718,651.0,777.0,False
719,651.0,777.0,True
720,714.0,777.0,False
721,1609.0,1609.0,True
722,2126.0,2126.0,False
723,2251.0,2251.0,False
724,2943.0,2943.0,False
725,1022.0,2943.0,True
726,691.0,2943.0,True
727,1395.0,2943.0,True
728,1234.0,2943.0,True
729,835.0,2943.0,True
730,1158.0,2943.0,True
731,1014.0,2943.0,False
732,978.0,2943.0,False
733,1201.0,2943.0,False
734,877.0,2943.0,True
735,2672.0,2943.0,True
736,936.0,2943.0,True
737,2226.0,2943.0,True
738,2434.0,2943.0,False
739,1865.0,2943.0,False
740,1812.0,2943.0,True
741,1068.0,2943.0,False
742,2274.0,2943.0,False
743,2026.0,2943.0,False
744,2289.0,2943.0,False
745,1374.0,2943.0,True
746,2544.0,2943.0,False
747,1069.0,2943.0,False
748,1229.0,2943.0,False
749,2388.0,2943.0,True
750,1614.0,2943.0,False
751,2349.0,2943.0,False
752,2043.0,2943.0,True
753,2401.0,2943.0,False
754,1960.0,2943.0,False
755,2283.0,2943.0,False
756,2022.0,2943.0,True
757,2129.0,2943.0,True
758,2070.0,2943.0,False
759,2410.0,2943.0,False
760,2471.0,2943.0,True
761,844.0,2943.0,False
762,2404.0,2943.0,True
763,938.0,2943.0,True
764,1244.0,2943.0,True
765,2295.0,2943.0,True
766,1803.0,2943.0,True
767,2318.0,2943.0,True
768,1312.0,2943.0,False
769,2701.0,2943.0,False
770,2175.0,2943.0,False
771,2090.0,2943.0,False
772,2444.0,2943.0,True
773,2566.0,2943.0,True
774,1776.0,2943.0,False
775,2525.0,2943.0,False
776,1264.0,2943.0,False
777,925.0,2943.0,True
778,1665.0,2943.0,True
779,2509.0,2943.0,False
780,2132.0,2943.0,False
781,2253.0,2943.0,False
782,2092.0,2943.0,False
783,2401.0,2943.0,True
784,1869.0,2943.0,False
785,651.0,2943.0,True
786,714.0,2943.0,True
787,693.0,2943.0,True
788,693.0,2943.0,True
789,756.0,2943.0,False
790,651.0,2943.0,True
791,693.0,2943.0,True
792,672.0,2943.0,True
793,693.0,2943.0,True
794,630.0,2943.0,True
795,672.0,2943.0,True
796,672.0,2943.0,True
797,714.0,2943.0,False
798,651.0,2943.0,True
799,588.0,2943.0,False
800,693.0,2943.0,False
801,672.0,2943.0,True
802,714.0,2943.0,True
803,777.0,2943.0,True
804,672.0,2943.0,True
805,693.0,2943.0,False
806,756.0,2943.0,False
807,672.0,2943.0,False
808,693.0,2943.0,True
809,672.0,2943.0,False
810,651.0,2943.0,True
811,651.0,2943.0,True
812,651.0,2943.0,True
813,672.0,2943.0,False
814,714.0,2943.0,True
815,714.0,2943.0,True
816,693.0,2943.0,True
817,441.0,2943.0,False
818,714.0,2943.0,False
819,546.0,2943.0,False
820,693.0,2943.0,True
821,714.0,2943.0,False
822,693.0,2943.0,True
823,651.0,2943.0,True
824,651.0,2943.0,True
825,672.0,2943.0,True
826,630.0,2943.0,True
827,693.0,2943.0,False
828,735.0,2943.0,True
829,672.0,2943.0,True
830,735.0,2943.0,False
831,651.0,2943.0,True
832,651.0,2943.0,False
833,630.0,2943.0,True
834,567.0,2943.0,True
835,693.0,2943.0,False
836,630.0,2943.0,True
837,735.0,2943.0,True
838,693.0,2943.0,False
839,546.0,2943.0,True
840,756.0,2943.0,True
841,651.0,2943.0,True
842,630.0,2943.0,True
843,630.0,2943.0,True
844,672.0,2943.0,False
845,630.0,2943.0,False
846,714.0,2943.0,False
847,546.0,2943.0,False
848,609.0,2943.0,True
849,567.0,2943.0,True
850,462.0,2943.0,False
851,588.0,2943.0,False
852,609.0,2943.0,True
853,420.0,2943.0,True
854,630.0,2943.0,True
855,525.0,2943.0,True
856,546.0,2943.0,True
857,399.0,2943.0,True
858,630.0,2943.0,True
859,504.0,2943.0,False
860,420.0,2943.0,True
861,399.0,2943.0,True
862,525.0,2943.0,True
863,567.0,2943.0,True
864,357.0,2943.0,False
865,378.0,2943.0,False
866,504.0,2943.0,True
867,546.0,2943.0,False
868,504.0,2943.0,False
869,546.0,2943.0,False
870,273.0,2943.0,False
871,210.0,2943.0,False
872,315.0,2943.0,False
873,420.0,2943.0,False
874,462.0,2943.0,True
875,294.0,2943.0,False
876,420.0,2943.0,False
877,357.0,2943.0,False
878,546.0,2943.0,True
879,630.0,2943.0,False
880,588.0,2943.0,False
881,609.0,2943.0,False
882,399.0,2943.0,False
883,630.0,2943.0,False
884,504.0,2943.0,True
885,630.0,2943.0,True
886,504.0,2943.0,True
887,588.0,2943.0,False
888,441.0,2943.0,True
889,588.0,2943.0,True
890,525.0,2943.0,True
891,462.0,2943.0,True
892,399.0,2943.0,True
893,672.0,2943.0,True
894,672.0,2943.0,True
895,714.0,2943.0,True
896,693.0,2943.0,False
897,693.0,2943.0,True
898,651.0,2943.0,False
899,693.0,2943.0,True
900,672.0,2943.0,False
901,693.0,2943.0,False
902,735.0,2943.0,True
903,693.0,2943.0,True
904,693.0,2943.0,True
905,693.0,2943.0,True
906,651.0,2943.0,True
907,693.0,2943.0,True
908,734.0,2943.0,True
909,483.0,2943.0,True
910,441.0,2943.0,False
911,693.0,2943.0,True
912,630.0,2943.0,False
913,651.0,2943.0,True
914,630.0,2943.0,False
915,672.0,2943.0,False
916,630.0,2943.0,True
917,672.0,2943.0,False
918,693.0,2943.0,True
919,756.0,2943.0,False
920,693.0,2943.0,True
921,735.0,2943.0,True
922,693.0,2943.0,True
923,672.0,2943.0,False
924,672.0,2943.0,True
925,1521.0,2943.0,True
926,877.0,2943.0,True
927,918.0,2943.0,False
928,957.0,2943.0,True
929,1205.0,2943.0,False
930,1158.0,2943.0,False
931,933.0,2943.0,False
932,826.0,2943.0,False
933,1305.0,2943.0,False
934,1166.0,2943.0,True
935,825.0,2943.0,False
936,886.0,2943.0,False
937,1320.0,2943.0,True
938,703.0,2943.0,True
939,898.0,2943.0,True
940,1039.0,2943.0,True
941,905.0,2943.0,False
942,1149.0,2943.0,False
943,1000.0,2943.0,True
944,899.0,2943.0,True
945,764.0,2943.0,False
946,1046.0,2943.0,True
947,998.0,2943.0,True
948,838.0,2943.0,True
949,807.0,2943.0,False
950,815.0,2943.0,False
951,823.0,2943.0,True
952,998.0,2943.0,False
953,1352.0,2943.0,True
954,1233.0,2943.0,False
955,1790.0,2943.0,False
956,989.0,2943.0,True
957,939.0,2943.0,False
958,1008.0,2943.0,False
959,462.0,2943.0,False
960,1019.0,2943.0,True
961,959.0,2943.0,True
962,815.0,2943.0,False
963,974.0,2943.0,True
964,816.0,2943.0,False
965,939.0,2943.0,False
966,897.0,2943.0,True
967,712.0,2943.0,True
968,1098.0,2943.0,False
969,1719.0,2943.0,False
970,804.0,2943.0,False
971,886.0,2943.0,True
972,766.0,2943.0,True
973,818.0,2943.0,False
974,843.0,2943.0,False
975,878.0,2943.0,True
976,772.0,2943.0,False
977,917.0,2943.0,False
978,1014.0,2943.0,True
979,998.0,2943.0,True
980,886.0,2943.0,False
981,1084.0,2943.0,True
982,835.0,2943.0,False
983,1079.0,2943.0,True
984,928.0,2943.0,True
985,1013.0,2943.0,False
986,1327.0,2943.0,False
987,763.0,2943.0,True
988,886.0,2943.0,True
989,661.0,2943.0,False
990,825.0,2943.0,False
991,908.0,2943.0,False
992,917.0,2943.0,True
993,1213.0,2943.0,False
994,2369.0,2943.0,True
995,1301.0,2943.0,False
996,896.0,2943.0,False
997,1487.0,2943.0,False
998,937.0,2943.0,True
999,1638.0,2943.0,False
1000,824.0,2943.0,False
1001,878.0,2943.0,True
1002,978.0,2943.0,False
1003,1413.0,2943.0,False
1004,896.0,2943.0,True
1005,929.0,2943.0,True
1006,1314.0,2943.0,True
1007,813.0,2943.0,False
1008,957.0,2943.0,True
1009,1222.0,2943.0,True
1010,1112.0,2943.0,True
1011,787.0,2943.0,False
1012,896.0,2943.0,True
1013,1030.0,2943.0,True
1014,1115.0,2943.0,False
1015,777.0,2943.0,True
1016,672.0,2943.0,True
1017,714.0,2943.0,True
1018,714.0,2943.0,False
1019,714.0,2943.0,False
1020,735.0,2943.0,True
1021,735.0,2943.0,False
1022,777.0,2943.0,False
1023,714.0,2943.0,False
1024,693.0,2943.0,False
1025,756.0,2943.0,True
1026,714.0,2943.0,True
1027,735.0,2943.0,False
1028,714.0,2943.0,True
1029,672.0,2943.0,False
1030,714.0,2943.0,True
1031,714.0,2943.0,False
1032,798.0,2943.0,True
1033,672.0,2943.0,False
1034,567.0,2943.0,False
1035,693.0,2943.0,True
1036,714.0,2943.0,False
1037,714.0,2943.0,False
1038,672.0,2943.0,True
1039,693.0,2943.0,False
1040,693.0,2943.0,True
1041,651.0,2943.0,True
1042,651.0,2943.0,False
1043,756.0,2943.0,True
1044,630.0,2943.0,False
1045,672.0,2943.0,False
1046,714.0,2943.0,False
1047,693.0,2943.0,True
1048,714.0,2943.0,True
1049,735.0,2943.0,True
1050,798.0,2943.0,True
1051,693.0,2943.0,False
1052,672.0,2943.0,True
1053,672.0,2943.0,True
1054,714.0,2943.0,False
1055,630.0,2943.0,False
1056,714.0,2943.0,True
1057,693.0,2943.0,False
1058,777.0,2943.0,True
1059,693.0,2943.0,True
1060,979.0,2943.0,True
1061,754.0,2943.0,False
1062,1203.0,2943.0,True
1063,866.0,2943.0,True
1064,651.0,2943.0,True
1065,630.0,2943.0,True
1066,735.0,2943.0,True
1067,693.0,2943.0,False
1068,735.0,2943.0,True
1069,672.0,2943.0,False
1070,735.0,2943.0,True
1071,693.0,2943.0,True
1072,756.0,2943.0,True
1073,672.0,2943.0,True
1074,672.0,2943.0,True
1075,714.0,2943.0,True
1076,693.0,2943.0,False
1077,693.0,2943.0,True
1078,693.0,2943.0,True
1079,756.0,2943.0,True
1080,777.0,2943.0,False
1081,756.0,2943.0,True
1082,735.0,2943.0,True
1083,651.0,2943.0,True
1084,693.0,2943.0,False
1085,714.0,2943.0,True
1086,735.0,2943.0,True
1087,651.0,2943.0,True
1088,714.0,2943.0,True
1089,714.0,2943.0,False
1090,693.0,2943.0,False
1091,693.0,2943.0,False
1092,714.0,2943.0,True
1093,609.0,2943.0,False
1094,630.0,2943.0,False
1095,630.0,2943.0,False
1096,630.0,2943.0,True
1097,693.0,2943.0,False
1098,546.0,2943.0,False
1099,462.0,2943.0,True
1100,546.0,2943.0,False
1101,588.0,2943.0,False
1102,651.0,2943.0,True
1103,567.0,2943.0,True
1104,525.0,2943.0,False
1105,735.0,2943.0,True
1106,504.0,2943.0,False
1107,651.0,2943.0,True
1108,651.0,2943.0,False
1109,651.0,2943.0,False
1110,588.0,2943.0,True
1111,441.0,2943.0,True
1112,441.0,2943.0,True
1113,462.0,2943.0,True
1114,357.0,2943.0,True
1115,441.0,2943.0,True
1116,504.0,2943.0,True
1117,420.0,2943.0,True
1118,504.0,2943.0,True
1119,189.0,2943.0,False
1120,420.0,2943.0,True
1121,651.0,2943.0,True
1122,357.0,2943.0,False
1123,504.0,2943.0,False
1124,441.0,2943.0,True
1125,441.0,2943.0,True
1126,630.0,2943.0,True
1127,651.0,2943.0,False
1128,651.0,2943.0,False
1129,588.0,2943.0,True
1130,651.0,2943.0,True
1131,672.0,2943.0,True
1132,546.0,2943.0,True
1133,609.0,2943.0,True
1134,672.0,2943.0,True
1135,525.0,2943.0,False
1136,399.0,2943.0,True
1137,399.0,2943.0,False
1138,546.0,2943.0,False
1139,651.0,2943.0,True
1140,672.0,2943.0,False
1141,651.0,2943.0,True
1142,651.0,2943.0,True
1143,651.0,2943.0,True
1144,714.0,2943.0,True
1145,693.0,2943.0,False
1146,651.0,2943.0,False
1147,735.0,2943.0,True
1148,672.0,2943.0,True
1149,693.0,2943.0,False
1150,651.0,2943.0,False
1151,693.0,2943.0,True
1152,693.0,2943.0,True
1153,756.0,2943.0,True
1154,672.0,2943.0,True
1155,714.0,2943.0,False
1156,693.0,2943.0,False
1157,651.0,2943.0,True
1158,672.0,2943.0,False
1159,693.0,2943.0,False
1160,840.0,2943.0,True
1161,441.0,2943.0,False
1162,693.0,2943.0,True
1163,777.0,2943.0,False
1164,735.0,2943.0,False
1165,651.0,2943.0,True
1166,609.0,2943.0,False
1167,630.0,2943.0,False
1168,525.0,2943.0,True
1169,525.0,2943.0,True
1170,504.0,2943.0,True
1171,420.0,2943.0,True
1172,567.0,2943.0,True
1173,315.0,2943.0,True
1174,399.0,2943.0,False
1175,441.0,2943.0,True
1176,651.0,2943.0,True
1177,672.0,2943.0,False
1178,630.0,2943.0,True
1179,651.0,2943.0,True
1180,630.0,2943.0,False
1181,672.0,2943.0,False
1182,672.0,2943.0,True
1183,714.0,2943.0,True
1184,693.0,2943.0,False
1185,651.0,2943.0,False
1186,672.0,2943.0,False
1187,651.0,2943.0,False
1188,661.0,2943.0,True
1189,693.0,2943.0,True
1190,693.0,2943.0,True
1191,693.0,2943.0,True
1192,735.0,2943.0,False
1193,693.0,2943.0,True
1194,651.0,2943.0,True
1195,693.0,2943.0,False
1196,714.0,2943.0,True
1197,756.0,2943.0,False
1198,672.0,2943.0,True
1199,651.0,2943.0,False
1200,693.0,2943.0,True
1201,735.0,2943.0,False
1202,672.0,2943.0,False
1203,672.0,2943.0,True
1204,651.0,2943.0,True
1205,651.0,2943.0,True
1206,651.0,2943.0,True
1207,672.0,2943.0,True
1208,651.0,2943.0,True
1209,693.0,2943.0,False
1210,630.0,2943.0,False
1211,693.0,2943.0,False
1212,651.0,2943.0,False
1213,441.0,2943.0,True
1214,399.0,2943.0,False
1215,483.0,2943.0,True
1216,420.0,2943.0,True
1217,672.0,2943.0,True
1218,504.0,2943.0,True
1219,483.0,2943.0,True
1220,525.0,2943.0,True
1221,504.0,2943.0,True
1222,420.0,2943.0,True
1223,504.0,2943.0,True
1224,483.0,2943.0,False
1225,546.0,2943.0,True
1226,441.0,2943.0,True
1227,462.0,2943.0,True
1228,441.0,2943.0,True
1229,462.0,2943.0,True
1230,504.0,2943.0,True
1231,441.0,2943.0,True
1232,588.0,2943.0,True
1233,504.0,2943.0,True
1234,399.0,2943.0,True
1235,399.0,2943.0,True
1236,630.0,2943.0,True
1237,399.0,2943.0,False
1238,336.0,2943.0,True
1239,525.0,2943.0,True
1240,525.0,2943.0,False
1241,462.0,2943.0,False
1242,504.0,2943.0,True
1243,525.0,2943.0,True
1244,525.0,2943.0,True
1245,378.0,2943.0,True
1246,651.0,2943.0,True
1247,546.0,2943.0,True
1248,378.0,2943.0,False
1249,504.0,2943.0,True
1250,525.0,2943.0,False
1251,357.0,2943.0,True
1252,525.0,2943.0,True
1253,651.0,2943.0,False
1254,525.0,2943.0,True
1255,525.0,2943.0,True
1256,525.0,2943.0,True
1257,525.0,2943.0,False
1258,525.0,2943.0,True
1259,483.0,2943.0,True
1260,399.0,2943.0,True
1261,525.0,2943.0,False
1262,420.0,2943.0,True
1263,462.0,2943.0,False
1264,525.0,2943.0,True
1265,462.0,2943.0,True
1266,462.0,2943.0,True
1267,525.0,2943.0,False
1268,672.0,2943.0,True
1269,504.0,2943.0,True
1270,189.0,2943.0,True
1271,504.0,2943.0,True
1272,462.0,2943.0,True
1273,546.0,2943.0,False
1274,441.0,2943.0,False
1275,588.0,2943.0,False
1276,420.0,2943.0,True
1277,630.0,2943.0,True
1278,672.0,2943.0,True
1279,714.0,2943.0,True
1280,588.0,2943.0,False
1281,609.0,2943.0,True
1282,483.0,2943.0,True
1283,651.0,2943.0,True
1284,588.0,2943.0,False
1285,294.0,2943.0,False
1286,713.0,2943.0,True
1287,714.0,2943.0,True
1288,672.0,2943.0,True
1289,714.0,2943.0,True
1290,777.0,2943.0,True
1291,693.0,2943.0,True
1292,651.0,2943.0,False
1293,755.0,2943.0,False
1294,714.0,2943.0,True
1295,756.0,2943.0,True
1296,651.0,2943.0,True
1297,735.0,2943.0,True
1298,884.0,2943.0,True
1299,672.0,2943.0,True
1300,630.0,2943.0,True
1301,661.0,2943.0,True
1302,651.0,2943.0,False
1303,693.0,2943.0,True
1304,724.0,2943.0,True
1305,672.0,2943.0,True
1306,651.0,2943.0,True
1307,630.0,2943.0,True
1308,714.0,2943.0,False
1309,651.0,2943.0,True
1310,672.0,2943.0,False
1311,693.0,2943.0,True
1312,672.0,2943.0,True
1313,693.0,2943.0,True
1314,651.0,2943.0,False
1315,651.0,2943.0,True
1316,693.0,2943.0,True
1317,714.0,2943.0,True
1318,693.0,2943.0,True
1319,735.0,2943.0,True
1320,693.0,2943.0,True
1321,651.0,2943.0,False
1322,672.0,2943.0,True
1323,756.0,2943.0,True
1324,693.0,2943.0,True
1325,714.0,2943.0,True
1326,672.0,2943.0,True
1327,714.0,2943.0,True
1328,819.0,2943.0,True
1329,735.0,2943.0,False
1330,714.0,2943.0,False
1331,714.0,2943.0,False
1332,651.0,2943.0,True
1333,672.0,2943.0,True
1334,735.0,2943.0,True
1335,756.0,2943.0,True
1336,693.0,2943.0,False
1337,714.0,2943.0,True
1338,630.0,2943.0,False
1339,693.0,2943.0,True
1340,714.0,2943.0,False
1341,651.0,2943.0,False
1342,693.0,2943.0,True
1343,630.0,2943.0,True
1344,714.0,2943.0,True
1345,567.0,2943.0,False
1346,693.0,2943.0,False
1347,672.0,2943.0,True
1348,714.0,2943.0,False
1349,735.0,2943.0,True
1350,630.0,2943.0,True
1351,651.0,2943.0,True
1352,693.0,2943.0,True
1353,630.0,2943.0,True
1354,693.0,2943.0,False
1355,714.0,2943.0,True
1356,756.0,2943.0,True
1357,651.0,2943.0,False
1358,651.0,2943.0,False
1359,546.0,2943.0,False
1360,724.0,2943.0,True
1361,714.0,2943.0,False
1362,693.0,2943.0,True
1363,693.0,2943.0,True
1364,672.0,2943.0,True
1365,693.0,2943.0,True
1366,693.0,2943.0,False
1367,693.0,2943.0,False
1368,630.0,2943.0,True
1369,693.0,2943.0,True
1370,672.0,2943.0,True
1371,693.0,2943.0,True
1372,672.0,2943.0,False
1373,714.0,2943.0,True
1374,630.0,2943.0,True
1375,672.0,2943.0,False
1376,441.0,2943.0,True
1377,420.0,2943.0,True
1378,441.0,2943.0,False
1379,420.0,2943.0,True
1380,546.0,2943.0,True
1381,609.0,2943.0,True
1382,672.0,2943.0,False
1383,714.0,2943.0,True
1384,672.0,2943.0,True
1385,630.0,2943.0,True
1386,672.0,2943.0,True
1387,693.0,2943.0,False
1388,630.0,2943.0,True
1389,672.0,2943.0,True
1390,651.0,2943.0,False
1391,672.0,2943.0,True
1392,651.0,2943.0,False
1393,693.0,2943.0,False
1394,651.0,2943.0,True
1395,735.0,2943.0,True
1396,672.0,2943.0,True
1397,672.0,2943.0,True
1398,735.0,2943.0,True
1399,546.0,2943.0,False
1400,651.0,2943.0,False
1401,651.0,2943.0,True
1402,672.0,2943.0,True
1403,651.0,2943.0,False
1404,672.0,2943.0,True
1405,609.0,2943.0,True
1406,630.0,2943.0,True
1407,525.0,2943.0,True
1408,504.0,2943.0,True
1409,483.0,2943.0,True
1410,420.0,2943.0,True
1411,651.0,2943.0,True
1412,399.0,2943.0,False
1413,525.0,2943.0,False
1414,567.0,2943.0,True
1415,651.0,2943.0,True
1416,714.0,2943.0,True
1417,525.0,2943.0,False
1418,567.0,2943.0,False
1419,609.0,2943.0,False
1420,714.0,2943.0,False
1421,588.0,2943.0,False
1422,672.0,2943.0,True
1423,630.0,2943.0,False
1424,672.0,2943.0,False
1425,693.0,2943.0,True
1426,567.0,2943.0,False
1427,609.0,2943.0,False
1428,651.0,2943.0,True
1429,651.0,2943.0,True
1430,714.0,2943.0,False
1431,672.0,2943.0,False
1432,462.0,2943.0,False
1433,504.0,2943.0,True
1434,504.0,2943.0,False
1435,441.0,2943.0,True
1436,525.0,2943.0,True
1437,420.0,2943.0,True
1438,567.0,2943.0,True
1439,567.0,2943.0,True
1440,294.0,2943.0,True
1441,504.0,2943.0,True
1442,336.0,2943.0,False
1443,525.0,2943.0,False
1444,441.0,2943.0,True
1445,609.0,2943.0,True
1446,294.0,2943.0,False
1447,462.0,2943.0,False
1448,399.0,2943.0,False
1449,525.0,2943.0,True
1450,483.0,2943.0,False
1451,357.0,2943.0,False
1452,630.0,2943.0,False
1453,588.0,2943.0,True
1454,525.0,2943.0,False
1455,504.0,2943.0,True
1456,525.0,2943.0,False
1457,630.0,2943.0,True
1458,609.0,2943.0,False
1459,441.0,2943.0,False
1460,525.0,2943.0,False
1461,693.0,2943.0,True
1462,462.0,2943.0,True
1463,462.0,2943.0,True
1464,462.0,2943.0,True
1465,441.0,2943.0,True
1466,525.0,2943.0,True
1467,378.0,2943.0,True
1468,420.0,2943.0,True
1469,651.0,2943.0,True
1470,525.0,2943.0,False
1471,588.0,2943.0,False
1472,588.0,2943.0,False
1473,588.0,2943.0,True
1474,651.0,2943.0,True
1475,609.0,2943.0,True
1476,567.0,2943.0,True
1477,189.0,2943.0,True
1478,441.0,2943.0,True
1479,504.0,2943.0,True
1480,525.0,2943.0,True
1481,588.0,2943.0,False
1482,462.0,2943.0,True
1483,399.0,2943.0,True
1484,504.0,2943.0,True
1485,588.0,2943.0,True
1486,672.0,2943.0,True
1487,630.0,2943.0,True
1488,651.0,2943.0,True
1489,630.0,2943.0,True
1490,609.0,2943.0,True
1491,651.0,2943.0,True
1492,693.0,2943.0,True
1493,588.0,2943.0,False
1494,651.0,2943.0,True
1495,672.0,2943.0,False
1496,651.0,2943.0,True
1497,378.0,2943.0,False
1498,693.0,2943.0,True
1499,651.0,2943.0,True
1500,651.0,2943.0,True
1501,441.0,2943.0,False
1502,651.0,2943.0,True
1503,630.0,2943.0,True
1504,651.0,2943.0,False
1505,189.0,2943.0,True
1506,441.0,2943.0,True
1507,189.0,2943.0,True
1508,399.0,2943.0,True
1509,399.0,2943.0,True
1510,462.0,2943.0,True
1511,399.0,2943.0,False
1512,273.0,2943.0,True
1513,189.0,2943.0,True
1514,420.0,2943.0,True
1515,399.0,2943.0,True
1516,588.0,2943.0,True
1517,693.0,2943.0,True
1518,462.0,2943.0,True
1519,714.0,2943.0,True
1520,651.0,2943.0,True
1521,651.0,2943.0,False
1522,609.0,2943.0,True
1523,693.0,2943.0,True
1524,630.0,2943.0,True
1525,693.0,2943.0,False
1526,294.0,2943.0,True
1527,525.0,2943.0,True
1528,399.0,2943.0,False
1529,399.0,2943.0,True
1530,399.0,2943.0,False
1531,357.0,2943.0,True
1532,525.0,2943.0,False
1533,672.0,2943.0,True
1534,630.0,2943.0,False
1535,651.0,2943.0,False
1536,651.0,2943.0,True
1537,651.0,2943.0,True
1538,735.0,2943.0,True
1539,672.0,2943.0,False
1540,651.0,2943.0,True
1541,651.0,2943.0,True
1542,630.0,2943.0,False
1543,588.0,2943.0,True
1544,525.0,2943.0,False
1545,504.0,2943.0,False
1546,441.0,2943.0,False
1547,441.0,2943.0,True
1548,462.0,2943.0,False
1549,588.0,2943.0,True
1550,483.0,2943.0,False
1551,651.0,2943.0,True
1552,672.0,2943.0,True
1553,693.0,2943.0,False
1554,546.0,2943.0,False
1555,714.0,2943.0,False
1556,525.0,2943.0,False
1557,672.0,2943.0,False
1558,672.0,2943.0,True
1559,609.0,2943.0,True
1560,630.0,2943.0,True
1561,651.0,2943.0,False
1562,483.0,2943.0,False
1563,630.0,2943.0,False
1564,630.0,2943.0,False
1565,567.0,2943.0,True
1566,588.0,2943.0,False
1567,672.0,2943.0,False
1568,651.0,2943.0,True
1569,483.0,2943.0,False
1570,672.0,2943.0,True
1571,567.0,2943.0,False
1572,693.0,2943.0,False
1573,630.0,2943.0,False
1574,609.0,2943.0,False
1575,483.0,2943.0,False
1576,420.0,2943.0,True
1577,525.0,2943.0,True
1578,567.0,2943.0,True
1579,399.0,2943.0,True
1580,651.0,2943.0,True
1581,693.0,2943.0,True
1582,546.0,2943.0,False
1583,609.0,2943.0,True
1584,630.0,2943.0,True
1585,651.0,2943.0,True
1586,672.0,2943.0,True
1587,651.0,2943.0,True
1588,672.0,2943.0,True
1589,609.0,2943.0,True
1590,630.0,2943.0,False
1591,420.0,2943.0,True
1592,672.0,2943.0,True
1593,672.0,2943.0,False
1594,525.0,2943.0,True
1595,609.0,2943.0,False
1596,651.0,2943.0,True
1597,693.0,2943.0,False
1598,651.0,2943.0,False
1599,630.0,2943.0,False
1600,714.0,2943.0,True
1601,630.0,2943.0,False
1602,693.0,2943.0,True
1603,588.0,2943.0,False
1604,525.0,2943.0,True
1605,630.0,2943.0,False
1606,567.0,2943.0,True
1607,357.0,2943.0,True
1608,483.0,2943.0,False
1609,441.0,2943.0,True
1610,504.0,2943.0,False
1611,609.0,2943.0,True
1612,420.0,2943.0,True
1613,399.0,2943.0,True
1614,546.0,2943.0,True
1615,420.0,2943.0,True
1616,399.0,2943.0,False
1617,399.0,2943.0,True
1618,525.0,2943.0,True
1619,504.0,2943.0,True
1620,630.0,2943.0,False
1621,525.0,2943.0,False
1622,462.0,2943.0,False
1623,609.0,2943.0,True
1624,504.0,2943.0,True
1625,441.0,2943.0,True
1626,567.0,2943.0,False
1627,546.0,2943.0,True
1628,357.0,2943.0,True
1629,651.0,2943.0,True
1630,378.0,2943.0,True
1631,567.0,2943.0,False
1632,525.0,2943.0,False
1633,420.0,2943.0,True
1634,609.0,2943.0,True
1635,630.0,2943.0,False
1636,378.0,2943.0,False
1637,588.0,2943.0,False
1638,378.0,2943.0,True
1639,210.0,2943.0,True
1640,231.0,2943.0,False
1641,357.0,2943.0,True
1642,399.0,2943.0,True
1643,420.0,2943.0,True
1644,378.0,2943.0,False
1645,147.0,2943.0,True
1646,168.0,2943.0,True
1647,525.0,2943.0,True
1648,546.0,2943.0,True
1649,483.0,2943.0,True
1650,483.0,2943.0,True
1651,714.0,2943.0,False
1652,630.0,2943.0,False
1653,630.0,2943.0,True
1654,567.0,2943.0,False
1655,567.0,2943.0,True
1656,588.0,2943.0,False
1657,588.0,2943.0,True
1658,609.0,2943.0,False
1659,588.0,2943.0,False
1660,441.0,2943.0,False
1661,504.0,2943.0,True
1662,525.0,2943.0,False
1663,504.0,2943.0,True
1664,525.0,2943.0,True
1665,567.0,2943.0,True
1666,525.0,2943.0,True
1667,546.0,2943.0,False
1668,525.0,2943.0,True
1669,420.0,2943.0,True
1670,462.0,2943.0,False
1671,525.0,2943.0,False
1672,252.0,2943.0,True
1673,651.0,2943.0,True
1674,399.0,2943.0,False
1675,525.0,2943.0,True
1676,420.0,2943.0,True
1677,378.0,2943.0,False
1678,546.0,2943.0,False
1679,441.0,2943.0,True
1680,609.0,2943.0,True
1681,462.0,2943.0,False
1682,546.0,2943.0,True
1683,504.0,2943.0,False
1684,672.0,2943.0,True
1685,483.0,2943.0,False
1686,420.0,2943.0,True
1687,588.0,2943.0,True
1688,315.0,2943.0,True
1689,504.0,2943.0,True
1690,609.0,2943.0,False
1691,462.0,2943.0,True
1692,672.0,2943.0,True
1693,483.0,2943.0,False
1694,630.0,2943.0,False
1695,651.0,2943.0,True
1696,651.0,2943.0,True
1697,630.0,2943.0,False
1698,745.0,2943.0,True
1699,609.0,2943.0,False
1700,441.0,2943.0,False
1701,651.0,2943.0,False
1702,399.0,2943.0,False
1703,651.0,2943.0,False
1704,672.0,2943.0,True
1705,714.0,2943.0,False
1706,399.0,2943.0,False
1707,630.0,2943.0,False
1708,609.0,2943.0,False
1709,609.0,2943.0,True
1710,693.0,2943.0,False
1711,672.0,2943.0,True
1712,609.0,2943.0,False
1713,525.0,2943.0,True
1714,441.0,2943.0,False
1715,672.0,2943.0,True
1716,609.0,2943.0,False
1717,546.0,2943.0,True
1718,336.0,2943.0,True
1719,441.0,2943.0,False
1720,336.0,2943.0,False
1721,546.0,2943.0,True
1722,462.0,2943.0,True
1723,399.0,2943.0,True
1724,399.0,2943.0,True
1725,441.0,2943.0,False
1726,504.0,2943.0,True
1727,504.0,2943.0,True
1728,504.0,2943.0,True
1729,546.0,2943.0,True
1730,462.0,2943.0,True
1731,504.0,2943.0,True
1732,525.0,2943.0,True
1733,462.0,2943.0,False
1734,630.0,2943.0,False
1735,525.0,2943.0,True
1736,525.0,2943.0,True
1737,651.0,2943.0,True
1738,630.0,2943.0,True
1739,651.0,2943.0,False
1740,651.0,2943.0,True
1741,630.0,2943.0,True
1742,399.0,2943.0,False
1743,567.0,2943.0,True
1744,567.0,2943.0,True
1745,630.0,2943.0,True
1746,651.0,2943.0,True
1747,630.0,2943.0,True
1748,609.0,2943.0,False
1749,651.0,2943.0,True
1750,735.0,2943.0,True
1751,651.0,2943.0,True
1752,441.0,2943.0,False
1753,567.0,2943.0,False
1754,588.0,2943.0,True
1755,630.0,2943.0,False
1756,651.0,2943.0,False
1757,651.0,2943.0,True
1758,609.0,2943.0,True
1759,588.0,2943.0,False
1760,651.0,2943.0,False
1761,672.0,2943.0,True
1762,651.0,2943.0,False
1763,609.0,2943.0,True
1764,651.0,2943.0,True
1765,567.0,2943.0,True
1766,672.0,2943.0,True
1767,630.0,2943.0,True
1768,651.0,2943.0,True
1769,693.0,2943.0,True
1770,504.0,2943.0,False
1771,651.0,2943.0,False
1772,672.0,2943.0,True
1773,651.0,2943.0,False
1774,651.0,2943.0,True
1775,672.0,2943.0,True
1776,672.0,2943.0,True
1777,588.0,2943.0,True
1778,588.0,2943.0,True
1779,651.0,2943.0,True
1780,672.0,2943.0,True
1781,651.0,2943.0,True
1782,567.0,2943.0,True
1783,651.0,2943.0,False
1784,588.0,2943.0,True
1785,693.0,2943.0,False
1786,630.0,2943.0,True
1787,651.0,2943.0,False
1788,651.0,2943.0,True
1789,714.0,2943.0,False
1790,630.0,2943.0,True
1791,651.0,2943.0,True
1792,672.0,2943.0,True
1793,630.0,2943.0,False
1794,630.0,2943.0,True
1795,672.0,2943.0,False
1796,630.0,2943.0,False
1797,630.0,2943.0,True
1798,651.0,2943.0,False
1799,651.0,2943.0,True
1800,651.0,2943.0,True
1801,630.0,2943.0,True
1802,378.0,2943.0,False
1803,630.0,2943.0,True
1804,630.0,2943.0,False
1805,651.0,2943.0,True
1806,483.0,2943.0,False
1807,672.0,2943.0,False
1808,546.0,2943.0,True
1809,630.0,2943.0,True
1810,630.0,2943.0,True
1811,651.0,2943.0,True
1812,630.0,2943.0,False
1813,630.0,2943.0,True
1814,630.0,2943.0,True
1815,672.0,2943.0,True
1816,630.0,2943.0,True
1817,672.0,2943.0,True
1818,504.0,2943.0,False
1819,651.0,2943.0,True
1820,693.0,2943.0,True
1821,693.0,2943.0,True
1822,462.0,2943.0,False
1823,630.0,2943.0,False
1824,630.0,2943.0,True
1825,588.0,2943.0,True
1826,504.0,2943.0,True
1827,651.0,2943.0,True
1828,609.0,2943.0,True
1829,630.0,2943.0,True
1830,630.0,2943.0,True
1831,672.0,2943.0,True
1832,651.0,2943.0,True
1833,399.0,2943.0,True
1834,462.0,2943.0,True
1835,525.0,2943.0,True
1836,546.0,2943.0,True
1837,504.0,2943.0,False
1838,462.0,2943.0,True
1839,462.0,2943.0,True
1840,483.0,2943.0,True
1841,588.0,2943.0,False
1842,630.0,2943.0,False
1843,525.0,2943.0,True
1844,483.0,2943.0,True
1845,630.0,2943.0,True
1846,651.0,2943.0,True
1847,525.0,2943.0,True
1848,546.0,2943.0,False
1849,651.0,2943.0,True
1850,693.0,2943.0,True
1851,672.0,2943.0,True
1852,672.0,2943.0,True
1853,672.0,2943.0,True
1854,651.0,2943.0,True
1855,672.0,2943.0,True
1856,693.0,2943.0,True
1857,672.0,2943.0,True
1858,651.0,2943.0,False
1859,693.0,2943.0,True
1860,651.0,2943.0,False
1861,714.0,2943.0,True
1862,651.0,2943.0,True
1863,735.0,2943.0,True
1864,693.0,2943.0,True
1865,651.0,2943.0,True
1866,546.0,2943.0,True
1867,672.0,2943.0,True
1868,546.0,2943.0,True
1869,588.0,2943.0,True
1870,609.0,2943.0,True
1871,672.0,2943.0,True
1872,525.0,2943.0,True
1873,504.0,2943.0,True
1874,609.0,2943.0,True
1875,567.0,2943.0,True
1876,504.0,2943.0,True
1877,609.0,2943.0,True
1878,504.0,2943.0,True
1879,525.0,2943.0,True
1880,483.0,2943.0,True
1881,504.0,2943.0,False
1882,525.0,2943.0,True
1883,504.0,2943.0,True
1884,525.0,2943.0,True
1885,588.0,2943.0,True
1886,630.0,2943.0,True
1887,630.0,2943.0,True
1888,546.0,2943.0,True
1889,525.0,2943.0,True
1890,693.0,2943.0,True
1891,714.0,2943.0,True
1892,672.0,2943.0,False
1893,672.0,2943.0,True
1894,672.0,2943.0,True
1895,462.0,2943.0,True
1896,462.0,2943.0,True
1897,588.0,2943.0,True
1898,420.0,2943.0,False
1899,525.0,2943.0,True
1900,651.0,2943.0,False
1901,672.0,2943.0,False
1902,210.0,2943.0,True
1903,651.0,2943.0,True
1904,651.0,2943.0,True
1905,588.0,2943.0,False
1906,693.0,2943.0,True
1907,693.0,2943.0,True
1908,672.0,2943.0,False
1909,672.0,2943.0,False
1910,693.0,2943.0,False
1911,651.0,2943.0,False
1912,630.0,2943.0,True
1913,651.0,2943.0,False
1914,567.0,2943.0,True
1915,567.0,2943.0,True
1916,672.0,2943.0,True
1917,651.0,2943.0,False
1918,672.0,2943.0,True
1919,672.0,2943.0,False
1920,693.0,2943.0,True
1921,672.0,2943.0,True
1922,714.0,2943.0,False
1923,630.0,2943.0,True
1924,714.0,2943.0,True
1925,672.0,2943.0,True
1926,672.0,2943.0,False
1927,672.0,2943.0,True
1928,651.0,2943.0,True
1929,672.0,2943.0,True
1930,567.0,2943.0,True
1931,756.0,2943.0,True
1932,651.0,2943.0,True
1933,651.0,2943.0,False
1934,714.0,2943.0,False
1935,630.0,2943.0,True
1936,651.0,2943.0,False
1937,672.0,2943.0,True
1938,651.0,2943.0,False
1939,672.0,2943.0,True
1940,609.0,2943.0,True
1941,756.0,2943.0,True
1942,651.0,2943.0,True
1943,693.0,2943.0,True
1944,609.0,2943.0,True
1945,651.0,2943.0,True
1946,777.0,2943.0,False
1947,693.0,2943.0,True
1948,672.0,2943.0,False
1949,651.0,2943.0,False
1950,651.0,2943.0,True
1951,703.0,2943.0,True
1952,672.0,2943.0,True
1953,672.0,2943.0,True
1954,651.0,2943.0,True
1955,651.0,2943.0,True
1956,693.0,2943.0,True
1957,714.0,2943.0,True
1958,714.0,2943.0,True
1959,714.0,2943.0,False
1960,693.0,2943.0,True
1961,693.0,2943.0,True
1962,693.0,2943.0,True
1963,714.0,2943.0,False
1964,651.0,2943.0,True
1965,630.0,2943.0,True
1966,735.0,2943.0,False
1967,651.0,2943.0,True
1968,714.0,2943.0,False
1969,651.0,2943.0,False
1970,735.0,2943.0,True
1971,693.0,2943.0,True
1972,651.0,2943.0,True
1973,672.0,2943.0,True
1974,651.0,2943.0,True
1975,630.0,2943.0,False
1976,693.0,2943.0,True
1977,672.0,2943.0,True
1978,756.0,2943.0,False
1979,630.0,2943.0,False
1980,630.0,2943.0,True
1981,504.0,2943.0,False
1982,525.0,2943.0,False
1983,504.0,2943.0,False
1984,483.0,2943.0,True
1985,441.0,2943.0,False
1986,630.0,2943.0,True
1987,651.0,2943.0,True
1988,567.0,2943.0,False
1989,567.0,2943.0,True
1990,693.0,2943.0,True
1991,651.0,2943.0,True
1992,630.0,2943.0,False
1993,651.0,2943.0,True
1994,672.0,2943.0,False
1995,630.0,2943.0,True
1996,651.0,2943.0,True
1997,693.0,2943.0,False
1998,651.0,2943.0,False
1999,483.0,2943.0,False
