0,504.0,504.0,True
1,546.0,546.0,True
2,420.0,546.0,True
3,651.0,651.0,False
4,630.0,651.0,True
5,525.0,651.0,False
6,525.0,651.0,False
7,378.0,651.0,False
8,609.0,651.0,True
9,63.0,651.0,True
10,525.0,651.0,True
11,567.0,651.0,True
12,651.0,651.0,True
13,630.0,651.0,True
14,651.0,651.0,True
15,651.0,651.0,True
16,672.0,672.0,False
17,651.0,672.0,True
18,693.0,693.0,True
19,672.0,693.0,True
20,693.0,693.0,True
21,651.0,693.0,False
22,630.0,693.0,False
23,672.0,693.0,True
24,693.0,693.0,True
25,693.0,693.0,False
26,714.0,714.0,False
27,651.0,714.0,True
28,630.0,714.0,True
29,567.0,714.0,False
30,630.0,714.0,True
31,630.0,714.0,True
32,651.0,714.0,False
33,651.0,714.0,True
34,651.0,714.0,True
35,630.0,714.0,True
36,693.0,714.0,True
37,693.0,714.0,True
38,630.0,714.0,True
39,693.0,714.0,False
40,651.0,714.0,True
41,672.0,714.0,True
42,609.0,714.0,False
43,651.0,714.0,True
44,693.0,714.0,False
45,630.0,714.0,False
46,672.0,714.0,True
47,630.0,714.0,True
48,630.0,714.0,False
49,462.0,714.0,True
50,672.0,714.0,False
51,630.0,714.0,True
52,630.0,714.0,False
53,630.0,714.0,False
54,630.0,714.0,False
55,693.0,714.0,True
56,651.0,714.0,True
57,630.0,714.0,False
58,672.0,714.0,False
59,651.0,714.0,False
60,693.0,714.0,False
61,504.0,714.0,False
62,672.0,714.0,True
63,630.0,714.0,True
64,672.0,714.0,True
65,735.0,735.0,True
66,630.0,735.0,True
67,630.0,735.0,True
68,651.0,735.0,True
69,714.0,735.0,True
70,399.0,735.0,True
71,693.0,735.0,True
72,399.0,735.0,False
73,651.0,735.0,False
74,630.0,735.0,True
75,420.0,735.0,True
76,420.0,735.0,True
77,588.0,735.0,True
78,441.0,735.0,True
79,525.0,735.0,True
80,567.0,735.0,True
81,462.0,735.0,True
82,525.0,735.0,True
83,504.0,735.0,True
84,504.0,735.0,True
85,525.0,735.0,False
86,504.0,735.0,False
87,504.0,735.0,False
88,420.0,735.0,False
89,441.0,735.0,False
90,504.0,735.0,False
91,546.0,735.0,True
92,399.0,735.0,False
93,651.0,735.0,False
94,672.0,735.0,False
95,420.0,735.0,True
96,483.0,735.0,True
97,399.0,735.0,True
98,462.0,735.0,True
99,504.0,735.0,True
100,609.0,735.0,True
101,483.0,735.0,True
102,399.0,735.0,True
103,441.0,735.0,True
104,462.0,735.0,True
105,609.0,735.0,True
106,441.0,735.0,False
107,546.0,735.0,False
108,504.0,735.0,True
109,420.0,735.0,False
110,462.0,735.0,True
111,504.0,735.0,True
112,441.0,735.0,True
113,420.0,735.0,True
114,588.0,735.0,True
115,483.0,735.0,True
116,546.0,735.0,True
117,357.0,735.0,False
118,462.0,735.0,False
119,420.0,735.0,True
120,525.0,735.0,True
121,483.0,735.0,False
122,630.0,735.0,False
123,546.0,735.0,True
124,567.0,735.0,False
125,567.0,735.0,False
126,504.0,735.0,True
127,504.0,735.0,False
128,609.0,735.0,True
129,441.0,735.0,True
130,441.0,735.0,True
131,483.0,735.0,True
132,567.0,735.0,True
133,588.0,735.0,False
134,525.0,735.0,True
135,441.0,735.0,True
136,630.0,735.0,True
137,336.0,735.0,False
138,651.0,735.0,True
139,231.0,735.0,False
140,651.0,735.0,False
141,693.0,735.0,True
142,462.0,735.0,False
143,546.0,735.0,True
144,567.0,735.0,True
145,483.0,735.0,True
146,630.0,735.0,True
147,567.0,735.0,True
148,378.0,735.0,False
149,651.0,735.0,True
150,651.0,735.0,True
151,630.0,735.0,True
152,651.0,735.0,True
153,672.0,735.0,True
154,651.0,735.0,True
155,651.0,735.0,False
156,651.0,735.0,False
157,630.0,735.0,False
158,546.0,735.0,False
159,399.0,735.0,True
160,546.0,735.0,True
161,483.0,735.0,False
162,588.0,735.0,False
163,630.0,735.0,True
164,462.0,735.0,False
165,525.0,735.0,False
166,525.0,735.0,True
167,546.0,735.0,True
168,630.0,735.0,True
169,525.0,735.0,False
170,504.0,735.0,True
171,525.0,735.0,False
172,651.0,735.0,False
173,420.0,735.0,True
174,525.0,735.0,True
175,525.0,735.0,True
176,525.0,735.0,True
177,399.0,735.0,True
178,504.0,735.0,True
179,651.0,735.0,True
180,756.0,756.0,False
181,756.0,756.0,True
182,609.0,756.0,False
183,693.0,756.0,False
184,672.0,756.0,False
185,693.0,756.0,False
186,693.0,756.0,True
187,483.0,756.0,False
188,672.0,756.0,True
189,672.0,756.0,True
190,609.0,756.0,False
191,724.0,756.0,False
192,703.0,756.0,True
193,714.0,756.0,False
194,609.0,756.0,True
195,693.0,756.0,True
196,693.0,756.0,False
197,630.0,756.0,False
198,672.0,756.0,True
199,735.0,756.0,False
200,651.0,756.0,False
201,651.0,756.0,False
202,735.0,756.0,True
203,630.0,756.0,False
204,651.0,756.0,False
205,651.0,756.0,True
206,672.0,756.0,False
207,714.0,756.0,False
208,630.0,756.0,True
209,651.0,756.0,False
210,651.0,756.0,True
211,724.0,756.0,False
212,651.0,756.0,False
213,693.0,756.0,False
214,693.0,756.0,False
215,766.0,766.0,True
216,714.0,766.0,True
217,735.0,766.0,False
218,651.0,766.0,True
219,714.0,766.0,False
220,672.0,766.0,True
221,609.0,766.0,True
222,714.0,766.0,True
223,672.0,766.0,False
224,735.0,766.0,True
225,714.0,766.0,False
226,651.0,766.0,True
227,735.0,766.0,True
228,546.0,766.0,True
229,525.0,766.0,False
230,609.0,766.0,False
231,441.0,766.0,True
232,273.0,766.0,True
233,420.0,766.0,False
234,399.0,766.0,False
235,399.0,766.0,True
236,273.0,766.0,True
237,189.0,766.0,True
238,630.0,766.0,True
239,651.0,766.0,True
240,84.0,766.0,True
241,588.0,766.0,True
242,525.0,766.0,True
243,546.0,766.0,True
244,567.0,766.0,True
245,630.0,766.0,True
246,651.0,766.0,False
247,672.0,766.0,True
248,651.0,766.0,True
249,672.0,766.0,True
250,651.0,766.0,True
251,777.0,777.0,False
252,672.0,777.0,True
253,693.0,777.0,True
254,504.0,777.0,True
255,630.0,777.0,True
256,630.0,777.0,True
257,630.0,777.0,False
258,672.0,777.0,True
259,672.0,777.0,True
260,714.0,777.0,True
261,693.0,777.0,True
262,546.0,777.0,True
263,546.0,777.0,True
264,504.0,777.0,True
265,546.0,777.0,True
266,546.0,777.0,False
267,525.0,777.0,True
268,504.0,777.0,True
269,462.0,777.0,True
270,609.0,777.0,True
271,609.0,777.0,False
272,462.0,777.0,False
273,546.0,777.0,False
274,546.0,777.0,True
275,651.0,777.0,True
276,630.0,777.0,True
277,504.0,777.0,True
278,609.0,777.0,False
279,462.0,777.0,True
280,588.0,777.0,True
281,525.0,777.0,True
282,630.0,777.0,False
283,504.0,777.0,False
284,483.0,777.0,True
285,420.0,777.0,True
286,546.0,777.0,False
287,420.0,777.0,False
288,525.0,777.0,False
289,525.0,777.0,True
290,672.0,777.0,True
291,420.0,777.0,True
292,399.0,777.0,True
293,504.0,777.0,True
294,546.0,777.0,True
295,609.0,777.0,False
296,567.0,777.0,True
297,399.0,777.0,True
298,567.0,777.0,True
299,462.0,777.0,True
300,567.0,777.0,True
301,567.0,777.0,True
302,462.0,777.0,False
303,651.0,777.0,False
304,693.0,777.0,False
305,672.0,777.0,True
306,651.0,777.0,True
307,672.0,777.0,False
308,651.0,777.0,False
309,651.0,777.0,False
310,693.0,777.0,False
311,735.0,777.0,True
312,693.0,777.0,True
313,651.0,777.0,True
314,630.0,777.0,True
315,651.0,777.0,True
316,672.0,777.0,True
317,630.0,777.0,True
318,651.0,777.0,True
319,462.0,777.0,False
320,588.0,777.0,False
321,672.0,777.0,True
322,693.0,777.0,True
323,525.0,777.0,True
324,357.0,777.0,True
325,483.0,777.0,True
326,483.0,777.0,False
327,651.0,777.0,True
328,672.0,777.0,True
329,651.0,777.0,True
330,651.0,777.0,True
331,651.0,777.0,False
332,420.0,777.0,True
333,567.0,777.0,True
334,462.0,777.0,False
335,672.0,777.0,False
336,651.0,777.0,False
337,693.0,777.0,False
338,651.0,777.0,True
339,651.0,777.0,True
340,672.0,777.0,False
341,399.0,777.0,False
342,609.0,777.0,True
343,504.0,777.0,False
344,651.0,777.0,True
345,588.0,777.0,True
346,651.0,777.0,True
347,483.0,777.0,False
348,609.0,777.0,False
349,630.0,777.0,False
350,630.0,777.0,False
351,630.0,777.0,False
352,483.0,777.0,True
353,630.0,777.0,False
354,588.0,777.0,True
355,609.0,777.0,True
356,546.0,777.0,True
357,693.0,777.0,True
358,462.0,777.0,False
359,378.0,777.0,True
360,651.0,777.0,False
361,441.0,777.0,True
362,441.0,777.0,False
363,462.0,777.0,True
364,609.0,777.0,True
365,483.0,777.0,True
366,588.0,777.0,True
367,630.0,777.0,True
368,399.0,777.0,True
369,525.0,777.0,True
370,462.0,777.0,True
371,525.0,777.0,False
372,546.0,777.0,True
373,525.0,777.0,False
374,546.0,777.0,True
375,546.0,777.0,True
376,273.0,777.0,True
377,420.0,777.0,True
378,441.0,777.0,True
379,546.0,777.0,True
380,441.0,777.0,False
381,504.0,777.0,False
382,504.0,777.0,True
383,504.0,777.0,True
384,588.0,777.0,True
385,546.0,777.0,False
386,336.0,777.0,False
387,651.0,777.0,False
388,399.0,777.0,False
389,378.0,777.0,True
390,651.0,777.0,True
391,462.0,777.0,True
392,441.0,777.0,True
393,462.0,777.0,True
394,630.0,777.0,True
395,609.0,777.0,False
396,420.0,777.0,True
397,378.0,777.0,False
398,357.0,777.0,False
399,420.0,777.0,False
400,567.0,777.0,True
401,420.0,777.0,True
402,504.0,777.0,True
403,273.0,777.0,False
404,441.0,777.0,False
405,378.0,777.0,False
406,252.0,777.0,True
407,399.0,777.0,True
408,525.0,777.0,True
409,672.0,777.0,True
410,483.0,777.0,True
411,399.0,777.0,True
412,441.0,777.0,True
413,504.0,777.0,True
414,525.0,777.0,False
415,462.0,777.0,True
416,525.0,777.0,True
417,399.0,777.0,True
418,546.0,777.0,False
419,441.0,777.0,True
420,546.0,777.0,True
421,441.0,777.0,True
422,651.0,777.0,True
423,441.0,777.0,True
424,504.0,777.0,True
425,525.0,777.0,True
426,357.0,777.0,True
427,462.0,777.0,False
428,651.0,777.0,True
429,588.0,777.0,True
430,651.0,777.0,False
431,588.0,777.0,True
432,672.0,777.0,True
433,483.0,777.0,False
434,714.0,777.0,True
435,420.0,777.0,True
436,504.0,777.0,True
437,672.0,777.0,True
438,672.0,777.0,True
439,504.0,777.0,True
440,609.0,777.0,True
441,546.0,777.0,True
442,651.0,777.0,True
443,483.0,777.0,True
444,588.0,777.0,True
445,399.0,777.0,True
446,525.0,777.0,True
447,504.0,777.0,True
448,525.0,777.0,True
449,504.0,777.0,True
450,504.0,777.0,False
451,525.0,777.0,True
452,525.0,777.0,True
453,483.0,777.0,True
454,483.0,777.0,True
455,441.0,777.0,False
456,588.0,777.0,True
457,525.0,777.0,True
458,525.0,777.0,True
459,441.0,777.0,True
460,546.0,777.0,False
461,483.0,777.0,True
462,546.0,777.0,True
463,504.0,777.0,False
464,525.0,777.0,False
465,630.0,777.0,True
466,546.0,777.0,False
467,546.0,777.0,True
468,525.0,777.0,True
469,525.0,777.0,False
470,462.0,777.0,True
471,357.0,777.0,False
472,546.0,777.0,True
473,462.0,777.0,True
474,630.0,777.0,False
475,651.0,777.0,True
476,630.0,777.0,True
477,504.0,777.0,True
478,504.0,777.0,False
479,525.0,777.0,True
480,399.0,777.0,True
481,441.0,777.0,True
482,504.0,777.0,True
483,462.0,777.0,True
484,630.0,777.0,True
485,525.0,777.0,True
486,525.0,777.0,True
487,504.0,777.0,False
488,504.0,777.0,True
489,672.0,777.0,True
490,525.0,777.0,True
491,588.0,777.0,True
492,483.0,777.0,True
493,399.0,777.0,True
494,462.0,777.0,True
495,504.0,777.0,False
496,609.0,777.0,True
497,525.0,777.0,True
498,525.0,777.0,True
499,504.0,777.0,True
500,567.0,777.0,True
501,567.0,777.0,True
502,462.0,777.0,False
503,693.0,777.0,False
504,420.0,777.0,True
505,504.0,777.0,True
506,483.0,777.0,True
507,672.0,777.0,False
508,546.0,777.0,True
509,588.0,777.0,True
510,567.0,777.0,True
511,483.0,777.0,False
512,672.0,777.0,True
513,672.0,777.0,True
514,651.0,777.0,True
515,630.0,777.0,True
516,630.0,777.0,True
517,441.0,777.0,False
518,630.0,777.0,False
519,672.0,777.0,False
520,693.0,777.0,False
521,567.0,777.0,False
522,609.0,777.0,True
523,630.0,777.0,False
524,546.0,777.0,True
525,588.0,777.0,False
526,672.0,777.0,True
527,609.0,777.0,True
528,588.0,777.0,True
529,693.0,777.0,False
530,672.0,777.0,False
531,546.0,777.0,True
532,609.0,777.0,False
533,745.0,777.0,True
534,766.0,777.0,False
535,640.0,777.0,False
536,315.0,777.0,True
537,357.0,777.0,True
538,399.0,777.0,False
539,399.0,777.0,True
540,399.0,777.0,True
541,399.0,777.0,True
542,378.0,777.0,True
543,693.0,777.0,True
544,756.0,777.0,True
545,651.0,777.0,False
546,714.0,777.0,True
547,798.0,798.0,False
548,693.0,798.0,False
549,693.0,798.0,True
550,693.0,798.0,False
551,651.0,798.0,False
552,672.0,798.0,True
553,672.0,798.0,False
554,777.0,798.0,False
555,336.0,798.0,True
556,756.0,798.0,False
557,672.0,798.0,False
558,651.0,798.0,False
559,441.0,798.0,True
560,315.0,798.0,False
561,378.0,798.0,True
562,525.0,798.0,True
563,315.0,798.0,False
564,609.0,798.0,False
565,651.0,798.0,True
566,609.0,798.0,True
567,420.0,798.0,True
568,609.0,798.0,True
569,504.0,798.0,True
570,483.0,798.0,False
571,630.0,798.0,False
572,525.0,798.0,True
573,630.0,798.0,True
574,609.0,798.0,False
575,630.0,798.0,False
576,672.0,798.0,False
577,672.0,798.0,False
578,672.0,798.0,False
579,693.0,798.0,True
580,693.0,798.0,False
581,756.0,798.0,True
582,672.0,798.0,True
583,651.0,798.0,True
584,735.0,798.0,False
585,693.0,798.0,False
586,672.0,798.0,True
587,672.0,798.0,True
588,640.0,798.0,False
589,483.0,798.0,False
590,567.0,798.0,True
591,714.0,798.0,False
592,630.0,798.0,True
593,651.0,798.0,True
594,672.0,798.0,True
595,672.0,798.0,True
596,819.0,819.0,True
597,651.0,819.0,False
598,651.0,819.0,True
599,651.0,819.0,True
600,672.0,819.0,True
601,693.0,819.0,True
602,756.0,819.0,False
603,693.0,819.0,True
604,714.0,819.0,True
605,714.0,819.0,True
606,672.0,819.0,True
607,756.0,819.0,False
608,651.0,819.0,True
609,630.0,819.0,True
610,714.0,819.0,True
611,672.0,819.0,True
612,630.0,819.0,True
613,441.0,819.0,True
614,504.0,819.0,True
615,525.0,819.0,True
616,504.0,819.0,False
617,252.0,819.0,True
618,525.0,819.0,False
619,630.0,819.0,True
620,525.0,819.0,True
621,483.0,819.0,True
622,252.0,819.0,True
623,525.0,819.0,False
624,504.0,819.0,False
625,546.0,819.0,True
626,399.0,819.0,True
627,420.0,819.0,False
628,630.0,819.0,True
629,483.0,819.0,True
630,504.0,819.0,True
631,462.0,819.0,True
632,483.0,819.0,True
633,441.0,819.0,False
634,651.0,819.0,False
635,588.0,819.0,True
636,504.0,819.0,False
637,672.0,819.0,True
638,630.0,819.0,False
639,672.0,819.0,True
640,693.0,819.0,False
641,651.0,819.0,False
642,672.0,819.0,False
643,735.0,819.0,False
644,672.0,819.0,False
645,735.0,819.0,True
646,651.0,819.0,False
647,735.0,819.0,True
648,672.0,819.0,False
649,693.0,819.0,False
650,462.0,819.0,False
651,651.0,819.0,False
652,735.0,819.0,False
653,703.0,819.0,True
654,735.0,819.0,True
655,672.0,819.0,False
656,399.0,819.0,True
657,504.0,819.0,False
658,630.0,819.0,True
659,378.0,819.0,False
660,441.0,819.0,False
661,525.0,819.0,True
662,336.0,819.0,False
663,525.0,819.0,True
664,462.0,819.0,False
665,567.0,819.0,False
666,682.0,819.0,False
667,609.0,819.0,True
668,210.0,819.0,True
669,210.0,819.0,True
670,210.0,819.0,False
671,546.0,819.0,True
672,462.0,819.0,False
673,420.0,819.0,True
674,525.0,819.0,True
675,525.0,819.0,False
676,651.0,819.0,True
677,357.0,819.0,True
678,378.0,819.0,False
679,378.0,819.0,False
680,399.0,819.0,True
681,462.0,819.0,False
682,462.0,819.0,False
683,399.0,819.0,True
684,525.0,819.0,True
685,441.0,819.0,True
686,630.0,819.0,True
687,378.0,819.0,True
688,546.0,819.0,True
689,252.0,819.0,True
690,483.0,819.0,True
691,231.0,819.0,False
692,441.0,819.0,True
693,378.0,819.0,False
694,525.0,819.0,False
695,315.0,819.0,True
696,315.0,819.0,False
697,399.0,819.0,True
698,462.0,819.0,True
699,399.0,819.0,True
700,609.0,819.0,True
701,546.0,819.0,True
702,462.0,819.0,True
703,504.0,819.0,True
704,441.0,819.0,True
705,420.0,819.0,True
706,441.0,819.0,True
707,420.0,819.0,True
708,483.0,819.0,True
709,672.0,819.0,True
710,609.0,819.0,True
711,462.0,819.0,True
712,567.0,819.0,True
713,693.0,819.0,False
714,420.0,819.0,False
715,483.0,819.0,False
716,483.0,819.0,True
717,567.0,819.0,True
718,441.0,819.0,True
719,588.0,819.0,True
720,651.0,819.0,True
721,525.0,819.0,False
722,378.0,819.0,False
723,546.0,819.0,False
724,609.0,819.0,True
725,609.0,819.0,False
726,483.0,819.0,True
727,462.0,819.0,True
728,462.0,819.0,True
729,651.0,819.0,True
730,714.0,819.0,True
731,483.0,819.0,False
732,294.0,819.0,False
733,651.0,819.0,True
734,420.0,819.0,False
735,693.0,819.0,True
736,546.0,819.0,True
737,483.0,819.0,False
738,504.0,819.0,True
739,462.0,819.0,True
740,651.0,819.0,True
741,462.0,819.0,False
742,504.0,819.0,True
743,462.0,819.0,False
744,462.0,819.0,True
745,546.0,819.0,True
746,504.0,819.0,False
747,672.0,819.0,False
748,462.0,819.0,False
749,672.0,819.0,True
750,630.0,819.0,True
751,546.0,819.0,True
752,336.0,819.0,True
753,462.0,819.0,True
754,525.0,819.0,True
755,504.0,819.0,True
756,441.0,819.0,True
757,504.0,819.0,True
758,441.0,819.0,True
759,504.0,819.0,True
760,525.0,819.0,True
761,420.0,819.0,True
762,420.0,819.0,True
763,357.0,819.0,True
764,462.0,819.0,True
765,441.0,819.0,True
766,525.0,819.0,True
767,483.0,819.0,True
768,420.0,819.0,True
769,651.0,819.0,True
770,441.0,819.0,False
771,420.0,819.0,False
772,630.0,819.0,True
773,609.0,819.0,False
774,651.0,819.0,False
775,630.0,819.0,False
776,693.0,819.0,False
777,630.0,819.0,False
778,504.0,819.0,False
779,567.0,819.0,False
780,630.0,819.0,False
781,651.0,819.0,False
782,672.0,819.0,True
783,630.0,819.0,False
784,651.0,819.0,True
785,630.0,819.0,True
786,651.0,819.0,True
787,357.0,819.0,True
788,630.0,819.0,False
789,651.0,819.0,True
790,651.0,819.0,True
791,651.0,819.0,True
792,630.0,819.0,True
793,546.0,819.0,True
794,756.0,819.0,False
795,651.0,819.0,False
796,693.0,819.0,False
797,546.0,819.0,True
798,630.0,819.0,True
799,567.0,819.0,True
800,504.0,819.0,True
801,546.0,819.0,True
802,441.0,819.0,True
803,399.0,819.0,False
804,588.0,819.0,True
805,378.0,819.0,True
806,378.0,819.0,True
807,567.0,819.0,True
808,651.0,819.0,True
809,399.0,819.0,True
810,315.0,819.0,True
811,651.0,819.0,True
812,609.0,819.0,True
813,483.0,819.0,True
814,483.0,819.0,False
815,420.0,819.0,True
816,294.0,819.0,False
817,546.0,819.0,True
818,273.0,819.0,True
819,609.0,819.0,False
820,483.0,819.0,True
821,546.0,819.0,False
822,651.0,819.0,True
823,420.0,819.0,True
824,441.0,819.0,False
825,546.0,819.0,False
826,651.0,819.0,True
827,609.0,819.0,True
828,714.0,819.0,True
829,651.0,819.0,True
830,672.0,819.0,True
831,609.0,819.0,False
832,567.0,819.0,False
833,672.0,819.0,False
834,651.0,819.0,False
835,609.0,819.0,False
836,693.0,819.0,False
837,693.0,819.0,True
838,651.0,819.0,False
839,546.0,819.0,False
840,651.0,819.0,True
841,672.0,819.0,False
842,651.0,819.0,False
843,651.0,819.0,True
844,315.0,819.0,True
845,441.0,819.0,False
846,378.0,819.0,True
847,336.0,819.0,False
848,525.0,819.0,True
849,315.0,819.0,True
850,651.0,819.0,True
851,651.0,819.0,True
852,462.0,819.0,True
853,651.0,819.0,True
854,462.0,819.0,True
855,462.0,819.0,True
856,483.0,819.0,True
857,588.0,819.0,True
858,504.0,819.0,True
859,546.0,819.0,True
860,462.0,819.0,False
861,672.0,819.0,True
862,525.0,819.0,True
863,504.0,819.0,False
864,504.0,819.0,False
865,630.0,819.0,True
866,420.0,819.0,True
867,462.0,819.0,False
868,672.0,819.0,True
869,609.0,819.0,True
870,546.0,819.0,True
871,546.0,819.0,True
872,546.0,819.0,True
873,630.0,819.0,True
874,441.0,819.0,True
875,462.0,819.0,False
876,609.0,819.0,False
877,504.0,819.0,False
878,399.0,819.0,False
879,462.0,819.0,False
880,462.0,819.0,True
881,378.0,819.0,True
882,567.0,819.0,True
883,462.0,819.0,True
884,399.0,819.0,True
885,546.0,819.0,True
886,672.0,819.0,False
887,189.0,819.0,True
888,588.0,819.0,False
889,630.0,819.0,True
890,693.0,819.0,False
891,693.0,819.0,True
892,252.0,819.0,False
893,693.0,819.0,False
894,672.0,819.0,True
895,651.0,819.0,True
896,630.0,819.0,True
897,651.0,819.0,True
898,630.0,819.0,True
899,651.0,819.0,False
900,672.0,819.0,True
901,378.0,819.0,False
902,672.0,819.0,True
903,651.0,819.0,False
904,651.0,819.0,True
905,651.0,819.0,True
906,672.0,819.0,True
907,630.0,819.0,True
908,651.0,819.0,True
909,672.0,819.0,True
910,630.0,819.0,False
911,735.0,819.0,True
912,693.0,819.0,False
913,672.0,819.0,True
914,651.0,819.0,True
915,588.0,819.0,False
916,735.0,819.0,False
917,764.0,819.0,True
918,651.0,819.0,True
919,756.0,819.0,False
920,672.0,819.0,False
921,735.0,819.0,True
922,693.0,819.0,True
923,693.0,819.0,True
924,651.0,819.0,True
925,693.0,819.0,False
926,714.0,819.0,True
927,756.0,819.0,True
928,714.0,819.0,True
929,756.0,819.0,False
930,693.0,819.0,True
931,714.0,819.0,True
932,672.0,819.0,False
933,672.0,819.0,True
934,672.0,819.0,False
935,735.0,819.0,False
936,714.0,819.0,False
937,714.0,819.0,True
938,735.0,819.0,True
939,693.0,819.0,True
940,672.0,819.0,True
941,630.0,819.0,False
942,609.0,819.0,False
943,714.0,819.0,False
944,714.0,819.0,True
945,609.0,819.0,True
946,714.0,819.0,True
947,504.0,819.0,True
948,672.0,819.0,False
949,609.0,819.0,True
950,441.0,819.0,False
951,651.0,819.0,True
952,609.0,819.0,True
953,252.0,819.0,True
954,672.0,819.0,True
955,609.0,819.0,False
956,609.0,819.0,False
957,693.0,819.0,True
958,483.0,819.0,False
959,399.0,819.0,True
960,420.0,819.0,True
961,420.0,819.0,False
962,735.0,819.0,True
963,735.0,819.0,True
964,672.0,819.0,True
965,651.0,819.0,True
966,693.0,819.0,True
967,756.0,819.0,True
968,693.0,819.0,False
969,702.0,819.0,True
970,887.0,887.0,True
971,378.0,887.0,False
972,693.0,887.0,True
973,567.0,887.0,True
974,630.0,887.0,False
975,294.0,887.0,False
976,651.0,887.0,True
977,756.0,887.0,True
978,714.0,887.0,True
979,693.0,887.0,True
980,693.0,887.0,False
981,693.0,887.0,True
982,672.0,887.0,True
983,651.0,887.0,True
984,672.0,887.0,True
985,756.0,887.0,True
986,630.0,887.0,False
987,693.0,887.0,True
988,357.0,887.0,False
989,756.0,887.0,True
990,735.0,887.0,False
991,672.0,887.0,True
992,693.0,887.0,True
993,714.0,887.0,False
994,693.0,887.0,True
995,651.0,887.0,True
996,672.0,887.0,True
997,630.0,887.0,False
998,651.0,887.0,True
999,714.0,887.0,True
1000,630.0,887.0,True
1001,714.0,887.0,False
1002,672.0,887.0,False
1003,714.0,887.0,True
1004,651.0,887.0,False
1005,756.0,887.0,True
1006,756.0,887.0,True
1007,714.0,887.0,True
1008,525.0,887.0,False
1009,630.0,887.0,True
1010,735.0,887.0,True
1011,651.0,887.0,True
1012,693.0,887.0,True
1013,682.0,887.0,False
1014,714.0,887.0,False
1015,672.0,887.0,True
1016,714.0,887.0,True
1017,672.0,887.0,True
1018,692.0,887.0,True
1019,795.0,887.0,True
1020,682.0,887.0,False
1021,775.0,887.0,True
1022,682.0,887.0,True
1023,661.0,887.0,False
1024,630.0,887.0,True
1025,724.0,887.0,True
1026,672.0,887.0,True
1027,765.0,887.0,True
1028,692.0,887.0,True
1029,462.0,887.0,True
1030,661.0,887.0,True
1031,630.0,887.0,True
1032,504.0,887.0,True
1033,399.0,887.0,False
1034,399.0,887.0,False
1035,399.0,887.0,True
1036,294.0,887.0,False
1037,651.0,887.0,True
1038,399.0,887.0,True
1039,504.0,887.0,True
1040,378.0,887.0,True
1041,378.0,887.0,True
1042,651.0,887.0,True
1043,651.0,887.0,True
1044,252.0,887.0,True
1045,567.0,887.0,True
1046,504.0,887.0,False
1047,399.0,887.0,True
1048,315.0,887.0,True
1049,630.0,887.0,False
1050,231.0,887.0,True
1051,189.0,887.0,True
1052,231.0,887.0,True
1053,336.0,887.0,False
1054,231.0,887.0,True
1055,168.0,887.0,False
1056,273.0,887.0,True
1057,294.0,887.0,True
1058,441.0,887.0,True
1059,462.0,887.0,True
1060,441.0,887.0,True
1061,378.0,887.0,False
1062,336.0,887.0,True
1063,567.0,887.0,True
1064,713.0,887.0,False
1065,763.0,887.0,True
1066,483.0,887.0,True
1067,792.0,887.0,False
1068,856.0,887.0,True
1069,640.0,887.0,True
1070,651.0,887.0,True
1071,672.0,887.0,True
1072,630.0,887.0,True
1073,735.0,887.0,True
1074,735.0,887.0,True
1075,630.0,887.0,False
1076,693.0,887.0,False
1077,651.0,887.0,False
1078,672.0,887.0,True
1079,672.0,887.0,True
1080,630.0,887.0,False
1081,546.0,887.0,True
1082,378.0,887.0,False
1083,525.0,887.0,True
1084,630.0,887.0,True
1085,483.0,887.0,True
1086,609.0,887.0,True
1087,609.0,887.0,False
1088,273.0,887.0,False
1089,441.0,887.0,False
1090,462.0,887.0,False
1091,420.0,887.0,False
1092,357.0,887.0,False
1093,567.0,887.0,False
1094,588.0,887.0,True
1095,504.0,887.0,True
1096,504.0,887.0,True
1097,609.0,887.0,True
1098,504.0,887.0,False
1099,630.0,887.0,False
1100,609.0,887.0,False
1101,483.0,887.0,True
1102,462.0,887.0,True
1103,567.0,887.0,False
1104,525.0,887.0,False
1105,441.0,887.0,True
1106,504.0,887.0,False
1107,504.0,887.0,True
1108,504.0,887.0,True
1109,462.0,887.0,False
1110,525.0,887.0,True
1111,504.0,887.0,True
1112,483.0,887.0,False
1113,525.0,887.0,False
1114,462.0,887.0,True
1115,504.0,887.0,True
1116,378.0,887.0,True
1117,504.0,887.0,True
1118,504.0,887.0,True
1119,546.0,887.0,False
1120,420.0,887.0,False
1121,546.0,887.0,True
1122,672.0,887.0,True
1123,399.0,887.0,False
1124,441.0,887.0,False
1125,546.0,887.0,True
1126,588.0,887.0,True
1127,462.0,887.0,True
1128,525.0,887.0,True
1129,483.0,887.0,True
1130,462.0,887.0,True
1131,483.0,887.0,True
1132,399.0,887.0,False
1133,441.0,887.0,True
1134,315.0,887.0,True
1135,525.0,887.0,True
1136,567.0,887.0,True
1137,483.0,887.0,False
1138,609.0,887.0,True
1139,399.0,887.0,True
1140,273.0,887.0,False
1141,567.0,887.0,True
1142,315.0,887.0,False
1143,336.0,887.0,True
1144,567.0,887.0,True
1145,714.0,887.0,False
1146,609.0,887.0,True
1147,672.0,887.0,True
1148,420.0,887.0,False
1149,525.0,887.0,True
1150,189.0,887.0,False
1151,525.0,887.0,True
1152,462.0,887.0,True
1153,504.0,887.0,True
1154,336.0,887.0,False
1155,525.0,887.0,True
1156,504.0,887.0,True
1157,504.0,887.0,True
1158,546.0,887.0,True
1159,546.0,887.0,True
1160,441.0,887.0,False
1161,525.0,887.0,True
1162,525.0,887.0,True
1163,713.0,887.0,False
1164,525.0,887.0,False
1165,462.0,887.0,True
1166,609.0,887.0,True
1167,525.0,887.0,False
1168,504.0,887.0,False
1169,378.0,887.0,True
1170,525.0,887.0,True
1171,462.0,887.0,True
1172,504.0,887.0,True
1173,588.0,887.0,True
1174,483.0,887.0,True
1175,504.0,887.0,True
1176,483.0,887.0,True
1177,462.0,887.0,True
1178,504.0,887.0,True
1179,546.0,887.0,True
1180,567.0,887.0,False
1181,483.0,887.0,False
1182,588.0,887.0,True
1183,462.0,887.0,True
1184,546.0,887.0,True
1185,630.0,887.0,True
1186,504.0,887.0,True
1187,399.0,887.0,True
1188,525.0,887.0,False
1189,462.0,887.0,True
1190,483.0,887.0,True
1191,609.0,887.0,False
1192,546.0,887.0,False
1193,420.0,887.0,True
1194,609.0,887.0,True
1195,588.0,887.0,True
1196,462.0,887.0,True
1197,504.0,887.0,False
1198,525.0,887.0,True
1199,588.0,887.0,False
1200,588.0,887.0,False
1201,378.0,887.0,False
1202,483.0,887.0,True
1203,504.0,887.0,True
1204,588.0,887.0,True
1205,483.0,887.0,True
1206,546.0,887.0,True
1207,315.0,887.0,True
1208,546.0,887.0,True
1209,399.0,887.0,False
1210,525.0,887.0,False
1211,420.0,887.0,True
1212,441.0,887.0,True
1213,525.0,887.0,True
1214,483.0,887.0,True
1215,462.0,887.0,True
1216,483.0,887.0,True
1217,630.0,887.0,True
1218,483.0,887.0,True
1219,420.0,887.0,True
1220,399.0,887.0,False
1221,462.0,887.0,True
1222,441.0,887.0,False
1223,420.0,887.0,True
1224,588.0,887.0,True
1225,525.0,887.0,False
1226,588.0,887.0,True
1227,462.0,887.0,True
1228,420.0,887.0,True
1229,630.0,887.0,True
1230,483.0,887.0,False
1231,504.0,887.0,False
1232,525.0,887.0,True
1233,525.0,887.0,True
1234,525.0,887.0,True
1235,672.0,887.0,True
1236,462.0,887.0,True
1237,525.0,887.0,True
1238,630.0,887.0,True
1239,546.0,887.0,True
1240,462.0,887.0,True
1241,609.0,887.0,False
1242,630.0,887.0,True
1243,525.0,887.0,True
1244,525.0,887.0,False
1245,525.0,887.0,True
1246,399.0,887.0,True
1247,504.0,887.0,True
1248,525.0,887.0,True
1249,651.0,887.0,True
1250,703.0,887.0,False
1251,630.0,887.0,False
1252,640.0,887.0,True
1253,693.0,887.0,True
1254,630.0,887.0,True
1255,693.0,887.0,True
1256,609.0,887.0,True
1257,630.0,887.0,False
1258,640.0,887.0,True
1259,661.0,887.0,True
1260,651.0,887.0,True
1261,630.0,887.0,True
1262,609.0,887.0,True
1263,588.0,887.0,False
1264,588.0,887.0,False
1265,693.0,887.0,False
1266,609.0,887.0,False
1267,441.0,887.0,False
1268,483.0,887.0,False
1269,693.0,887.0,False
1270,252.0,887.0,False
1271,651.0,887.0,False
1272,693.0,887.0,True
1273,567.0,887.0,True
1274,672.0,887.0,True
1275,483.0,887.0,True
1276,588.0,887.0,True
1277,525.0,887.0,False
1278,483.0,887.0,True
1279,588.0,887.0,True
1280,546.0,887.0,False
1281,609.0,887.0,True
1282,399.0,887.0,False
1283,546.0,887.0,True
1284,441.0,887.0,False
1285,609.0,887.0,True
1286,588.0,887.0,True
1287,651.0,887.0,True
1288,672.0,887.0,False
1289,462.0,887.0,True
1290,336.0,887.0,False
1291,546.0,887.0,True
1292,567.0,887.0,False
1293,504.0,887.0,True
1294,630.0,887.0,True
1295,651.0,887.0,True
1296,651.0,887.0,True
1297,672.0,887.0,True
1298,672.0,887.0,False
1299,651.0,887.0,True
1300,630.0,887.0,True
1301,693.0,887.0,True
1302,609.0,887.0,False
1303,651.0,887.0,False
1304,651.0,887.0,True
1305,609.0,887.0,True
1306,630.0,887.0,False
1307,651.0,887.0,False
1308,588.0,887.0,False
1309,693.0,887.0,False
1310,693.0,887.0,False
1311,651.0,887.0,False
1312,672.0,887.0,False
1313,630.0,887.0,False
1314,651.0,887.0,True
1315,672.0,887.0,True
1316,357.0,887.0,False
1317,630.0,887.0,True
1318,315.0,887.0,True
1319,651.0,887.0,True
1320,693.0,887.0,True
1321,672.0,887.0,True
1322,672.0,887.0,True
1323,630.0,887.0,False
1324,546.0,887.0,False
1325,651.0,887.0,False
1326,672.0,887.0,False
1327,693.0,887.0,False
1328,588.0,887.0,True
1329,672.0,887.0,False
1330,714.0,887.0,True
1331,693.0,887.0,False
1332,525.0,887.0,True
1333,588.0,887.0,True
1334,609.0,887.0,True
1335,399.0,887.0,True
1336,630.0,887.0,True
1337,609.0,887.0,True
1338,399.0,887.0,True
1339,588.0,887.0,True
1340,588.0,887.0,True
1341,546.0,887.0,True
1342,651.0,887.0,True
1343,630.0,887.0,False
1344,651.0,887.0,True
1345,441.0,887.0,False
1346,672.0,887.0,True
1347,399.0,887.0,False
1348,651.0,887.0,True
1349,630.0,887.0,False
1350,651.0,887.0,False
1351,651.0,887.0,False
1352,672.0,887.0,True
1353,525.0,887.0,True
1354,357.0,887.0,True
1355,546.0,887.0,False
1356,441.0,887.0,False
1357,504.0,887.0,True
1358,357.0,887.0,True
1359,252.0,887.0,True
1360,441.0,887.0,True
1361,336.0,887.0,False
1362,273.0,887.0,True
1363,378.0,887.0,True
1364,378.0,887.0,True
1365,525.0,887.0,True
1366,651.0,887.0,True
1367,546.0,887.0,True
1368,609.0,887.0,False
1369,525.0,887.0,True
1370,504.0,887.0,True
1371,525.0,887.0,True
1372,588.0,887.0,True
1373,420.0,887.0,True
1374,504.0,887.0,True
1375,483.0,887.0,True
1376,441.0,887.0,False
1377,441.0,887.0,True
1378,504.0,887.0,True
1379,336.0,887.0,True
1380,273.0,887.0,True
1381,399.0,887.0,False
1382,525.0,887.0,False
1383,420.0,887.0,True
1384,483.0,887.0,True
1385,714.0,887.0,True
1386,525.0,887.0,False
1387,609.0,887.0,True
1388,546.0,887.0,True
1389,462.0,887.0,True
1390,378.0,887.0,False
1391,483.0,887.0,True
1392,462.0,887.0,True
1393,420.0,887.0,True
1394,462.0,887.0,True
1395,609.0,887.0,True
1396,441.0,887.0,True
1397,420.0,887.0,True
1398,504.0,887.0,True
1399,462.0,887.0,True
1400,420.0,887.0,True
1401,441.0,887.0,True
1402,462.0,887.0,True
1403,399.0,887.0,True
1404,609.0,887.0,True
1405,546.0,887.0,False
1406,567.0,887.0,False
1407,588.0,887.0,True
1408,483.0,887.0,True
1409,462.0,887.0,True
1410,672.0,887.0,True
1411,525.0,887.0,True
1412,504.0,887.0,True
1413,525.0,887.0,False
1414,504.0,887.0,False
1415,525.0,887.0,True
1416,399.0,887.0,False
1417,399.0,887.0,True
1418,504.0,887.0,True
1419,567.0,887.0,False
1420,441.0,887.0,True
1421,399.0,887.0,False
1422,630.0,887.0,True
1423,525.0,887.0,True
1424,651.0,887.0,False
1425,609.0,887.0,True
1426,525.0,887.0,True
1427,378.0,887.0,True
1428,294.0,887.0,True
1429,525.0,887.0,True
1430,441.0,887.0,True
1431,420.0,887.0,False
1432,378.0,887.0,False
1433,567.0,887.0,True
1434,462.0,887.0,True
1435,651.0,887.0,True
1436,504.0,887.0,True
1437,651.0,887.0,True
1438,588.0,887.0,False
1439,567.0,887.0,True
1440,567.0,887.0,False
1441,504.0,887.0,True
1442,630.0,887.0,True
1443,462.0,887.0,True
1444,546.0,887.0,True
1445,588.0,887.0,True
1446,609.0,887.0,True
1447,399.0,887.0,True
1448,483.0,887.0,True
1449,483.0,887.0,True
1450,567.0,887.0,True
1451,483.0,887.0,True
1452,483.0,887.0,False
1453,210.0,887.0,False
1454,609.0,887.0,True
1455,399.0,887.0,True
1456,525.0,887.0,True
1457,462.0,887.0,True
1458,567.0,887.0,False
1459,462.0,887.0,False
1460,567.0,887.0,True
1461,462.0,887.0,True
1462,672.0,887.0,False
1463,609.0,887.0,True
1464,63.0,887.0,True
1465,252.0,887.0,True
1466,399.0,887.0,True
1467,609.0,887.0,False
1468,357.0,887.0,True
1469,504.0,887.0,False
1470,483.0,887.0,False
1471,483.0,887.0,True
1472,609.0,887.0,True
1473,546.0,887.0,True
1474,588.0,887.0,True
1475,441.0,887.0,True
1476,588.0,887.0,True
1477,441.0,887.0,True
1478,525.0,887.0,True
1479,420.0,887.0,False
1480,504.0,887.0,True
1481,504.0,887.0,False
1482,483.0,887.0,True
1483,567.0,887.0,True
1484,588.0,887.0,True
1485,462.0,887.0,True
1486,378.0,887.0,True
1487,630.0,887.0,True
1488,546.0,887.0,True
1489,546.0,887.0,True
1490,357.0,887.0,True
1491,357.0,887.0,True
1492,525.0,887.0,False
1493,441.0,887.0,True
1494,567.0,887.0,False
1495,672.0,887.0,True
1496,567.0,887.0,True
1497,399.0,887.0,True
1498,441.0,887.0,True
1499,462.0,887.0,True
1500,504.0,887.0,True
1501,357.0,887.0,True
1502,462.0,887.0,False
1503,483.0,887.0,False
1504,588.0,887.0,True
1505,504.0,887.0,False
1506,441.0,887.0,True
1507,609.0,887.0,False
1508,483.0,887.0,True
1509,609.0,887.0,True
1510,399.0,887.0,True
1511,336.0,887.0,True
1512,504.0,887.0,False
1513,441.0,887.0,True
1514,420.0,887.0,True
1515,378.0,887.0,True
1516,504.0,887.0,True
1517,504.0,887.0,False
1518,441.0,887.0,True
1519,525.0,887.0,False
1520,525.0,887.0,True
1521,504.0,887.0,False
1522,525.0,887.0,False
1523,441.0,887.0,True
1524,525.0,887.0,True
1525,462.0,887.0,True
1526,525.0,887.0,True
1527,546.0,887.0,True
1528,546.0,887.0,True
1529,441.0,887.0,False
1530,609.0,887.0,True
1531,567.0,887.0,True
1532,525.0,887.0,True
1533,483.0,887.0,True
1534,525.0,887.0,True
1535,462.0,887.0,False
1536,651.0,887.0,True
1537,420.0,887.0,True
1538,525.0,887.0,True
1539,420.0,887.0,True
1540,504.0,887.0,True
1541,504.0,887.0,True
1542,672.0,887.0,False
1543,525.0,887.0,True
1544,504.0,887.0,True
1545,525.0,887.0,True
1546,525.0,887.0,True
1547,504.0,887.0,True
1548,462.0,887.0,True
1549,672.0,887.0,True
1550,609.0,887.0,True
1551,693.0,887.0,False
1552,672.0,887.0,True
1553,441.0,887.0,False
1554,420.0,887.0,True
1555,672.0,887.0,True
1556,609.0,887.0,True
1557,672.0,887.0,True
1558,672.0,887.0,True
1559,693.0,887.0,True
1560,735.0,887.0,True
1561,714.0,887.0,False
1562,693.0,887.0,True
1563,693.0,887.0,True
1564,630.0,887.0,True
1565,693.0,887.0,True
1566,693.0,887.0,True
1567,693.0,887.0,False
1568,693.0,887.0,True
1569,609.0,887.0,True
1570,588.0,887.0,False
1571,336.0,887.0,True
1572,525.0,887.0,False
1573,651.0,887.0,True
1574,588.0,887.0,False
1575,378.0,887.0,False
1576,693.0,887.0,True
1577,567.0,887.0,False
1578,693.0,887.0,True
1579,714.0,887.0,True
1580,672.0,887.0,True
1581,672.0,887.0,True
1582,672.0,887.0,False
1583,651.0,887.0,True
1584,693.0,887.0,True
1585,630.0,887.0,True
1586,672.0,887.0,False
1587,714.0,887.0,False
1588,483.0,887.0,True
1589,714.0,887.0,True
1590,693.0,887.0,True
1591,651.0,887.0,True
1592,651.0,887.0,True
1593,714.0,887.0,True
1594,651.0,887.0,True
1595,693.0,887.0,True
1596,651.0,887.0,False
1597,651.0,887.0,True
1598,651.0,887.0,True
1599,672.0,887.0,False
1600,672.0,887.0,True
1601,651.0,887.0,True
1602,693.0,887.0,True
1603,651.0,887.0,True
1604,735.0,887.0,True
1605,693.0,887.0,True
1606,672.0,887.0,False
1607,714.0,887.0,True
1608,693.0,887.0,True
1609,588.0,887.0,True
1610,672.0,887.0,True
1611,630.0,887.0,True
1612,693.0,887.0,True
1613,672.0,887.0,False
1614,210.0,887.0,False
1615,462.0,887.0,True
1616,672.0,887.0,True
1617,693.0,887.0,True
1618,693.0,887.0,True
1619,651.0,887.0,True
1620,714.0,887.0,True
1621,651.0,887.0,False
1622,714.0,887.0,True
1623,714.0,887.0,True
1624,714.0,887.0,False
1625,651.0,887.0,True
1626,713.0,887.0,True
1627,762.0,887.0,True
1628,753.0,887.0,False
1629,919.0,919.0,True
1630,826.0,919.0,False
1631,786.0,919.0,True
1632,630.0,919.0,True
1633,651.0,919.0,True
1634,714.0,919.0,False
1635,651.0,919.0,False
1636,672.0,919.0,True
1637,714.0,919.0,True
1638,651.0,919.0,True
1639,672.0,919.0,False
1640,609.0,919.0,False
1641,672.0,919.0,True
1642,630.0,919.0,False
1643,672.0,919.0,True
1644,651.0,919.0,True
1645,630.0,919.0,True
1646,756.0,919.0,True
1647,609.0,919.0,True
1648,672.0,919.0,False
1649,693.0,919.0,True
1650,840.0,919.0,False
1651,672.0,919.0,False
1652,714.0,919.0,True
1653,693.0,919.0,False
1654,714.0,919.0,False
1655,714.0,919.0,False
1656,651.0,919.0,True
1657,588.0,919.0,True
1658,735.0,919.0,True
1659,714.0,919.0,False
1660,693.0,919.0,False
1661,693.0,919.0,False
1662,609.0,919.0,False
1663,651.0,919.0,True
1664,567.0,919.0,True
1665,693.0,919.0,False
1666,651.0,919.0,True
1667,630.0,919.0,True
1668,609.0,919.0,True
1669,651.0,919.0,True
1670,462.0,919.0,False
1671,504.0,919.0,True
1672,630.0,919.0,True
1673,672.0,919.0,False
1674,672.0,919.0,True
1675,714.0,919.0,False
1676,735.0,919.0,True
1677,504.0,919.0,True
1678,672.0,919.0,True
1679,693.0,919.0,True
1680,693.0,919.0,True
1681,378.0,919.0,False
1682,630.0,919.0,True
1683,693.0,919.0,False
1684,630.0,919.0,False
1685,672.0,919.0,True
1686,525.0,919.0,False
1687,735.0,919.0,False
1688,735.0,919.0,False
1689,609.0,919.0,False
1690,672.0,919.0,True
1691,756.0,919.0,False
1692,609.0,919.0,True
1693,651.0,919.0,False
1694,441.0,919.0,True
1695,714.0,919.0,False
1696,609.0,919.0,True
1697,588.0,919.0,False
1698,546.0,919.0,True
1699,651.0,919.0,False
1700,672.0,919.0,True
1701,630.0,919.0,True
1702,525.0,919.0,False
1703,672.0,919.0,True
1704,714.0,919.0,True
1705,630.0,919.0,True
1706,735.0,919.0,True
1707,672.0,919.0,False
1708,672.0,919.0,True
1709,693.0,919.0,True
1710,651.0,919.0,True
1711,714.0,919.0,False
1712,651.0,919.0,True
1713,672.0,919.0,True
1714,630.0,919.0,True
1715,609.0,919.0,False
1716,651.0,919.0,True
1717,651.0,919.0,True
1718,714.0,919.0,False
1719,630.0,919.0,True
1720,714.0,919.0,True
1721,630.0,919.0,True
1722,693.0,919.0,True
1723,651.0,919.0,True
1724,693.0,919.0,False
1725,714.0,919.0,True
1726,777.0,919.0,True
1727,714.0,919.0,False
1728,630.0,919.0,True
1729,672.0,919.0,False
1730,693.0,919.0,True
1731,693.0,919.0,True
1732,735.0,919.0,False
1733,672.0,919.0,True
1734,672.0,919.0,False
1735,693.0,919.0,False
1736,693.0,919.0,True
1737,525.0,919.0,False
1738,672.0,919.0,False
1739,672.0,919.0,False
1740,630.0,919.0,True
1741,651.0,919.0,True
1742,630.0,919.0,True
1743,735.0,919.0,True
1744,693.0,919.0,False
1745,651.0,919.0,True
1746,609.0,919.0,True
1747,630.0,919.0,True
1748,714.0,919.0,True
1749,588.0,919.0,True
1750,672.0,919.0,True
1751,672.0,919.0,True
1752,798.0,919.0,False
1753,735.0,919.0,True
1754,735.0,919.0,True
1755,651.0,919.0,True
1756,714.0,919.0,False
1757,693.0,919.0,True
1758,714.0,919.0,False
1759,714.0,919.0,True
1760,714.0,919.0,False
1761,315.0,919.0,False
1762,756.0,919.0,False
1763,651.0,919.0,False
1764,672.0,919.0,False
1765,714.0,919.0,False
1766,609.0,919.0,True
1767,609.0,919.0,True
1768,546.0,919.0,False
1769,609.0,919.0,False
1770,546.0,919.0,False
1771,462.0,919.0,False
1772,546.0,919.0,True
1773,462.0,919.0,True
1774,525.0,919.0,True
1775,462.0,919.0,True
1776,630.0,919.0,True
1777,441.0,919.0,True
1778,525.0,919.0,True
1779,546.0,919.0,True
1780,336.0,919.0,True
1781,546.0,919.0,True
1782,420.0,919.0,False
1783,483.0,919.0,True
1784,462.0,919.0,False
1785,567.0,919.0,False
1786,630.0,919.0,True
1787,525.0,919.0,True
1788,609.0,919.0,True
1789,525.0,919.0,False
1790,546.0,919.0,False
1791,441.0,919.0,True
1792,462.0,919.0,False
1793,231.0,919.0,False
1794,609.0,919.0,True
1795,462.0,919.0,True
1796,525.0,919.0,True
1797,525.0,919.0,False
1798,525.0,919.0,True
1799,483.0,919.0,True
1800,504.0,919.0,True
1801,672.0,919.0,False
1802,504.0,919.0,True
1803,525.0,919.0,True
1804,546.0,919.0,True
1805,504.0,919.0,False
1806,504.0,919.0,True
1807,525.0,919.0,True
1808,504.0,919.0,True
1809,462.0,919.0,True
1810,504.0,919.0,True
1811,525.0,919.0,True
1812,525.0,919.0,True
1813,462.0,919.0,False
1814,588.0,919.0,True
1815,504.0,919.0,True
1816,546.0,919.0,True
1817,546.0,919.0,True
1818,483.0,919.0,True
1819,462.0,919.0,True
1820,399.0,919.0,True
1821,567.0,919.0,True
1822,546.0,919.0,True
1823,546.0,919.0,True
1824,483.0,919.0,True
1825,420.0,919.0,False
1826,462.0,919.0,False
1827,420.0,919.0,True
1828,588.0,919.0,True
1829,630.0,919.0,False
1830,504.0,919.0,True
1831,609.0,919.0,True
1832,462.0,919.0,False
1833,609.0,919.0,True
1834,567.0,919.0,True
1835,420.0,919.0,True
1836,525.0,919.0,True
1837,462.0,919.0,True
1838,462.0,919.0,True
1839,441.0,919.0,True
1840,420.0,919.0,True
1841,504.0,919.0,False
1842,504.0,919.0,True
1843,483.0,919.0,True
1844,462.0,919.0,False
1845,588.0,919.0,True
1846,546.0,919.0,False
1847,630.0,919.0,True
1848,504.0,919.0,True
1849,399.0,919.0,True
1850,462.0,919.0,True
1851,462.0,919.0,True
1852,420.0,919.0,True
1853,504.0,919.0,True
1854,483.0,919.0,True
1855,546.0,919.0,True
1856,609.0,919.0,True
1857,420.0,919.0,True
1858,420.0,919.0,False
1859,651.0,919.0,True
1860,504.0,919.0,True
1861,399.0,919.0,True
1862,441.0,919.0,False
1863,336.0,919.0,False
1864,483.0,919.0,False
1865,399.0,919.0,True
1866,399.0,919.0,False
1867,252.0,919.0,True
1868,546.0,919.0,True
1869,504.0,919.0,False
1870,546.0,919.0,False
1871,420.0,919.0,True
1872,483.0,919.0,True
1873,462.0,919.0,True
1874,399.0,919.0,False
1875,483.0,919.0,True
1876,357.0,919.0,False
1877,483.0,919.0,False
1878,504.0,919.0,True
1879,483.0,919.0,False
1880,483.0,919.0,True
1881,630.0,919.0,True
1882,399.0,919.0,True
1883,483.0,919.0,True
1884,441.0,919.0,True
1885,567.0,919.0,False
1886,504.0,919.0,True
1887,588.0,919.0,True
1888,630.0,919.0,True
1889,399.0,919.0,False
1890,1743.0,1743.0,True
1891,1709.0,1743.0,False
1892,1756.0,1756.0,False
1893,1086.0,1756.0,False
1894,672.0,1756.0,True
1895,651.0,1756.0,False
1896,651.0,1756.0,False
1897,672.0,1756.0,True
1898,672.0,1756.0,False
1899,672.0,1756.0,False
1900,441.0,1756.0,True
1901,525.0,1756.0,True
1902,588.0,1756.0,True
1903,525.0,1756.0,True
1904,567.0,1756.0,False
1905,399.0,1756.0,False
1906,504.0,1756.0,False
1907,462.0,1756.0,False
1908,462.0,1756.0,True
1909,462.0,1756.0,True
1910,504.0,1756.0,True
1911,483.0,1756.0,True
1912,504.0,1756.0,True
1913,504.0,1756.0,True
1914,399.0,1756.0,False
1915,525.0,1756.0,True
1916,588.0,1756.0,True
1917,672.0,1756.0,True
1918,609.0,1756.0,False
1919,609.0,1756.0,True
1920,672.0,1756.0,True
1921,672.0,1756.0,False
1922,693.0,1756.0,False
1923,672.0,1756.0,True
1924,651.0,1756.0,True
1925,672.0,1756.0,False
1926,630.0,1756.0,True
1927,735.0,1756.0,False
1928,672.0,1756.0,True
1929,609.0,1756.0,True
1930,651.0,1756.0,True
1931,651.0,1756.0,False
1932,693.0,1756.0,False
1933,273.0,1756.0,False
1934,693.0,1756.0,True
1935,630.0,1756.0,True
1936,420.0,1756.0,False
1937,672.0,1756.0,True
1938,441.0,1756.0,True
1939,420.0,1756.0,True
1940,399.0,1756.0,True
1941,651.0,1756.0,True
1942,525.0,1756.0,True
1943,672.0,1756.0,True
1944,399.0,1756.0,False
1945,651.0,1756.0,True
1946,651.0,1756.0,True
1947,630.0,1756.0,True
1948,651.0,1756.0,False
1949,651.0,1756.0,False
1950,630.0,1756.0,False
1951,735.0,1756.0,False
1952,630.0,1756.0,True
1953,735.0,1756.0,False
1954,630.0,1756.0,True
1955,714.0,1756.0,True
1956,777.0,1756.0,False
1957,672.0,1756.0,True
1958,441.0,1756.0,False
1959,630.0,1756.0,True
1960,504.0,1756.0,True
1961,672.0,1756.0,True
1962,546.0,1756.0,True
1963,546.0,1756.0,True
1964,504.0,1756.0,False
1965,525.0,1756.0,True
1966,609.0,1756.0,True
1967,399.0,1756.0,False
1968,672.0,1756.0,False
1969,651.0,1756.0,True
1970,525.0,1756.0,False
1971,651.0,1756.0,False
1972,630.0,1756.0,True
1973,630.0,1756.0,False
1974,630.0,1756.0,True
1975,672.0,1756.0,True
1976,84.0,1756.0,True
1977,661.0,1756.0,True
1978,630.0,1756.0,True
1979,651.0,1756.0,True
1980,651.0,1756.0,False
1981,672.0,1756.0,True
1982,672.0,1756.0,True
1983,693.0,1756.0,False
1984,672.0,1756.0,False
1985,294.0,1756.0,True
1986,630.0,1756.0,True
1987,651.0,1756.0,True
1988,630.0,1756.0,False
1989,672.0,1756.0,False
1990,661.0,1756.0,True
1991,692.0,1756.0,False
1992,672.0,1756.0,False
1993,672.0,1756.0,True
1994,630.0,1756.0,True
1995,504.0,1756.0,False
1996,651.0,1756.0,True
1997,692.0,1756.0,True
1998,959.0,1756.0,True
1999,743.0,1756.0,False
