0,0.0,0.0,True
1,0.0,0.0,True
2,168.0,168.0,True
3,441.0,441.0,False
4,483.0,483.0,True
5,462.0,483.0,True
6,399.0,483.0,True
7,462.0,483.0,False
8,525.0,525.0,True
9,441.0,525.0,False
10,525.0,525.0,False
11,504.0,525.0,True
12,525.0,525.0,True
13,504.0,525.0,True
14,399.0,525.0,True
15,399.0,525.0,True
16,462.0,525.0,True
17,441.0,525.0,True
18,525.0,525.0,True
19,609.0,609.0,False
20,483.0,609.0,True
21,630.0,630.0,True
22,273.0,630.0,True
23,588.0,630.0,True
24,546.0,630.0,True
25,504.0,630.0,False
26,420.0,630.0,True
27,378.0,630.0,True
28,399.0,630.0,False
29,462.0,630.0,True
30,504.0,630.0,False
31,378.0,630.0,False
32,357.0,630.0,True
33,420.0,630.0,True
34,420.0,630.0,False
35,420.0,630.0,True
36,378.0,630.0,True
37,420.0,630.0,False
38,420.0,630.0,False
39,399.0,630.0,True
40,189.0,630.0,True
41,294.0,630.0,False
42,378.0,630.0,True
43,420.0,630.0,False
44,420.0,630.0,True
45,420.0,630.0,True
46,420.0,630.0,True
47,420.0,630.0,False
48,420.0,630.0,True
49,420.0,630.0,True
50,399.0,630.0,False
51,420.0,630.0,True
52,420.0,630.0,True
53,420.0,630.0,True
54,420.0,630.0,True
55,357.0,630.0,True
56,273.0,630.0,False
57,420.0,630.0,True
58,420.0,630.0,True
59,420.0,630.0,True
60,420.0,630.0,False
61,420.0,630.0,True
62,420.0,630.0,True
63,378.0,630.0,True
64,357.0,630.0,False
65,378.0,630.0,True
66,378.0,630.0,True
67,420.0,630.0,True
68,420.0,630.0,True
69,420.0,630.0,True
70,399.0,630.0,True
71,420.0,630.0,True
72,168.0,630.0,True
73,357.0,630.0,True
74,315.0,630.0,False
75,420.0,630.0,True
76,399.0,630.0,True
77,420.0,630.0,True
78,420.0,630.0,True
79,420.0,630.0,False
80,420.0,630.0,True
81,420.0,630.0,True
82,378.0,630.0,True
83,483.0,630.0,True
84,483.0,630.0,True
85,399.0,630.0,True
86,525.0,630.0,True
87,525.0,630.0,True
88,588.0,630.0,True
89,399.0,630.0,False
90,399.0,630.0,True
91,462.0,630.0,True
92,588.0,630.0,True
93,483.0,630.0,True
94,588.0,630.0,True
95,483.0,630.0,True
96,252.0,630.0,True
97,504.0,630.0,False
98,525.0,630.0,True
99,609.0,630.0,False
100,462.0,630.0,True
101,651.0,651.0,True
102,525.0,651.0,True
103,546.0,651.0,True
104,441.0,651.0,True
105,525.0,651.0,False
106,525.0,651.0,False
107,483.0,651.0,True
108,525.0,651.0,True
109,672.0,672.0,True
110,462.0,672.0,True
111,546.0,672.0,True
112,525.0,672.0,True
113,504.0,672.0,True
114,504.0,672.0,False
115,462.0,672.0,True
116,525.0,672.0,True
117,525.0,672.0,True
118,588.0,672.0,True
119,525.0,672.0,True
120,504.0,672.0,True
121,546.0,672.0,False
122,399.0,672.0,True
123,420.0,672.0,True
124,525.0,672.0,True
125,504.0,672.0,True
126,693.0,693.0,False
127,661.0,693.0,False
128,703.0,703.0,False
129,682.0,703.0,False
130,630.0,703.0,True
131,504.0,703.0,True
132,703.0,703.0,False
133,525.0,703.0,True
134,546.0,703.0,True
135,546.0,703.0,False
136,420.0,703.0,True
137,420.0,703.0,True
138,609.0,703.0,True
139,441.0,703.0,False
140,609.0,703.0,False
141,462.0,703.0,True
142,630.0,703.0,True
143,504.0,703.0,True
144,483.0,703.0,False
145,525.0,703.0,True
146,504.0,703.0,True
147,441.0,703.0,True
148,672.0,703.0,True
149,420.0,703.0,True
150,525.0,703.0,True
151,483.0,703.0,True
152,588.0,703.0,False
153,588.0,703.0,True
154,630.0,703.0,True
155,462.0,703.0,False
156,630.0,703.0,True
157,651.0,703.0,False
158,588.0,703.0,False
159,672.0,703.0,True
160,693.0,703.0,True
161,756.0,756.0,True
162,693.0,756.0,True
163,672.0,756.0,False
164,672.0,756.0,False
165,504.0,756.0,True
166,651.0,756.0,False
167,630.0,756.0,True
168,756.0,756.0,False
169,735.0,756.0,True
170,672.0,756.0,True
171,693.0,756.0,False
172,693.0,756.0,False
173,693.0,756.0,True
174,672.0,756.0,True
175,651.0,756.0,False
176,693.0,756.0,True
177,672.0,756.0,True
178,693.0,756.0,True
179,693.0,756.0,False
180,672.0,756.0,True
181,672.0,756.0,True
182,651.0,756.0,False
183,672.0,756.0,True
184,693.0,756.0,False
185,672.0,756.0,False
186,672.0,756.0,True
187,672.0,756.0,False
188,714.0,756.0,True
189,672.0,756.0,True
190,651.0,756.0,False
191,672.0,756.0,True
192,651.0,756.0,True
193,682.0,756.0,False
194,693.0,756.0,True
195,651.0,756.0,False
196,672.0,756.0,True
197,651.0,756.0,True
198,714.0,756.0,False
199,672.0,756.0,False
200,693.0,756.0,False
201,756.0,756.0,True
202,714.0,756.0,True
203,735.0,756.0,False
204,672.0,756.0,False
205,693.0,756.0,True
206,651.0,756.0,False
207,735.0,756.0,True
208,735.0,756.0,False
209,693.0,756.0,False
210,630.0,756.0,True
211,651.0,756.0,False
212,693.0,756.0,True
213,693.0,756.0,False
214,693.0,756.0,True
215,672.0,756.0,False
216,672.0,756.0,True
217,693.0,756.0,False
218,735.0,756.0,False
219,714.0,756.0,True
220,462.0,756.0,True
221,399.0,756.0,True
222,525.0,756.0,True
223,504.0,756.0,True
224,462.0,756.0,True
225,420.0,756.0,False
226,399.0,756.0,False
227,546.0,756.0,True
228,504.0,756.0,True
229,630.0,756.0,False
230,567.0,756.0,True
231,546.0,756.0,True
232,483.0,756.0,True
233,504.0,756.0,True
234,441.0,756.0,True
235,399.0,756.0,False
236,483.0,756.0,True
237,630.0,756.0,True
238,714.0,756.0,True
239,693.0,756.0,True
240,483.0,756.0,True
241,630.0,756.0,True
242,441.0,756.0,True
243,483.0,756.0,False
244,609.0,756.0,True
245,378.0,756.0,True
246,525.0,756.0,True
247,525.0,756.0,True
248,504.0,756.0,False
249,399.0,756.0,True
250,651.0,756.0,True
251,504.0,756.0,False
252,672.0,756.0,False
253,609.0,756.0,True
254,357.0,756.0,False
255,525.0,756.0,True
256,525.0,756.0,False
257,630.0,756.0,False
258,336.0,756.0,False
259,525.0,756.0,False
260,483.0,756.0,True
261,462.0,756.0,False
262,252.0,756.0,False
263,525.0,756.0,True
264,525.0,756.0,True
265,546.0,756.0,True
266,441.0,756.0,False
267,441.0,756.0,True
268,462.0,756.0,True
269,336.0,756.0,False
270,609.0,756.0,False
271,525.0,756.0,True
272,588.0,756.0,True
273,399.0,756.0,True
274,294.0,756.0,False
275,441.0,756.0,False
276,567.0,756.0,True
277,273.0,756.0,True
278,441.0,756.0,True
279,567.0,756.0,False
280,504.0,756.0,False
281,567.0,756.0,False
282,609.0,756.0,True
283,693.0,756.0,False
284,420.0,756.0,True
285,357.0,756.0,False
286,588.0,756.0,True
287,420.0,756.0,False
288,399.0,756.0,True
289,231.0,756.0,False
290,546.0,756.0,True
291,441.0,756.0,True
292,588.0,756.0,True
293,588.0,756.0,False
294,462.0,756.0,False
295,399.0,756.0,True
296,504.0,756.0,True
297,462.0,756.0,False
298,483.0,756.0,True
299,609.0,756.0,False
300,357.0,756.0,True
301,273.0,756.0,False
302,336.0,756.0,False
303,525.0,756.0,True
304,525.0,756.0,True
305,441.0,756.0,True
306,609.0,756.0,False
307,504.0,756.0,False
308,252.0,756.0,False
309,399.0,756.0,True
310,399.0,756.0,True
311,609.0,756.0,False
312,504.0,756.0,True
313,525.0,756.0,True
314,399.0,756.0,False
315,525.0,756.0,True
316,504.0,756.0,False
317,462.0,756.0,False
318,441.0,756.0,True
319,525.0,756.0,True
320,630.0,756.0,True
321,630.0,756.0,True
322,462.0,756.0,True
323,462.0,756.0,True
324,504.0,756.0,False
325,399.0,756.0,True
326,378.0,756.0,True
327,378.0,756.0,True
328,567.0,756.0,False
329,441.0,756.0,True
330,441.0,756.0,False
331,420.0,756.0,True
332,462.0,756.0,True
333,441.0,756.0,True
334,441.0,756.0,False
335,483.0,756.0,True
336,399.0,756.0,False
337,336.0,756.0,True
338,420.0,756.0,False
339,546.0,756.0,True
340,378.0,756.0,True
341,420.0,756.0,True
342,504.0,756.0,True
343,546.0,756.0,False
344,462.0,756.0,False
345,504.0,756.0,True
346,399.0,756.0,True
347,567.0,756.0,False
348,525.0,756.0,True
349,525.0,756.0,False
350,525.0,756.0,True
351,441.0,756.0,True
352,336.0,756.0,True
353,588.0,756.0,True
354,504.0,756.0,True
355,672.0,756.0,True
356,462.0,756.0,True
357,441.0,756.0,True
358,525.0,756.0,True
359,504.0,756.0,False
360,441.0,756.0,False
361,525.0,756.0,True
362,525.0,756.0,False
363,567.0,756.0,True
364,504.0,756.0,True
365,504.0,756.0,False
366,441.0,756.0,False
367,630.0,756.0,True
368,630.0,756.0,True
369,588.0,756.0,False
370,504.0,756.0,True
371,483.0,756.0,False
372,546.0,756.0,True
373,504.0,756.0,True
374,672.0,756.0,True
375,441.0,756.0,False
376,546.0,756.0,True
377,399.0,756.0,True
378,462.0,756.0,True
379,504.0,756.0,True
380,525.0,756.0,True
381,609.0,756.0,False
382,546.0,756.0,True
383,525.0,756.0,True
384,357.0,756.0,True
385,630.0,756.0,False
386,525.0,756.0,True
387,546.0,756.0,True
388,525.0,756.0,True
389,357.0,756.0,True
390,546.0,756.0,True
391,525.0,756.0,True
392,399.0,756.0,False
393,588.0,756.0,True
394,693.0,756.0,False
395,546.0,756.0,False
396,714.0,756.0,True
397,693.0,756.0,False
398,378.0,756.0,False
399,651.0,756.0,False
400,672.0,756.0,False
401,672.0,756.0,True
402,672.0,756.0,False
403,504.0,756.0,True
404,525.0,756.0,False
405,504.0,756.0,True
406,462.0,756.0,True
407,504.0,756.0,False
408,462.0,756.0,True
409,462.0,756.0,True
410,609.0,756.0,False
411,294.0,756.0,True
412,462.0,756.0,True
413,504.0,756.0,True
414,357.0,756.0,False
415,378.0,756.0,True
416,693.0,756.0,True
417,630.0,756.0,False
418,672.0,756.0,False
419,630.0,756.0,True
420,651.0,756.0,True
421,693.0,756.0,False
422,714.0,756.0,True
423,630.0,756.0,True
424,651.0,756.0,True
425,609.0,756.0,False
426,630.0,756.0,True
427,630.0,756.0,False
428,399.0,756.0,True
429,315.0,756.0,False
430,378.0,756.0,True
431,315.0,756.0,True
432,672.0,756.0,True
433,672.0,756.0,True
434,693.0,756.0,True
435,672.0,756.0,True
436,672.0,756.0,False
437,609.0,756.0,False
438,630.0,756.0,True
439,693.0,756.0,True
440,714.0,756.0,True
441,588.0,756.0,False
442,651.0,756.0,True
443,672.0,756.0,True
444,714.0,756.0,True
445,483.0,756.0,False
446,672.0,756.0,True
447,630.0,756.0,False
448,693.0,756.0,True
449,630.0,756.0,False
450,651.0,756.0,False
451,714.0,756.0,True
452,693.0,756.0,True
453,756.0,756.0,True
454,756.0,756.0,False
455,483.0,756.0,True
456,504.0,756.0,False
457,504.0,756.0,True
458,504.0,756.0,True
459,483.0,756.0,True
460,441.0,756.0,True
461,399.0,756.0,True
462,609.0,756.0,True
463,525.0,756.0,False
464,525.0,756.0,True
465,378.0,756.0,True
466,672.0,756.0,False
467,420.0,756.0,False
468,504.0,756.0,True
469,504.0,756.0,True
470,525.0,756.0,True
471,399.0,756.0,True
472,672.0,756.0,True
473,693.0,756.0,False
474,735.0,756.0,True
475,630.0,756.0,True
476,735.0,756.0,False
477,525.0,756.0,True
478,483.0,756.0,False
479,504.0,756.0,False
480,504.0,756.0,False
481,462.0,756.0,False
482,672.0,756.0,True
483,462.0,756.0,True
484,672.0,756.0,True
485,441.0,756.0,True
486,420.0,756.0,False
487,525.0,756.0,False
488,336.0,756.0,True
489,357.0,756.0,False
490,525.0,756.0,True
491,462.0,756.0,True
492,567.0,756.0,True
493,420.0,756.0,False
494,399.0,756.0,False
495,420.0,756.0,True
496,609.0,756.0,True
497,504.0,756.0,True
498,504.0,756.0,True
499,651.0,756.0,True
500,504.0,756.0,True
501,546.0,756.0,False
502,525.0,756.0,True
503,525.0,756.0,True
504,462.0,756.0,True
505,483.0,756.0,True
506,567.0,756.0,True
507,630.0,756.0,True
508,588.0,756.0,True
509,462.0,756.0,True
510,378.0,756.0,False
511,483.0,756.0,True
512,525.0,756.0,False
513,462.0,756.0,True
514,588.0,756.0,False
515,609.0,756.0,False
516,441.0,756.0,True
517,504.0,756.0,True
518,357.0,756.0,True
519,504.0,756.0,True
520,378.0,756.0,True
521,630.0,756.0,True
522,504.0,756.0,False
523,420.0,756.0,True
524,630.0,756.0,False
525,693.0,756.0,True
526,483.0,756.0,True
527,525.0,756.0,True
528,525.0,756.0,False
529,630.0,756.0,True
530,567.0,756.0,True
531,525.0,756.0,True
532,588.0,756.0,True
533,546.0,756.0,False
534,441.0,756.0,False
535,441.0,756.0,True
536,525.0,756.0,True
537,651.0,756.0,False
538,483.0,756.0,True
539,378.0,756.0,False
540,567.0,756.0,True
541,609.0,756.0,False
542,588.0,756.0,True
543,462.0,756.0,True
544,651.0,756.0,True
545,504.0,756.0,True
546,525.0,756.0,True
547,525.0,756.0,True
548,630.0,756.0,True
549,588.0,756.0,False
550,525.0,756.0,True
551,651.0,756.0,True
552,672.0,756.0,True
553,630.0,756.0,False
554,672.0,756.0,True
555,672.0,756.0,True
556,630.0,756.0,False
557,651.0,756.0,True
558,672.0,756.0,True
559,441.0,756.0,True
560,630.0,756.0,True
561,399.0,756.0,False
562,546.0,756.0,True
563,504.0,756.0,True
564,462.0,756.0,False
565,399.0,756.0,True
566,231.0,756.0,False
567,399.0,756.0,True
568,525.0,756.0,False
569,399.0,756.0,False
570,399.0,756.0,False
571,399.0,756.0,True
572,420.0,756.0,True
573,483.0,756.0,True
574,525.0,756.0,True
575,483.0,756.0,True
576,651.0,756.0,True
577,588.0,756.0,False
578,441.0,756.0,True
579,357.0,756.0,True
580,483.0,756.0,True
581,483.0,756.0,True
582,357.0,756.0,True
583,462.0,756.0,True
584,357.0,756.0,False
585,378.0,756.0,True
586,399.0,756.0,True
587,567.0,756.0,False
588,441.0,756.0,True
589,504.0,756.0,False
590,525.0,756.0,True
591,525.0,756.0,True
592,525.0,756.0,True
593,525.0,756.0,False
594,504.0,756.0,True
595,567.0,756.0,True
596,504.0,756.0,True
597,525.0,756.0,True
598,609.0,756.0,True
599,609.0,756.0,True
600,420.0,756.0,False
601,609.0,756.0,True
602,420.0,756.0,True
603,525.0,756.0,True
604,420.0,756.0,True
605,504.0,756.0,True
606,504.0,756.0,True
607,525.0,756.0,False
608,609.0,756.0,True
609,483.0,756.0,True
610,504.0,756.0,True
611,525.0,756.0,True
612,399.0,756.0,True
613,567.0,756.0,False
614,609.0,756.0,True
615,441.0,756.0,True
616,525.0,756.0,True
617,546.0,756.0,False
618,672.0,756.0,True
619,546.0,756.0,True
620,546.0,756.0,True
621,525.0,756.0,True
622,546.0,756.0,True
623,546.0,756.0,False
624,462.0,756.0,True
625,546.0,756.0,True
626,504.0,756.0,True
627,504.0,756.0,False
628,399.0,756.0,True
629,525.0,756.0,False
630,399.0,756.0,True
631,462.0,756.0,True
632,630.0,756.0,True
633,567.0,756.0,True
634,672.0,756.0,True
635,378.0,756.0,True
636,546.0,756.0,True
637,630.0,756.0,False
638,630.0,756.0,True
639,651.0,756.0,True
640,567.0,756.0,True
641,630.0,756.0,True
642,672.0,756.0,True
643,735.0,756.0,True
644,630.0,756.0,True
645,651.0,756.0,False
646,651.0,756.0,False
647,630.0,756.0,False
648,588.0,756.0,False
649,630.0,756.0,True
650,672.0,756.0,True
651,630.0,756.0,False
652,672.0,756.0,False
653,693.0,756.0,False
654,630.0,756.0,False
655,651.0,756.0,True
656,630.0,756.0,True
657,672.0,756.0,True
658,336.0,756.0,False
659,525.0,756.0,True
660,462.0,756.0,True
661,420.0,756.0,True
662,483.0,756.0,True
663,504.0,756.0,True
664,462.0,756.0,False
665,336.0,756.0,True
666,441.0,756.0,False
667,399.0,756.0,False
668,441.0,756.0,True
669,441.0,756.0,True
670,441.0,756.0,True
671,483.0,756.0,True
672,588.0,756.0,True
673,336.0,756.0,True
674,483.0,756.0,False
675,609.0,756.0,False
676,462.0,756.0,True
677,609.0,756.0,False
678,504.0,756.0,True
679,420.0,756.0,False
680,651.0,756.0,True
681,252.0,756.0,True
682,483.0,756.0,True
683,546.0,756.0,True
684,546.0,756.0,True
685,441.0,756.0,True
686,483.0,756.0,False
687,588.0,756.0,True
688,651.0,756.0,True
689,504.0,756.0,True
690,378.0,756.0,False
691,420.0,756.0,True
692,399.0,756.0,False
693,441.0,756.0,False
694,546.0,756.0,False
695,315.0,756.0,True
696,609.0,756.0,True
697,399.0,756.0,True
698,441.0,756.0,True
699,336.0,756.0,True
700,693.0,756.0,True
701,735.0,756.0,True
702,651.0,756.0,True
703,651.0,756.0,True
704,651.0,756.0,False
705,588.0,756.0,False
706,672.0,756.0,True
707,693.0,756.0,True
708,714.0,756.0,True
709,693.0,756.0,True
710,651.0,756.0,True
711,609.0,756.0,True
712,315.0,756.0,True
713,672.0,756.0,True
714,630.0,756.0,True
715,567.0,756.0,False
716,630.0,756.0,True
717,609.0,756.0,False
718,693.0,756.0,False
719,651.0,756.0,True
720,609.0,756.0,False
721,588.0,756.0,True
722,483.0,756.0,False
723,693.0,756.0,True
724,651.0,756.0,True
725,672.0,756.0,False
726,651.0,756.0,True
727,609.0,756.0,True
728,567.0,756.0,False
729,630.0,756.0,True
730,693.0,756.0,True
731,651.0,756.0,True
732,567.0,756.0,True
733,651.0,756.0,True
734,672.0,756.0,True
735,693.0,756.0,True
736,588.0,756.0,False
737,693.0,756.0,True
738,630.0,756.0,False
739,672.0,756.0,False
740,651.0,756.0,True
741,336.0,756.0,True
742,630.0,756.0,True
743,651.0,756.0,True
744,651.0,756.0,True
745,546.0,756.0,True
746,693.0,756.0,False
747,630.0,756.0,True
748,483.0,756.0,True
749,609.0,756.0,True
750,651.0,756.0,True
751,714.0,756.0,True
752,651.0,756.0,False
753,651.0,756.0,True
754,588.0,756.0,True
755,724.0,756.0,True
756,630.0,756.0,False
757,651.0,756.0,True
758,525.0,756.0,True
759,672.0,756.0,True
760,651.0,756.0,True
761,588.0,756.0,False
762,609.0,756.0,True
763,651.0,756.0,True
764,630.0,756.0,True
765,693.0,756.0,True
766,651.0,756.0,False
767,693.0,756.0,True
768,609.0,756.0,False
769,714.0,756.0,False
770,714.0,756.0,True
771,672.0,756.0,False
772,651.0,756.0,True
773,651.0,756.0,True
774,630.0,756.0,True
775,588.0,756.0,True
776,651.0,756.0,True
777,630.0,756.0,False
778,483.0,756.0,False
779,651.0,756.0,True
780,609.0,756.0,True
781,399.0,756.0,True
782,462.0,756.0,True
783,672.0,756.0,True
784,672.0,756.0,True
785,651.0,756.0,True
786,651.0,756.0,True
787,714.0,756.0,False
788,693.0,756.0,False
789,609.0,756.0,True
790,714.0,756.0,True
791,651.0,756.0,True
792,672.0,756.0,True
793,714.0,756.0,True
794,672.0,756.0,True
795,672.0,756.0,True
796,651.0,756.0,True
797,336.0,756.0,False
798,693.0,756.0,True
799,672.0,756.0,False
800,714.0,756.0,True
801,651.0,756.0,True
802,630.0,756.0,True
803,651.0,756.0,True
804,672.0,756.0,True
805,651.0,756.0,False
806,714.0,756.0,False
807,714.0,756.0,True
808,399.0,756.0,True
809,525.0,756.0,True
810,651.0,756.0,True
811,630.0,756.0,True
812,672.0,756.0,True
813,672.0,756.0,True
814,651.0,756.0,True
815,693.0,756.0,False
816,630.0,756.0,False
817,651.0,756.0,True
818,630.0,756.0,True
819,693.0,756.0,False
820,630.0,756.0,False
821,672.0,756.0,True
822,546.0,756.0,False
823,525.0,756.0,True
824,672.0,756.0,False
825,504.0,756.0,False
826,504.0,756.0,False
827,672.0,756.0,True
828,504.0,756.0,True
829,714.0,756.0,True
830,630.0,756.0,True
831,588.0,756.0,False
832,630.0,756.0,True
833,672.0,756.0,True
834,546.0,756.0,False
835,630.0,756.0,True
836,630.0,756.0,False
837,336.0,756.0,True
838,672.0,756.0,True
839,756.0,756.0,True
840,693.0,756.0,False
841,672.0,756.0,True
842,630.0,756.0,True
843,630.0,756.0,False
844,630.0,756.0,True
845,672.0,756.0,False
846,588.0,756.0,True
847,588.0,756.0,True
848,399.0,756.0,True
849,567.0,756.0,False
850,420.0,756.0,True
851,546.0,756.0,False
852,504.0,756.0,True
853,399.0,756.0,True
854,588.0,756.0,True
855,567.0,756.0,False
856,462.0,756.0,True
857,630.0,756.0,True
858,504.0,756.0,False
859,525.0,756.0,True
860,525.0,756.0,True
861,525.0,756.0,False
862,378.0,756.0,True
863,399.0,756.0,True
864,630.0,756.0,True
865,420.0,756.0,True
866,462.0,756.0,True
867,525.0,756.0,False
868,504.0,756.0,True
869,630.0,756.0,True
870,567.0,756.0,True
871,420.0,756.0,False
872,651.0,756.0,True
873,609.0,756.0,True
874,756.0,756.0,False
875,651.0,756.0,False
876,420.0,756.0,True
877,588.0,756.0,True
878,651.0,756.0,False
879,609.0,756.0,False
880,651.0,756.0,False
881,588.0,756.0,True
882,672.0,756.0,True
883,651.0,756.0,True
884,651.0,756.0,False
885,630.0,756.0,False
886,651.0,756.0,False
887,693.0,756.0,False
888,651.0,756.0,True
889,672.0,756.0,True
890,672.0,756.0,False
891,609.0,756.0,True
892,672.0,756.0,True
893,672.0,756.0,True
894,714.0,756.0,False
895,651.0,756.0,False
896,714.0,756.0,True
897,714.0,756.0,False
898,651.0,756.0,True
899,651.0,756.0,True
900,630.0,756.0,True
901,714.0,756.0,False
902,651.0,756.0,True
903,651.0,756.0,True
904,651.0,756.0,True
905,777.0,777.0,True
906,672.0,777.0,True
907,693.0,777.0,False
908,609.0,777.0,True
909,693.0,777.0,True
910,672.0,777.0,True
911,630.0,777.0,True
912,609.0,777.0,True
913,651.0,777.0,False
914,609.0,777.0,False
915,672.0,777.0,True
916,630.0,777.0,False
917,441.0,777.0,True
918,420.0,777.0,False
919,399.0,777.0,True
920,252.0,777.0,True
921,441.0,777.0,True
922,462.0,777.0,True
923,525.0,777.0,False
924,420.0,777.0,False
925,462.0,777.0,False
926,672.0,777.0,True
927,714.0,777.0,True
928,630.0,777.0,True
929,651.0,777.0,True
930,336.0,777.0,False
931,714.0,777.0,False
932,693.0,777.0,False
933,672.0,777.0,True
934,672.0,777.0,True
935,693.0,777.0,True
936,672.0,777.0,True
937,714.0,777.0,True
938,672.0,777.0,False
939,756.0,777.0,True
940,714.0,777.0,True
941,651.0,777.0,False
942,672.0,777.0,True
943,756.0,777.0,True
944,672.0,777.0,True
945,777.0,777.0,True
946,714.0,777.0,False
947,693.0,777.0,True
948,441.0,777.0,False
949,672.0,777.0,True
950,609.0,777.0,True
951,630.0,777.0,True
952,399.0,777.0,True
953,315.0,777.0,False
954,703.0,777.0,True
955,672.0,777.0,False
956,630.0,777.0,True
957,693.0,777.0,True
958,693.0,777.0,True
959,714.0,777.0,False
960,703.0,777.0,True
961,609.0,777.0,True
962,609.0,777.0,False
963,609.0,777.0,True
964,630.0,777.0,True
965,651.0,777.0,True
966,714.0,777.0,False
967,546.0,777.0,False
968,651.0,777.0,True
969,714.0,777.0,True
970,756.0,777.0,True
971,672.0,777.0,True
972,651.0,777.0,False
973,672.0,777.0,True
974,714.0,777.0,True
975,672.0,777.0,True
976,693.0,777.0,True
977,672.0,777.0,True
978,630.0,777.0,True
979,651.0,777.0,True
980,672.0,777.0,True
981,651.0,777.0,False
982,681.0,777.0,True
983,651.0,777.0,True
984,588.0,777.0,True
985,672.0,777.0,False
986,756.0,777.0,True
987,630.0,777.0,False
988,693.0,777.0,True
989,609.0,777.0,True
990,756.0,777.0,True
991,672.0,777.0,False
992,672.0,777.0,True
993,672.0,777.0,True
994,651.0,777.0,True
995,672.0,777.0,True
996,672.0,777.0,False
997,672.0,777.0,True
998,693.0,777.0,True
999,672.0,777.0,True
1000,630.0,777.0,False
1001,420.0,777.0,False
1002,630.0,777.0,True
1003,714.0,777.0,True
1004,714.0,777.0,True
1005,756.0,777.0,False
1006,504.0,777.0,True
1007,504.0,777.0,True
1008,483.0,777.0,True
1009,504.0,777.0,True
1010,546.0,777.0,True
1011,525.0,777.0,False
1012,504.0,777.0,True
1013,651.0,777.0,True
1014,630.0,777.0,True
1015,630.0,777.0,False
1016,672.0,777.0,True
1017,651.0,777.0,False
1018,672.0,777.0,False
1019,672.0,777.0,True
1020,672.0,777.0,True
1021,630.0,777.0,True
1022,672.0,777.0,True
1023,525.0,777.0,True
1024,651.0,777.0,True
1025,609.0,777.0,True
1026,693.0,777.0,True
1027,525.0,777.0,False
1028,672.0,777.0,False
1029,672.0,777.0,False
1030,315.0,777.0,True
1031,504.0,777.0,True
1032,567.0,777.0,False
1033,378.0,777.0,False
1034,525.0,777.0,True
1035,546.0,777.0,True
1036,441.0,777.0,True
1037,567.0,777.0,True
1038,399.0,777.0,True
1039,483.0,777.0,True
1040,546.0,777.0,True
1041,525.0,777.0,True
1042,504.0,777.0,True
1043,630.0,777.0,True
1044,462.0,777.0,False
1045,609.0,777.0,True
1046,441.0,777.0,True
1047,420.0,777.0,True
1048,630.0,777.0,False
1049,504.0,777.0,True
1050,483.0,777.0,True
1051,525.0,777.0,True
1052,504.0,777.0,True
1053,462.0,777.0,False
1054,420.0,777.0,False
1055,504.0,777.0,True
1056,336.0,777.0,False
1057,462.0,777.0,True
1058,525.0,777.0,True
1059,483.0,777.0,True
1060,504.0,777.0,True
1061,420.0,777.0,True
1062,504.0,777.0,True
1063,525.0,777.0,True
1064,651.0,777.0,True
1065,651.0,777.0,False
1066,672.0,777.0,True
1067,546.0,777.0,True
1068,609.0,777.0,True
1069,630.0,777.0,True
1070,714.0,777.0,True
1071,735.0,777.0,False
1072,651.0,777.0,True
1073,735.0,777.0,True
1074,691.0,777.0,True
1075,651.0,777.0,True
1076,714.0,777.0,True
1077,745.0,777.0,True
1078,630.0,777.0,True
1079,703.0,777.0,True
1080,609.0,777.0,False
1081,703.0,777.0,True
1082,672.0,777.0,True
1083,786.0,786.0,False
1084,693.0,786.0,False
1085,672.0,786.0,True
1086,651.0,786.0,True
1087,630.0,786.0,True
1088,651.0,786.0,False
1089,714.0,786.0,True
1090,672.0,786.0,True
1091,714.0,786.0,True
1092,672.0,786.0,False
1093,651.0,786.0,True
1094,630.0,786.0,False
1095,693.0,786.0,True
1096,672.0,786.0,True
1097,546.0,786.0,True
1098,420.0,786.0,True
1099,189.0,786.0,False
1100,525.0,786.0,True
1101,525.0,786.0,True
1102,462.0,786.0,True
1103,441.0,786.0,True
1104,504.0,786.0,True
1105,483.0,786.0,False
1106,441.0,786.0,True
1107,525.0,786.0,True
1108,588.0,786.0,True
1109,525.0,786.0,False
1110,378.0,786.0,False
1111,651.0,786.0,True
1112,504.0,786.0,True
1113,462.0,786.0,True
1114,525.0,786.0,True
1115,630.0,786.0,True
1116,525.0,786.0,True
1117,504.0,786.0,False
1118,546.0,786.0,True
1119,504.0,786.0,True
1120,441.0,786.0,True
1121,567.0,786.0,True
1122,399.0,786.0,True
1123,609.0,786.0,True
1124,462.0,786.0,True
1125,483.0,786.0,True
1126,546.0,786.0,True
1127,441.0,786.0,True
1128,630.0,786.0,True
1129,651.0,786.0,False
1130,651.0,786.0,True
1131,420.0,786.0,False
1132,504.0,786.0,True
1133,315.0,786.0,True
1134,483.0,786.0,True
1135,588.0,786.0,True
1136,546.0,786.0,False
1137,441.0,786.0,False
1138,546.0,786.0,True
1139,504.0,786.0,False
1140,462.0,786.0,True
1141,525.0,786.0,True
1142,630.0,786.0,True
1143,378.0,786.0,False
1144,546.0,786.0,True
1145,504.0,786.0,True
1146,546.0,786.0,True
1147,525.0,786.0,True
1148,630.0,786.0,False
1149,546.0,786.0,True
1150,399.0,786.0,False
1151,273.0,786.0,False
1152,504.0,786.0,True
1153,441.0,786.0,True
1154,588.0,786.0,True
1155,504.0,786.0,False
1156,399.0,786.0,False
1157,546.0,786.0,False
1158,462.0,786.0,True
1159,525.0,786.0,True
1160,378.0,786.0,True
1161,441.0,786.0,False
1162,651.0,786.0,True
1163,525.0,786.0,True
1164,588.0,786.0,True
1165,651.0,786.0,True
1166,483.0,786.0,True
1167,504.0,786.0,False
1168,630.0,786.0,True
1169,609.0,786.0,True
1170,651.0,786.0,True
1171,651.0,786.0,False
1172,693.0,786.0,True
1173,672.0,786.0,False
1174,609.0,786.0,False
1175,651.0,786.0,True
1176,630.0,786.0,True
1177,651.0,786.0,True
1178,630.0,786.0,True
1179,672.0,786.0,True
1180,693.0,786.0,True
1181,693.0,786.0,False
1182,672.0,786.0,False
1183,630.0,786.0,True
1184,672.0,786.0,True
1185,630.0,786.0,True
1186,651.0,786.0,False
1187,609.0,786.0,False
1188,672.0,786.0,True
1189,672.0,786.0,True
1190,630.0,786.0,False
1191,672.0,786.0,True
1192,681.0,786.0,True
1193,640.0,786.0,False
1194,771.0,786.0,True
1195,701.0,786.0,True
1196,462.0,786.0,True
1197,462.0,786.0,False
1198,546.0,786.0,True
1199,546.0,786.0,True
1200,504.0,786.0,True
1201,504.0,786.0,True
1202,504.0,786.0,True
1203,630.0,786.0,False
1204,525.0,786.0,True
1205,525.0,786.0,True
1206,525.0,786.0,True
1207,546.0,786.0,True
1208,693.0,786.0,True
1209,651.0,786.0,True
1210,693.0,786.0,True
1211,651.0,786.0,True
1212,672.0,786.0,True
1213,651.0,786.0,True
1214,693.0,786.0,True
1215,651.0,786.0,True
1216,693.0,786.0,True
1217,420.0,786.0,True
1218,672.0,786.0,True
1219,651.0,786.0,True
1220,672.0,786.0,True
1221,714.0,786.0,True
1222,672.0,786.0,True
1223,651.0,786.0,True
1224,672.0,786.0,True
1225,609.0,786.0,False
1226,672.0,786.0,False
1227,651.0,786.0,False
1228,672.0,786.0,True
1229,651.0,786.0,True
1230,651.0,786.0,True
1231,651.0,786.0,True
1232,693.0,786.0,True
1233,672.0,786.0,True
1234,651.0,786.0,False
1235,672.0,786.0,True
1236,651.0,786.0,True
1237,651.0,786.0,True
1238,672.0,786.0,False
1239,651.0,786.0,True
1240,672.0,786.0,True
1241,651.0,786.0,True
1242,672.0,786.0,False
1243,630.0,786.0,True
1244,630.0,786.0,True
1245,651.0,786.0,False
1246,630.0,786.0,False
1247,672.0,786.0,True
1248,630.0,786.0,True
1249,672.0,786.0,True
1250,693.0,786.0,False
1251,651.0,786.0,True
1252,714.0,786.0,False
1253,672.0,786.0,True
1254,714.0,786.0,True
1255,693.0,786.0,True
1256,651.0,786.0,True
1257,651.0,786.0,True
1258,672.0,786.0,True
1259,672.0,786.0,True
1260,945.0,945.0,True
1261,951.0,951.0,True
1262,801.0,951.0,False
1263,842.0,951.0,False
1264,1116.0,1116.0,True
1265,672.0,1116.0,True
1266,682.0,1116.0,False
1267,1208.0,1208.0,True
1268,1098.0,1208.0,False
1269,1159.0,1208.0,False
1270,863.0,1208.0,False
1271,960.0,1208.0,False
1272,710.0,1208.0,True
1273,693.0,1208.0,True
1274,672.0,1208.0,False
1275,651.0,1208.0,True
1276,661.0,1208.0,True
1277,682.0,1208.0,True
1278,651.0,1208.0,True
1279,651.0,1208.0,True
1280,651.0,1208.0,False
1281,672.0,1208.0,True
1282,672.0,1208.0,False
1283,651.0,1208.0,True
1284,651.0,1208.0,True
1285,630.0,1208.0,True
1286,693.0,1208.0,True
1287,651.0,1208.0,True
1288,693.0,1208.0,True
1289,630.0,1208.0,True
1290,651.0,1208.0,True
1291,630.0,1208.0,True
1292,651.0,1208.0,True
1293,672.0,1208.0,True
1294,546.0,1208.0,False
1295,723.0,1208.0,True
1296,609.0,1208.0,False
1297,651.0,1208.0,True
1298,651.0,1208.0,True
1299,703.0,1208.0,False
1300,693.0,1208.0,True
1301,672.0,1208.0,False
1302,672.0,1208.0,True
1303,672.0,1208.0,True
1304,693.0,1208.0,True
1305,651.0,1208.0,False
1306,651.0,1208.0,True
1307,672.0,1208.0,True
1308,693.0,1208.0,True
1309,420.0,1208.0,True
1310,651.0,1208.0,True
1311,651.0,1208.0,True
1312,672.0,1208.0,True
1313,630.0,1208.0,True
1314,672.0,1208.0,True
1315,693.0,1208.0,True
1316,714.0,1208.0,True
1317,630.0,1208.0,False
1318,630.0,1208.0,False
1319,714.0,1208.0,True
1320,693.0,1208.0,True
1321,693.0,1208.0,False
1322,672.0,1208.0,True
1323,651.0,1208.0,True
1324,630.0,1208.0,False
1325,777.0,1208.0,True
1326,441.0,1208.0,False
1327,630.0,1208.0,True
1328,672.0,1208.0,False
1329,672.0,1208.0,False
1330,651.0,1208.0,False
1331,672.0,1208.0,False
1332,441.0,1208.0,True
1333,504.0,1208.0,False
1334,546.0,1208.0,True
1335,630.0,1208.0,False
1336,462.0,1208.0,True
1337,273.0,1208.0,False
1338,735.0,1208.0,True
1339,441.0,1208.0,False
1340,483.0,1208.0,True
1341,672.0,1208.0,True
1342,693.0,1208.0,True
1343,714.0,1208.0,True
1344,672.0,1208.0,False
1345,672.0,1208.0,True
1346,651.0,1208.0,True
1347,672.0,1208.0,True
1348,672.0,1208.0,True
1349,609.0,1208.0,False
1350,672.0,1208.0,True
1351,651.0,1208.0,True
1352,609.0,1208.0,True
1353,504.0,1208.0,True
1354,378.0,1208.0,False
1355,462.0,1208.0,True
1356,546.0,1208.0,True
1357,525.0,1208.0,True
1358,399.0,1208.0,False
1359,546.0,1208.0,False
1360,567.0,1208.0,False
1361,525.0,1208.0,True
1362,462.0,1208.0,False
1363,378.0,1208.0,False
1364,441.0,1208.0,True
1365,483.0,1208.0,False
1366,420.0,1208.0,False
1367,609.0,1208.0,True
1368,588.0,1208.0,False
1369,483.0,1208.0,True
1370,504.0,1208.0,True
1371,546.0,1208.0,True
1372,525.0,1208.0,True
1373,399.0,1208.0,False
1374,483.0,1208.0,True
1375,504.0,1208.0,True
1376,462.0,1208.0,True
1377,546.0,1208.0,True
1378,588.0,1208.0,False
1379,504.0,1208.0,False
1380,441.0,1208.0,False
1381,504.0,1208.0,True
1382,630.0,1208.0,True
1383,504.0,1208.0,True
1384,462.0,1208.0,True
1385,525.0,1208.0,True
1386,420.0,1208.0,True
1387,567.0,1208.0,True
1388,399.0,1208.0,True
1389,462.0,1208.0,True
1390,462.0,1208.0,True
1391,462.0,1208.0,True
1392,588.0,1208.0,True
1393,546.0,1208.0,True
1394,693.0,1208.0,True
1395,672.0,1208.0,True
1396,462.0,1208.0,True
1397,399.0,1208.0,True
1398,483.0,1208.0,True
1399,378.0,1208.0,True
1400,546.0,1208.0,True
1401,651.0,1208.0,True
1402,693.0,1208.0,True
1403,420.0,1208.0,True
1404,609.0,1208.0,True
1405,462.0,1208.0,False
1406,630.0,1208.0,True
1407,525.0,1208.0,True
1408,420.0,1208.0,False
1409,546.0,1208.0,False
1410,672.0,1208.0,True
1411,441.0,1208.0,True
1412,651.0,1208.0,True
1413,609.0,1208.0,True
1414,609.0,1208.0,True
1415,609.0,1208.0,True
1416,252.0,1208.0,True
1417,504.0,1208.0,True
1418,273.0,1208.0,False
1419,609.0,1208.0,True
1420,504.0,1208.0,True
1421,399.0,1208.0,False
1422,189.0,1208.0,True
1423,630.0,1208.0,True
1424,651.0,1208.0,True
1425,630.0,1208.0,True
1426,588.0,1208.0,True
1427,630.0,1208.0,False
1428,399.0,1208.0,False
1429,609.0,1208.0,True
1430,546.0,1208.0,True
1431,462.0,1208.0,True
1432,252.0,1208.0,False
1433,462.0,1208.0,True
1434,462.0,1208.0,True
1435,525.0,1208.0,True
1436,504.0,1208.0,True
1437,483.0,1208.0,True
1438,588.0,1208.0,False
1439,441.0,1208.0,True
1440,546.0,1208.0,True
1441,399.0,1208.0,True
1442,294.0,1208.0,False
1443,609.0,1208.0,True
1444,420.0,1208.0,True
1445,504.0,1208.0,False
1446,441.0,1208.0,True
1447,399.0,1208.0,True
1448,462.0,1208.0,False
1449,336.0,1208.0,True
1450,441.0,1208.0,True
1451,525.0,1208.0,True
1452,525.0,1208.0,True
1453,546.0,1208.0,True
1454,294.0,1208.0,True
1455,441.0,1208.0,True
1456,504.0,1208.0,False
1457,462.0,1208.0,True
1458,525.0,1208.0,True
1459,504.0,1208.0,True
1460,483.0,1208.0,True
1461,630.0,1208.0,False
1462,462.0,1208.0,True
1463,672.0,1208.0,True
1464,672.0,1208.0,True
1465,693.0,1208.0,False
1466,399.0,1208.0,True
1467,588.0,1208.0,True
1468,525.0,1208.0,True
1469,609.0,1208.0,False
1470,609.0,1208.0,True
1471,504.0,1208.0,True
1472,546.0,1208.0,True
1473,462.0,1208.0,True
1474,630.0,1208.0,True
1475,609.0,1208.0,True
1476,462.0,1208.0,True
1477,504.0,1208.0,True
1478,420.0,1208.0,True
1479,462.0,1208.0,True
1480,525.0,1208.0,True
1481,714.0,1208.0,True
1482,546.0,1208.0,True
1483,336.0,1208.0,True
1484,672.0,1208.0,True
1485,630.0,1208.0,False
1486,756.0,1208.0,True
1487,630.0,1208.0,True
1488,714.0,1208.0,True
1489,609.0,1208.0,False
1490,630.0,1208.0,True
1491,609.0,1208.0,True
1492,630.0,1208.0,True
1493,399.0,1208.0,False
1494,714.0,1208.0,False
1495,672.0,1208.0,True
1496,826.0,1208.0,True
1497,672.0,1208.0,True
1498,609.0,1208.0,False
1499,336.0,1208.0,True
1500,714.0,1208.0,True
1501,651.0,1208.0,False
1502,546.0,1208.0,False
1503,651.0,1208.0,True
1504,651.0,1208.0,True
1505,735.0,1208.0,False
1506,672.0,1208.0,False
1507,714.0,1208.0,False
1508,651.0,1208.0,True
1509,630.0,1208.0,True
1510,693.0,1208.0,False
1511,672.0,1208.0,True
1512,630.0,1208.0,True
1513,630.0,1208.0,True
1514,651.0,1208.0,False
1515,630.0,1208.0,True
1516,651.0,1208.0,False
1517,672.0,1208.0,False
1518,672.0,1208.0,True
1519,714.0,1208.0,True
1520,630.0,1208.0,True
1521,630.0,1208.0,True
1522,525.0,1208.0,False
1523,630.0,1208.0,True
1524,693.0,1208.0,True
1525,651.0,1208.0,True
1526,651.0,1208.0,True
1527,672.0,1208.0,False
1528,630.0,1208.0,False
1529,651.0,1208.0,True
1530,651.0,1208.0,True
1531,630.0,1208.0,True
1532,609.0,1208.0,True
1533,588.0,1208.0,False
1534,609.0,1208.0,True
1535,651.0,1208.0,False
1536,672.0,1208.0,False
1537,630.0,1208.0,True
1538,504.0,1208.0,True
1539,546.0,1208.0,True
1540,504.0,1208.0,True
1541,672.0,1208.0,True
1542,525.0,1208.0,True
1543,651.0,1208.0,True
1544,294.0,1208.0,True
1545,336.0,1208.0,True
1546,483.0,1208.0,False
1547,420.0,1208.0,False
1548,630.0,1208.0,True
1549,693.0,1208.0,True
1550,693.0,1208.0,True
1551,672.0,1208.0,True
1552,651.0,1208.0,False
1553,630.0,1208.0,True
1554,672.0,1208.0,True
1555,336.0,1208.0,True
1556,84.0,1208.0,False
1557,609.0,1208.0,True
1558,630.0,1208.0,True
1559,693.0,1208.0,True
1560,693.0,1208.0,True
1561,567.0,1208.0,False
1562,714.0,1208.0,True
1563,294.0,1208.0,True
1564,609.0,1208.0,True
1565,735.0,1208.0,True
1566,693.0,1208.0,True
1567,714.0,1208.0,False
1568,651.0,1208.0,True
1569,735.0,1208.0,False
1570,672.0,1208.0,True
1571,756.0,1208.0,True
1572,693.0,1208.0,True
1573,693.0,1208.0,True
1574,693.0,1208.0,False
1575,714.0,1208.0,False
1576,756.0,1208.0,True
1577,714.0,1208.0,False
1578,714.0,1208.0,True
1579,693.0,1208.0,True
1580,756.0,1208.0,True
1581,672.0,1208.0,True
1582,672.0,1208.0,False
1583,630.0,1208.0,False
1584,672.0,1208.0,False
1585,672.0,1208.0,True
1586,735.0,1208.0,True
1587,714.0,1208.0,True
1588,735.0,1208.0,True
1589,651.0,1208.0,True
1590,672.0,1208.0,True
1591,787.0,1208.0,True
1592,588.0,1208.0,True
1593,735.0,1208.0,False
1594,693.0,1208.0,True
1595,672.0,1208.0,True
1596,483.0,1208.0,True
1597,651.0,1208.0,True
1598,588.0,1208.0,True
1599,315.0,1208.0,True
1600,630.0,1208.0,True
1601,483.0,1208.0,True
1602,609.0,1208.0,False
1603,441.0,1208.0,False
1604,567.0,1208.0,True
1605,588.0,1208.0,False
1606,630.0,1208.0,True
1607,609.0,1208.0,True
1608,546.0,1208.0,False
1609,567.0,1208.0,False
1610,672.0,1208.0,False
1611,336.0,1208.0,False
1612,672.0,1208.0,True
1613,525.0,1208.0,False
1614,504.0,1208.0,True
1615,651.0,1208.0,False
1616,609.0,1208.0,True
1617,546.0,1208.0,True
1618,462.0,1208.0,False
1619,651.0,1208.0,True
1620,546.0,1208.0,True
1621,525.0,1208.0,True
1622,672.0,1208.0,False
1623,567.0,1208.0,True
1624,483.0,1208.0,True
1625,630.0,1208.0,True
1626,703.0,1208.0,True
1627,336.0,1208.0,False
1628,682.0,1208.0,True
1629,640.0,1208.0,False
1630,504.0,1208.0,True
1631,462.0,1208.0,True
1632,273.0,1208.0,False
1633,462.0,1208.0,True
1634,483.0,1208.0,False
1635,252.0,1208.0,True
1636,504.0,1208.0,False
1637,462.0,1208.0,False
1638,357.0,1208.0,True
1639,441.0,1208.0,True
1640,525.0,1208.0,True
1641,399.0,1208.0,True
1642,399.0,1208.0,False
1643,441.0,1208.0,True
1644,357.0,1208.0,True
1645,420.0,1208.0,False
1646,441.0,1208.0,True
1647,420.0,1208.0,False
1648,546.0,1208.0,True
1649,483.0,1208.0,False
1650,693.0,1208.0,True
1651,609.0,1208.0,False
1652,693.0,1208.0,False
1653,651.0,1208.0,True
1654,672.0,1208.0,True
1655,672.0,1208.0,True
1656,441.0,1208.0,False
1657,651.0,1208.0,True
1658,672.0,1208.0,True
1659,630.0,1208.0,True
1660,672.0,1208.0,True
1661,651.0,1208.0,True
1662,609.0,1208.0,True
1663,672.0,1208.0,False
1664,420.0,1208.0,False
1665,714.0,1208.0,False
1666,651.0,1208.0,True
1667,693.0,1208.0,False
1668,693.0,1208.0,False
1669,651.0,1208.0,True
1670,651.0,1208.0,True
1671,651.0,1208.0,True
1672,588.0,1208.0,True
1673,693.0,1208.0,True
1674,630.0,1208.0,True
1675,672.0,1208.0,True
1676,735.0,1208.0,True
1677,672.0,1208.0,True
1678,693.0,1208.0,True
1679,661.0,1208.0,True
1680,672.0,1208.0,True
1681,609.0,1208.0,False
1682,672.0,1208.0,False
1683,672.0,1208.0,True
1684,693.0,1208.0,True
1685,651.0,1208.0,True
1686,609.0,1208.0,False
1687,651.0,1208.0,True
1688,693.0,1208.0,True
1689,651.0,1208.0,True
1690,651.0,1208.0,False
1691,693.0,1208.0,True
1692,693.0,1208.0,True
1693,651.0,1208.0,True
1694,651.0,1208.0,True
1695,693.0,1208.0,True
1696,630.0,1208.0,False
1697,693.0,1208.0,False
1698,714.0,1208.0,True
1699,672.0,1208.0,True
1700,651.0,1208.0,True
1701,672.0,1208.0,True
1702,693.0,1208.0,False
1703,651.0,1208.0,False
1704,724.0,1208.0,True
1705,766.0,1208.0,True
1706,651.0,1208.0,True
1707,651.0,1208.0,True
1708,672.0,1208.0,True
1709,693.0,1208.0,True
1710,693.0,1208.0,True
1711,630.0,1208.0,True
1712,672.0,1208.0,True
1713,693.0,1208.0,True
1714,504.0,1208.0,True
1715,735.0,1208.0,False
1716,672.0,1208.0,True
1717,693.0,1208.0,True
1718,651.0,1208.0,False
1719,672.0,1208.0,True
1720,672.0,1208.0,False
1721,672.0,1208.0,False
1722,672.0,1208.0,False
1723,672.0,1208.0,True
1724,630.0,1208.0,False
1725,651.0,1208.0,True
1726,672.0,1208.0,False
1727,630.0,1208.0,True
1728,672.0,1208.0,True
1729,630.0,1208.0,False
1730,630.0,1208.0,False
1731,693.0,1208.0,True
1732,630.0,1208.0,True
1733,630.0,1208.0,True
1734,672.0,1208.0,True
1735,735.0,1208.0,True
1736,672.0,1208.0,True
1737,630.0,1208.0,True
1738,693.0,1208.0,True
1739,525.0,1208.0,True
1740,773.0,1208.0,False
1741,764.0,1208.0,True
1742,651.0,1208.0,True
1743,792.0,1208.0,False
1744,399.0,1208.0,False
1745,671.0,1208.0,True
1746,651.0,1208.0,True
1747,714.0,1208.0,True
1748,651.0,1208.0,True
1749,672.0,1208.0,True
1750,672.0,1208.0,True
1751,651.0,1208.0,True
1752,672.0,1208.0,True
1753,651.0,1208.0,False
1754,651.0,1208.0,True
1755,693.0,1208.0,True
1756,714.0,1208.0,True
1757,714.0,1208.0,True
1758,651.0,1208.0,True
1759,651.0,1208.0,True
1760,693.0,1208.0,False
1761,651.0,1208.0,True
1762,630.0,1208.0,True
1763,630.0,1208.0,True
1764,567.0,1208.0,False
1765,630.0,1208.0,True
1766,672.0,1208.0,False
1767,630.0,1208.0,False
1768,672.0,1208.0,True
1769,672.0,1208.0,True
1770,714.0,1208.0,True
1771,651.0,1208.0,False
1772,651.0,1208.0,True
1773,672.0,1208.0,True
1774,672.0,1208.0,True
1775,546.0,1208.0,True
1776,735.0,1208.0,True
1777,714.0,1208.0,True
1778,630.0,1208.0,True
1779,630.0,1208.0,True
1780,693.0,1208.0,True
1781,693.0,1208.0,True
1782,630.0,1208.0,True
1783,630.0,1208.0,True
1784,630.0,1208.0,False
1785,651.0,1208.0,True
1786,672.0,1208.0,True
1787,630.0,1208.0,True
1788,630.0,1208.0,True
1789,651.0,1208.0,True
1790,630.0,1208.0,False
1791,609.0,1208.0,True
1792,630.0,1208.0,True
1793,651.0,1208.0,True
1794,693.0,1208.0,False
1795,735.0,1208.0,True
1796,651.0,1208.0,True
1797,630.0,1208.0,True
1798,672.0,1208.0,False
1799,672.0,1208.0,True
1800,651.0,1208.0,True
1801,651.0,1208.0,True
1802,661.0,1208.0,True
1803,733.0,1208.0,True
1804,189.0,1208.0,False
1805,703.0,1208.0,False
1806,672.0,1208.0,False
1807,609.0,1208.0,True
1808,651.0,1208.0,True
1809,651.0,1208.0,False
1810,672.0,1208.0,False
1811,735.0,1208.0,True
1812,651.0,1208.0,True
1813,693.0,1208.0,True
1814,714.0,1208.0,True
1815,693.0,1208.0,False
1816,651.0,1208.0,True
1817,630.0,1208.0,True
1818,630.0,1208.0,True
1819,693.0,1208.0,True
1820,651.0,1208.0,True
1821,735.0,1208.0,False
1822,609.0,1208.0,False
1823,609.0,1208.0,True
1824,315.0,1208.0,True
1825,651.0,1208.0,True
1826,693.0,1208.0,True
1827,609.0,1208.0,True
1828,651.0,1208.0,True
1829,651.0,1208.0,True
1830,672.0,1208.0,True
1831,693.0,1208.0,False
1832,693.0,1208.0,True
1833,714.0,1208.0,False
1834,693.0,1208.0,True
1835,672.0,1208.0,True
1836,672.0,1208.0,False
1837,651.0,1208.0,True
1838,651.0,1208.0,True
1839,420.0,1208.0,True
1840,483.0,1208.0,True
1841,483.0,1208.0,False
1842,567.0,1208.0,True
1843,609.0,1208.0,False
1844,441.0,1208.0,True
1845,588.0,1208.0,True
1846,630.0,1208.0,True
1847,483.0,1208.0,False
1848,504.0,1208.0,True
1849,567.0,1208.0,True
1850,567.0,1208.0,True
1851,525.0,1208.0,False
1852,504.0,1208.0,True
1853,441.0,1208.0,True
1854,588.0,1208.0,True
1855,504.0,1208.0,True
1856,588.0,1208.0,True
1857,399.0,1208.0,False
1858,525.0,1208.0,False
1859,441.0,1208.0,True
1860,546.0,1208.0,True
1861,546.0,1208.0,False
1862,504.0,1208.0,True
1863,567.0,1208.0,True
1864,546.0,1208.0,True
1865,420.0,1208.0,True
1866,525.0,1208.0,True
1867,630.0,1208.0,False
1868,525.0,1208.0,False
1869,504.0,1208.0,True
1870,714.0,1208.0,True
1871,483.0,1208.0,True
1872,441.0,1208.0,True
1873,462.0,1208.0,False
1874,504.0,1208.0,True
1875,567.0,1208.0,True
1876,714.0,1208.0,True
1877,546.0,1208.0,True
1878,399.0,1208.0,False
1879,189.0,1208.0,False
1880,147.0,1208.0,False
1881,147.0,1208.0,False
1882,630.0,1208.0,True
1883,378.0,1208.0,True
1884,672.0,1208.0,True
1885,441.0,1208.0,True
1886,399.0,1208.0,True
1887,420.0,1208.0,False
1888,252.0,1208.0,False
1889,546.0,1208.0,True
1890,483.0,1208.0,True
1891,504.0,1208.0,True
1892,483.0,1208.0,True
1893,588.0,1208.0,True
1894,714.0,1208.0,True
1895,504.0,1208.0,True
1896,609.0,1208.0,True
1897,735.0,1208.0,True
1898,609.0,1208.0,False
1899,462.0,1208.0,False
1900,693.0,1208.0,False
1901,651.0,1208.0,True
1902,588.0,1208.0,True
1903,525.0,1208.0,True
1904,525.0,1208.0,True
1905,462.0,1208.0,False
1906,504.0,1208.0,True
1907,630.0,1208.0,False
1908,315.0,1208.0,False
1909,525.0,1208.0,True
1910,630.0,1208.0,True
1911,504.0,1208.0,True
1912,420.0,1208.0,True
1913,399.0,1208.0,True
1914,609.0,1208.0,True
1915,588.0,1208.0,False
1916,504.0,1208.0,True
1917,609.0,1208.0,False
1918,420.0,1208.0,False
1919,525.0,1208.0,True
1920,504.0,1208.0,True
1921,567.0,1208.0,True
1922,630.0,1208.0,False
1923,567.0,1208.0,True
1924,546.0,1208.0,False
1925,462.0,1208.0,True
1926,483.0,1208.0,True
1927,420.0,1208.0,False
1928,504.0,1208.0,True
1929,504.0,1208.0,True
1930,546.0,1208.0,True
1931,504.0,1208.0,False
1932,630.0,1208.0,True
1933,420.0,1208.0,False
1934,399.0,1208.0,True
1935,399.0,1208.0,False
1936,441.0,1208.0,True
1937,588.0,1208.0,False
1938,378.0,1208.0,True
1939,399.0,1208.0,True
1940,546.0,1208.0,True
1941,546.0,1208.0,True
1942,420.0,1208.0,True
1943,525.0,1208.0,False
1944,252.0,1208.0,True
1945,504.0,1208.0,False
1946,483.0,1208.0,True
1947,483.0,1208.0,True
1948,483.0,1208.0,True
1949,630.0,1208.0,False
1950,735.0,1208.0,False
1951,588.0,1208.0,True
1952,588.0,1208.0,True
1953,504.0,1208.0,True
1954,504.0,1208.0,False
1955,441.0,1208.0,True
1956,483.0,1208.0,True
1957,588.0,1208.0,True
1958,441.0,1208.0,True
1959,462.0,1208.0,False
1960,588.0,1208.0,True
1961,546.0,1208.0,True
1962,462.0,1208.0,True
1963,567.0,1208.0,True
1964,462.0,1208.0,False
1965,399.0,1208.0,True
1966,462.0,1208.0,True
1967,609.0,1208.0,True
1968,525.0,1208.0,True
1969,546.0,1208.0,False
1970,399.0,1208.0,True
1971,294.0,1208.0,False
1972,546.0,1208.0,True
1973,462.0,1208.0,True
1974,672.0,1208.0,True
1975,483.0,1208.0,True
1976,630.0,1208.0,True
1977,630.0,1208.0,False
1978,378.0,1208.0,False
1979,462.0,1208.0,True
1980,567.0,1208.0,True
1981,462.0,1208.0,True
1982,357.0,1208.0,True
1983,231.0,1208.0,False
1984,399.0,1208.0,True
1985,441.0,1208.0,True
1986,651.0,1208.0,False
1987,588.0,1208.0,True
1988,588.0,1208.0,True
1989,672.0,1208.0,False
1990,483.0,1208.0,False
1991,651.0,1208.0,True
1992,672.0,1208.0,True
1993,693.0,1208.0,True
1994,567.0,1208.0,False
1995,504.0,1208.0,False
1996,525.0,1208.0,True
1997,357.0,1208.0,False
1998,504.0,1208.0,False
1999,546.0,1208.0,False
