0,189.0,189.0,True
1,441.0,441.0,False
2,315.0,441.0,False
3,189.0,441.0,False
4,399.0,441.0,False
5,294.0,441.0,False
6,420.0,441.0,True
7,357.0,441.0,True
8,357.0,441.0,True
9,378.0,441.0,False
10,336.0,441.0,False
11,273.0,441.0,True
12,315.0,441.0,True
13,483.0,483.0,False
14,441.0,483.0,False
15,483.0,483.0,True
16,588.0,588.0,False
17,462.0,588.0,True
18,483.0,588.0,True
19,525.0,588.0,False
20,525.0,588.0,True
21,525.0,588.0,False
22,588.0,588.0,True
23,504.0,588.0,False
24,504.0,588.0,True
25,441.0,588.0,False
26,462.0,588.0,True
27,441.0,588.0,False
28,504.0,588.0,True
29,441.0,588.0,True
30,462.0,588.0,True
31,504.0,588.0,True
32,483.0,588.0,True
33,420.0,588.0,True
34,462.0,588.0,True
35,399.0,588.0,True
36,525.0,588.0,True
37,525.0,588.0,True
38,588.0,588.0,True
39,483.0,588.0,True
40,399.0,588.0,False
41,525.0,588.0,False
42,189.0,588.0,True
43,273.0,588.0,True
44,504.0,588.0,True
45,399.0,588.0,True
46,399.0,588.0,True
47,357.0,588.0,True
48,651.0,651.0,True
49,483.0,651.0,False
50,693.0,693.0,True
51,420.0,693.0,True
52,672.0,693.0,True
53,756.0,756.0,True
54,714.0,756.0,True
55,693.0,756.0,False
56,756.0,756.0,True
57,672.0,756.0,True
58,672.0,756.0,False
59,756.0,756.0,False
60,651.0,756.0,True
61,714.0,756.0,True
62,714.0,756.0,False
63,630.0,756.0,True
64,630.0,756.0,True
65,651.0,756.0,False
66,798.0,798.0,True
67,756.0,798.0,True
68,630.0,798.0,False
69,693.0,798.0,False
70,755.0,798.0,False
71,630.0,798.0,False
72,672.0,798.0,False
73,798.0,798.0,True
74,734.0,798.0,True
75,651.0,798.0,False
76,672.0,798.0,True
77,682.0,798.0,False
78,672.0,798.0,True
79,724.0,798.0,True
80,735.0,798.0,True
81,703.0,798.0,True
82,858.0,858.0,True
83,588.0,858.0,False
84,651.0,858.0,True
85,795.0,858.0,True
86,681.0,858.0,False
87,1098.0,1098.0,False
88,930.0,1098.0,True
89,774.0,1098.0,False
90,797.0,1098.0,False
91,815.0,1098.0,False
92,1106.0,1106.0,False
93,1109.0,1109.0,False
94,787.0,1109.0,False
95,693.0,1109.0,True
96,672.0,1109.0,False
97,693.0,1109.0,True
98,735.0,1109.0,False
99,777.0,1109.0,False
100,651.0,1109.0,True
101,672.0,1109.0,True
102,651.0,1109.0,True
103,693.0,1109.0,False
104,630.0,1109.0,True
105,651.0,1109.0,False
106,126.0,1109.0,False
107,714.0,1109.0,True
108,630.0,1109.0,True
109,672.0,1109.0,True
110,546.0,1109.0,False
111,693.0,1109.0,True
112,630.0,1109.0,False
113,756.0,1109.0,True
114,672.0,1109.0,False
115,672.0,1109.0,False
116,672.0,1109.0,True
117,651.0,1109.0,False
118,651.0,1109.0,True
119,714.0,1109.0,True
120,630.0,1109.0,True
121,693.0,1109.0,False
122,399.0,1109.0,False
123,714.0,1109.0,True
124,735.0,1109.0,True
125,714.0,1109.0,True
126,777.0,1109.0,True
127,609.0,1109.0,True
128,714.0,1109.0,True
129,777.0,1109.0,True
130,672.0,1109.0,False
131,735.0,1109.0,False
132,651.0,1109.0,False
133,735.0,1109.0,True
134,735.0,1109.0,False
135,651.0,1109.0,True
136,735.0,1109.0,True
137,756.0,1109.0,True
138,714.0,1109.0,True
139,651.0,1109.0,True
140,693.0,1109.0,True
141,630.0,1109.0,False
142,735.0,1109.0,True
143,672.0,1109.0,True
144,609.0,1109.0,False
145,714.0,1109.0,True
146,735.0,1109.0,True
147,672.0,1109.0,True
148,672.0,1109.0,True
149,735.0,1109.0,True
150,651.0,1109.0,False
151,735.0,1109.0,False
152,756.0,1109.0,True
153,672.0,1109.0,True
154,756.0,1109.0,False
155,756.0,1109.0,False
156,630.0,1109.0,False
157,630.0,1109.0,False
158,714.0,1109.0,True
159,672.0,1109.0,True
160,693.0,1109.0,True
161,672.0,1109.0,False
162,735.0,1109.0,True
163,672.0,1109.0,True
164,714.0,1109.0,True
165,693.0,1109.0,False
166,714.0,1109.0,True
167,693.0,1109.0,False
168,693.0,1109.0,False
169,735.0,1109.0,True
170,546.0,1109.0,False
171,714.0,1109.0,False
172,672.0,1109.0,False
173,672.0,1109.0,True
174,672.0,1109.0,False
175,829.0,1109.0,True
176,672.0,1109.0,False
177,703.0,1109.0,False
178,714.0,1109.0,False
179,714.0,1109.0,True
180,661.0,1109.0,True
181,756.0,1109.0,True
182,693.0,1109.0,True
183,714.0,1109.0,True
184,609.0,1109.0,False
185,787.0,1109.0,True
186,672.0,1109.0,False
187,735.0,1109.0,False
188,651.0,1109.0,True
189,672.0,1109.0,False
190,798.0,1109.0,True
191,661.0,1109.0,False
192,672.0,1109.0,False
193,745.0,1109.0,False
194,777.0,1109.0,True
195,672.0,1109.0,True
196,693.0,1109.0,True
197,672.0,1109.0,True
198,714.0,1109.0,True
199,672.0,1109.0,True
200,714.0,1109.0,True
201,651.0,1109.0,True
202,441.0,1109.0,False
203,735.0,1109.0,False
204,735.0,1109.0,True
205,693.0,1109.0,False
206,672.0,1109.0,False
207,567.0,1109.0,True
208,420.0,1109.0,True
209,483.0,1109.0,False
210,399.0,1109.0,False
211,525.0,1109.0,False
212,525.0,1109.0,True
213,735.0,1109.0,True
214,693.0,1109.0,False
215,588.0,1109.0,True
216,462.0,1109.0,True
217,630.0,1109.0,True
218,462.0,1109.0,False
219,630.0,1109.0,True
220,693.0,1109.0,False
221,651.0,1109.0,False
222,651.0,1109.0,True
223,714.0,1109.0,False
224,651.0,1109.0,True
225,745.0,1109.0,True
226,651.0,1109.0,False
227,672.0,1109.0,True
228,399.0,1109.0,True
229,609.0,1109.0,False
230,651.0,1109.0,True
231,504.0,1109.0,True
232,504.0,1109.0,True
233,399.0,1109.0,False
234,483.0,1109.0,True
235,483.0,1109.0,False
236,504.0,1109.0,True
237,420.0,1109.0,True
238,399.0,1109.0,False
239,525.0,1109.0,True
240,630.0,1109.0,False
241,525.0,1109.0,True
242,336.0,1109.0,True
243,525.0,1109.0,True
244,462.0,1109.0,True
245,483.0,1109.0,False
246,441.0,1109.0,True
247,441.0,1109.0,True
248,588.0,1109.0,True
249,567.0,1109.0,False
250,462.0,1109.0,False
251,546.0,1109.0,True
252,399.0,1109.0,False
253,546.0,1109.0,True
254,525.0,1109.0,False
255,420.0,1109.0,True
256,420.0,1109.0,False
257,588.0,1109.0,True
258,525.0,1109.0,True
259,588.0,1109.0,True
260,525.0,1109.0,True
261,336.0,1109.0,False
262,504.0,1109.0,False
263,357.0,1109.0,True
264,399.0,1109.0,False
265,525.0,1109.0,True
266,525.0,1109.0,True
267,441.0,1109.0,True
268,630.0,1109.0,True
269,399.0,1109.0,True
270,588.0,1109.0,True
271,546.0,1109.0,False
272,672.0,1109.0,False
273,567.0,1109.0,True
274,504.0,1109.0,True
275,630.0,1109.0,True
276,525.0,1109.0,True
277,504.0,1109.0,False
278,546.0,1109.0,True
279,420.0,1109.0,True
280,420.0,1109.0,True
281,357.0,1109.0,False
282,273.0,1109.0,False
283,399.0,1109.0,False
284,609.0,1109.0,True
285,399.0,1109.0,True
286,420.0,1109.0,False
287,336.0,1109.0,False
288,630.0,1109.0,True
289,630.0,1109.0,True
290,483.0,1109.0,False
291,693.0,1109.0,True
292,651.0,1109.0,True
293,672.0,1109.0,True
294,420.0,1109.0,True
295,399.0,1109.0,True
296,399.0,1109.0,True
297,483.0,1109.0,False
298,399.0,1109.0,True
299,630.0,1109.0,True
300,567.0,1109.0,True
301,756.0,1109.0,True
302,693.0,1109.0,True
303,357.0,1109.0,False
304,672.0,1109.0,False
305,735.0,1109.0,False
306,735.0,1109.0,True
307,714.0,1109.0,True
308,777.0,1109.0,True
309,651.0,1109.0,True
310,672.0,1109.0,False
311,756.0,1109.0,True
312,693.0,1109.0,True
313,735.0,1109.0,True
314,567.0,1109.0,True
315,420.0,1109.0,False
316,609.0,1109.0,False
317,693.0,1109.0,True
318,399.0,1109.0,False
319,672.0,1109.0,False
320,399.0,1109.0,True
321,671.0,1109.0,True
322,756.0,1109.0,False
323,672.0,1109.0,True
324,672.0,1109.0,True
325,630.0,1109.0,True
326,630.0,1109.0,False
327,672.0,1109.0,False
328,672.0,1109.0,True
329,483.0,1109.0,False
330,546.0,1109.0,False
331,630.0,1109.0,True
332,693.0,1109.0,False
333,609.0,1109.0,True
334,651.0,1109.0,False
335,693.0,1109.0,True
336,651.0,1109.0,True
337,651.0,1109.0,False
338,693.0,1109.0,False
339,630.0,1109.0,True
340,525.0,1109.0,True
341,378.0,1109.0,False
342,567.0,1109.0,True
343,567.0,1109.0,True
344,420.0,1109.0,True
345,399.0,1109.0,True
346,273.0,1109.0,True
347,651.0,1109.0,True
348,609.0,1109.0,True
349,714.0,1109.0,False
350,672.0,1109.0,False
351,609.0,1109.0,True
352,399.0,1109.0,False
353,399.0,1109.0,False
354,420.0,1109.0,True
355,525.0,1109.0,True
356,441.0,1109.0,False
357,609.0,1109.0,True
358,504.0,1109.0,True
359,399.0,1109.0,True
360,441.0,1109.0,True
361,441.0,1109.0,True
362,525.0,1109.0,False
363,210.0,1109.0,False
364,525.0,1109.0,True
365,567.0,1109.0,True
366,315.0,1109.0,True
367,399.0,1109.0,True
368,294.0,1109.0,False
369,651.0,1109.0,True
370,483.0,1109.0,False
371,420.0,1109.0,False
372,231.0,1109.0,False
373,483.0,1109.0,False
374,399.0,1109.0,False
375,441.0,1109.0,True
376,483.0,1109.0,False
377,441.0,1109.0,True
378,546.0,1109.0,True
379,399.0,1109.0,True
380,420.0,1109.0,True
381,441.0,1109.0,True
382,336.0,1109.0,True
383,483.0,1109.0,False
384,504.0,1109.0,False
385,462.0,1109.0,False
386,399.0,1109.0,True
387,651.0,1109.0,True
388,567.0,1109.0,False
389,483.0,1109.0,False
390,399.0,1109.0,False
391,567.0,1109.0,False
392,609.0,1109.0,False
393,483.0,1109.0,False
394,462.0,1109.0,False
395,567.0,1109.0,True
396,420.0,1109.0,True
397,504.0,1109.0,False
398,441.0,1109.0,False
399,546.0,1109.0,False
400,462.0,1109.0,True
401,399.0,1109.0,False
402,609.0,1109.0,True
403,357.0,1109.0,False
404,567.0,1109.0,False
405,399.0,1109.0,False
406,504.0,1109.0,True
407,504.0,1109.0,False
408,567.0,1109.0,False
409,462.0,1109.0,False
410,399.0,1109.0,False
411,441.0,1109.0,True
412,252.0,1109.0,True
413,504.0,1109.0,True
414,441.0,1109.0,True
415,315.0,1109.0,False
416,483.0,1109.0,False
417,525.0,1109.0,False
418,504.0,1109.0,False
419,630.0,1109.0,True
420,378.0,1109.0,False
421,546.0,1109.0,False
422,609.0,1109.0,True
423,525.0,1109.0,False
424,273.0,1109.0,True
425,462.0,1109.0,True
426,483.0,1109.0,True
427,231.0,1109.0,True
428,714.0,1109.0,False
429,483.0,1109.0,False
430,483.0,1109.0,True
431,462.0,1109.0,True
432,441.0,1109.0,True
433,462.0,1109.0,True
434,462.0,1109.0,True
435,546.0,1109.0,True
436,525.0,1109.0,True
437,525.0,1109.0,True
438,525.0,1109.0,True
439,588.0,1109.0,True
440,462.0,1109.0,False
441,525.0,1109.0,True
442,399.0,1109.0,True
443,420.0,1109.0,True
444,672.0,1109.0,False
445,504.0,1109.0,True
446,693.0,1109.0,False
447,693.0,1109.0,False
448,609.0,1109.0,True
449,651.0,1109.0,True
450,651.0,1109.0,True
451,189.0,1109.0,True
452,462.0,1109.0,False
453,420.0,1109.0,True
454,420.0,1109.0,True
455,420.0,1109.0,True
456,420.0,1109.0,True
457,441.0,1109.0,True
458,420.0,1109.0,True
459,420.0,1109.0,True
460,420.0,1109.0,False
461,420.0,1109.0,True
462,483.0,1109.0,True
463,441.0,1109.0,True
464,399.0,1109.0,True
465,483.0,1109.0,False
466,462.0,1109.0,True
467,462.0,1109.0,False
468,420.0,1109.0,True
469,441.0,1109.0,True
470,399.0,1109.0,False
471,462.0,1109.0,True
472,630.0,1109.0,True
473,630.0,1109.0,False
474,483.0,1109.0,False
475,525.0,1109.0,True
476,651.0,1109.0,False
477,462.0,1109.0,False
478,441.0,1109.0,True
479,525.0,1109.0,False
480,588.0,1109.0,False
481,483.0,1109.0,False
482,630.0,1109.0,True
483,546.0,1109.0,True
484,504.0,1109.0,False
485,420.0,1109.0,True
486,441.0,1109.0,False
487,651.0,1109.0,True
488,609.0,1109.0,True
489,651.0,1109.0,True
490,630.0,1109.0,True
491,672.0,1109.0,True
492,483.0,1109.0,True
493,651.0,1109.0,True
494,672.0,1109.0,True
495,525.0,1109.0,True
496,525.0,1109.0,True
497,588.0,1109.0,False
498,420.0,1109.0,False
499,483.0,1109.0,True
500,504.0,1109.0,True
501,651.0,1109.0,False
502,525.0,1109.0,True
503,504.0,1109.0,True
504,588.0,1109.0,False
505,588.0,1109.0,True
506,462.0,1109.0,False
507,546.0,1109.0,True
508,462.0,1109.0,True
509,525.0,1109.0,True
510,525.0,1109.0,True
511,504.0,1109.0,True
512,504.0,1109.0,True
513,525.0,1109.0,False
514,525.0,1109.0,True
515,525.0,1109.0,True
516,525.0,1109.0,True
517,525.0,1109.0,True
518,525.0,1109.0,True
519,399.0,1109.0,True
520,588.0,1109.0,True
521,504.0,1109.0,True
522,399.0,1109.0,True
523,483.0,1109.0,False
524,504.0,1109.0,False
525,567.0,1109.0,True
526,525.0,1109.0,False
527,525.0,1109.0,True
528,525.0,1109.0,True
529,504.0,1109.0,True
530,504.0,1109.0,True
531,504.0,1109.0,False
532,462.0,1109.0,True
533,630.0,1109.0,True
534,504.0,1109.0,False
535,546.0,1109.0,True
536,735.0,1109.0,True
537,693.0,1109.0,True
538,609.0,1109.0,True
539,735.0,1109.0,True
540,609.0,1109.0,True
541,651.0,1109.0,True
542,651.0,1109.0,True
543,483.0,1109.0,False
544,693.0,1109.0,False
545,630.0,1109.0,True
546,714.0,1109.0,True
547,672.0,1109.0,True
548,693.0,1109.0,False
549,693.0,1109.0,False
550,672.0,1109.0,True
551,672.0,1109.0,True
552,672.0,1109.0,True
553,672.0,1109.0,True
554,651.0,1109.0,True
555,735.0,1109.0,True
556,693.0,1109.0,True
557,693.0,1109.0,True
558,672.0,1109.0,False
559,672.0,1109.0,True
560,630.0,1109.0,True
561,735.0,1109.0,True
562,630.0,1109.0,False
563,672.0,1109.0,False
564,651.0,1109.0,True
565,672.0,1109.0,False
566,714.0,1109.0,False
567,651.0,1109.0,False
568,693.0,1109.0,True
569,672.0,1109.0,False
570,378.0,1109.0,False
571,630.0,1109.0,False
572,651.0,1109.0,True
573,462.0,1109.0,False
574,672.0,1109.0,True
575,651.0,1109.0,False
576,651.0,1109.0,True
577,714.0,1109.0,False
578,252.0,1109.0,True
579,252.0,1109.0,True
580,441.0,1109.0,True
581,525.0,1109.0,False
582,672.0,1109.0,False
583,651.0,1109.0,False
584,714.0,1109.0,False
585,525.0,1109.0,True
586,630.0,1109.0,False
587,651.0,1109.0,False
588,651.0,1109.0,True
589,546.0,1109.0,False
590,315.0,1109.0,False
591,441.0,1109.0,False
592,630.0,1109.0,True
593,399.0,1109.0,False
594,546.0,1109.0,True
595,420.0,1109.0,True
596,336.0,1109.0,False
597,168.0,1109.0,False
598,273.0,1109.0,False
599,651.0,1109.0,False
600,399.0,1109.0,False
601,588.0,1109.0,True
602,231.0,1109.0,True
603,252.0,1109.0,False
604,420.0,1109.0,False
605,189.0,1109.0,True
606,315.0,1109.0,False
607,399.0,1109.0,True
608,399.0,1109.0,True
609,189.0,1109.0,False
610,315.0,1109.0,True
611,693.0,1109.0,True
612,672.0,1109.0,True
613,651.0,1109.0,True
614,609.0,1109.0,False
615,420.0,1109.0,False
616,672.0,1109.0,True
617,483.0,1109.0,False
618,609.0,1109.0,True
619,483.0,1109.0,True
620,420.0,1109.0,True
621,315.0,1109.0,False
622,630.0,1109.0,True
623,672.0,1109.0,True
624,210.0,1109.0,False
625,357.0,1109.0,False
626,462.0,1109.0,True
627,420.0,1109.0,False
628,483.0,1109.0,True
629,399.0,1109.0,False
630,546.0,1109.0,False
631,399.0,1109.0,False
632,525.0,1109.0,True
633,336.0,1109.0,False
634,189.0,1109.0,False
635,462.0,1109.0,False
636,420.0,1109.0,True
637,483.0,1109.0,False
638,483.0,1109.0,True
639,588.0,1109.0,True
640,462.0,1109.0,False
641,525.0,1109.0,False
642,483.0,1109.0,False
643,630.0,1109.0,True
644,399.0,1109.0,False
645,651.0,1109.0,False
646,672.0,1109.0,False
647,630.0,1109.0,False
648,630.0,1109.0,False
649,567.0,1109.0,False
650,651.0,1109.0,True
651,630.0,1109.0,True
652,651.0,1109.0,True
653,693.0,1109.0,True
654,630.0,1109.0,False
655,630.0,1109.0,False
656,672.0,1109.0,True
657,630.0,1109.0,True
658,630.0,1109.0,False
659,672.0,1109.0,False
660,651.0,1109.0,True
661,672.0,1109.0,False
662,651.0,1109.0,False
663,630.0,1109.0,False
664,525.0,1109.0,False
665,672.0,1109.0,False
666,630.0,1109.0,True
667,525.0,1109.0,False
668,609.0,1109.0,False
669,714.0,1109.0,True
670,651.0,1109.0,False
671,441.0,1109.0,True
672,609.0,1109.0,True
673,714.0,1109.0,True
674,651.0,1109.0,True
675,672.0,1109.0,True
676,399.0,1109.0,True
677,420.0,1109.0,True
678,567.0,1109.0,True
679,567.0,1109.0,False
680,462.0,1109.0,True
681,525.0,1109.0,True
682,483.0,1109.0,False
683,525.0,1109.0,True
684,504.0,1109.0,True
685,609.0,1109.0,True
686,525.0,1109.0,True
687,336.0,1109.0,False
688,525.0,1109.0,True
689,315.0,1109.0,True
690,525.0,1109.0,False
691,630.0,1109.0,True
692,525.0,1109.0,True
693,315.0,1109.0,False
694,441.0,1109.0,False
695,462.0,1109.0,False
696,357.0,1109.0,True
697,420.0,1109.0,True
698,315.0,1109.0,True
699,336.0,1109.0,False
700,294.0,1109.0,False
701,336.0,1109.0,True
702,252.0,1109.0,False
703,630.0,1109.0,True
704,504.0,1109.0,True
705,630.0,1109.0,False
706,504.0,1109.0,False
707,672.0,1109.0,True
708,630.0,1109.0,False
709,441.0,1109.0,False
710,672.0,1109.0,True
711,546.0,1109.0,False
712,651.0,1109.0,True
713,651.0,1109.0,False
714,651.0,1109.0,True
715,546.0,1109.0,False
716,651.0,1109.0,True
717,672.0,1109.0,False
718,672.0,1109.0,True
719,693.0,1109.0,True
720,630.0,1109.0,False
721,567.0,1109.0,False
722,672.0,1109.0,True
723,630.0,1109.0,False
724,672.0,1109.0,True
725,651.0,1109.0,True
726,672.0,1109.0,False
727,714.0,1109.0,False
728,315.0,1109.0,False
729,693.0,1109.0,False
730,672.0,1109.0,False
731,777.0,1109.0,False
732,630.0,1109.0,False
733,651.0,1109.0,True
734,714.0,1109.0,False
735,672.0,1109.0,True
736,693.0,1109.0,False
737,609.0,1109.0,True
738,546.0,1109.0,True
739,630.0,1109.0,True
740,462.0,1109.0,False
741,672.0,1109.0,True
742,399.0,1109.0,True
743,588.0,1109.0,True
744,462.0,1109.0,False
745,462.0,1109.0,True
746,567.0,1109.0,True
747,609.0,1109.0,True
748,588.0,1109.0,True
749,462.0,1109.0,False
750,504.0,1109.0,True
751,609.0,1109.0,False
752,399.0,1109.0,True
753,588.0,1109.0,True
754,483.0,1109.0,True
755,462.0,1109.0,False
756,630.0,1109.0,True
757,567.0,1109.0,False
758,504.0,1109.0,True
759,483.0,1109.0,True
760,504.0,1109.0,True
761,630.0,1109.0,True
762,630.0,1109.0,True
763,504.0,1109.0,True
764,462.0,1109.0,True
765,504.0,1109.0,False
766,483.0,1109.0,True
767,483.0,1109.0,False
768,441.0,1109.0,True
769,546.0,1109.0,True
770,420.0,1109.0,True
771,462.0,1109.0,False
772,588.0,1109.0,True
773,483.0,1109.0,True
774,525.0,1109.0,True
775,441.0,1109.0,True
776,525.0,1109.0,True
777,609.0,1109.0,False
778,483.0,1109.0,True
779,546.0,1109.0,True
780,525.0,1109.0,False
781,525.0,1109.0,False
782,588.0,1109.0,False
783,525.0,1109.0,True
784,546.0,1109.0,True
785,609.0,1109.0,True
786,504.0,1109.0,True
787,504.0,1109.0,True
788,462.0,1109.0,True
789,504.0,1109.0,True
790,525.0,1109.0,True
791,504.0,1109.0,True
792,504.0,1109.0,False
793,504.0,1109.0,True
794,525.0,1109.0,True
795,630.0,1109.0,True
796,630.0,1109.0,False
797,672.0,1109.0,True
798,504.0,1109.0,True
799,672.0,1109.0,True
800,504.0,1109.0,True
801,525.0,1109.0,True
802,546.0,1109.0,True
803,504.0,1109.0,True
804,525.0,1109.0,False
805,546.0,1109.0,True
806,630.0,1109.0,True
807,525.0,1109.0,True
808,504.0,1109.0,True
809,525.0,1109.0,True
810,462.0,1109.0,True
811,483.0,1109.0,True
812,504.0,1109.0,True
813,483.0,1109.0,True
814,462.0,1109.0,True
815,525.0,1109.0,True
816,546.0,1109.0,True
817,672.0,1109.0,True
818,651.0,1109.0,True
819,672.0,1109.0,False
820,672.0,1109.0,True
821,672.0,1109.0,True
822,714.0,1109.0,False
823,693.0,1109.0,True
824,651.0,1109.0,True
825,672.0,1109.0,False
826,672.0,1109.0,True
827,735.0,1109.0,True
828,651.0,1109.0,False
829,651.0,1109.0,True
830,735.0,1109.0,False
831,672.0,1109.0,True
832,630.0,1109.0,True
833,609.0,1109.0,False
834,483.0,1109.0,True
835,315.0,1109.0,True
836,483.0,1109.0,True
837,420.0,1109.0,True
838,378.0,1109.0,True
839,483.0,1109.0,False
840,609.0,1109.0,True
841,525.0,1109.0,True
842,609.0,1109.0,True
843,525.0,1109.0,True
844,252.0,1109.0,True
845,546.0,1109.0,True
846,546.0,1109.0,True
847,567.0,1109.0,False
848,420.0,1109.0,True
849,525.0,1109.0,True
850,483.0,1109.0,True
851,399.0,1109.0,True
852,525.0,1109.0,True
853,483.0,1109.0,True
854,609.0,1109.0,True
855,588.0,1109.0,True
856,504.0,1109.0,True
857,609.0,1109.0,True
858,336.0,1109.0,True
859,504.0,1109.0,False
860,462.0,1109.0,True
861,588.0,1109.0,True
862,483.0,1109.0,True
863,483.0,1109.0,False
864,651.0,1109.0,True
865,609.0,1109.0,True
866,525.0,1109.0,False
867,462.0,1109.0,True
868,525.0,1109.0,True
869,357.0,1109.0,True
870,420.0,1109.0,True
871,315.0,1109.0,False
872,399.0,1109.0,True
873,546.0,1109.0,True
874,630.0,1109.0,False
875,504.0,1109.0,True
876,441.0,1109.0,False
877,546.0,1109.0,True
878,609.0,1109.0,True
879,651.0,1109.0,True
880,630.0,1109.0,True
881,651.0,1109.0,True
882,651.0,1109.0,True
883,693.0,1109.0,False
884,651.0,1109.0,True
885,630.0,1109.0,True
886,672.0,1109.0,True
887,693.0,1109.0,True
888,546.0,1109.0,False
889,630.0,1109.0,False
890,651.0,1109.0,True
891,756.0,1109.0,False
892,672.0,1109.0,False
893,714.0,1109.0,False
894,714.0,1109.0,False
895,693.0,1109.0,True
896,693.0,1109.0,True
897,672.0,1109.0,True
898,630.0,1109.0,True
899,714.0,1109.0,False
900,714.0,1109.0,True
901,714.0,1109.0,True
902,672.0,1109.0,True
903,672.0,1109.0,False
904,735.0,1109.0,False
905,462.0,1109.0,False
906,672.0,1109.0,False
907,714.0,1109.0,False
908,630.0,1109.0,False
909,672.0,1109.0,True
910,651.0,1109.0,False
911,609.0,1109.0,True
912,672.0,1109.0,True
913,672.0,1109.0,False
914,693.0,1109.0,False
915,525.0,1109.0,False
916,714.0,1109.0,False
917,525.0,1109.0,True
918,735.0,1109.0,True
919,672.0,1109.0,True
920,630.0,1109.0,False
921,693.0,1109.0,True
922,672.0,1109.0,True
923,693.0,1109.0,False
924,609.0,1109.0,True
925,693.0,1109.0,True
926,714.0,1109.0,True
927,693.0,1109.0,True
928,693.0,1109.0,True
929,672.0,1109.0,True
930,672.0,1109.0,True
931,693.0,1109.0,True
932,714.0,1109.0,False
933,693.0,1109.0,True
934,672.0,1109.0,True
935,672.0,1109.0,True
936,567.0,1109.0,True
937,672.0,1109.0,True
938,630.0,1109.0,True
939,693.0,1109.0,True
940,609.0,1109.0,False
941,651.0,1109.0,True
942,567.0,1109.0,True
943,588.0,1109.0,False
944,378.0,1109.0,False
945,399.0,1109.0,True
946,525.0,1109.0,False
947,420.0,1109.0,True
948,651.0,1109.0,True
949,693.0,1109.0,True
950,441.0,1109.0,True
951,483.0,1109.0,True
952,441.0,1109.0,False
953,441.0,1109.0,True
954,462.0,1109.0,False
955,609.0,1109.0,True
956,525.0,1109.0,True
957,609.0,1109.0,False
958,462.0,1109.0,False
959,525.0,1109.0,False
960,693.0,1109.0,False
961,546.0,1109.0,True
962,420.0,1109.0,False
963,504.0,1109.0,True
964,525.0,1109.0,False
965,651.0,1109.0,True
966,441.0,1109.0,True
967,525.0,1109.0,True
968,441.0,1109.0,True
969,630.0,1109.0,True
970,546.0,1109.0,True
971,672.0,1109.0,True
972,315.0,1109.0,False
973,504.0,1109.0,False
974,462.0,1109.0,False
975,504.0,1109.0,False
976,504.0,1109.0,False
977,399.0,1109.0,True
978,630.0,1109.0,True
979,504.0,1109.0,True
980,504.0,1109.0,True
981,483.0,1109.0,True
982,630.0,1109.0,True
983,504.0,1109.0,True
984,462.0,1109.0,False
985,546.0,1109.0,False
986,546.0,1109.0,True
987,525.0,1109.0,True
988,546.0,1109.0,False
989,630.0,1109.0,True
990,420.0,1109.0,False
991,525.0,1109.0,True
992,546.0,1109.0,True
993,672.0,1109.0,True
994,399.0,1109.0,True
995,546.0,1109.0,True
996,630.0,1109.0,True
997,504.0,1109.0,True
998,525.0,1109.0,True
999,672.0,1109.0,True
1000,462.0,1109.0,True
1001,525.0,1109.0,True
1002,630.0,1109.0,True
1003,525.0,1109.0,True
1004,483.0,1109.0,True
1005,693.0,1109.0,True
1006,651.0,1109.0,True
1007,713.0,1109.0,False
1008,756.0,1109.0,True
1009,630.0,1109.0,True
1010,714.0,1109.0,True
1011,630.0,1109.0,False
1012,651.0,1109.0,True
1013,735.0,1109.0,True
1014,693.0,1109.0,True
1015,693.0,1109.0,False
1016,672.0,1109.0,False
1017,651.0,1109.0,False
1018,735.0,1109.0,True
1019,651.0,1109.0,True
1020,609.0,1109.0,True
1021,714.0,1109.0,False
1022,714.0,1109.0,False
1023,672.0,1109.0,True
1024,630.0,1109.0,False
1025,399.0,1109.0,False
1026,441.0,1109.0,False
1027,735.0,1109.0,True
1028,672.0,1109.0,True
1029,693.0,1109.0,False
1030,672.0,1109.0,True
1031,630.0,1109.0,False
1032,630.0,1109.0,True
1033,777.0,1109.0,True
1034,714.0,1109.0,True
1035,672.0,1109.0,True
1036,651.0,1109.0,True
1037,714.0,1109.0,True
1038,693.0,1109.0,True
1039,651.0,1109.0,True
1040,672.0,1109.0,False
1041,672.0,1109.0,True
1042,693.0,1109.0,True
1043,672.0,1109.0,False
1044,651.0,1109.0,True
1045,651.0,1109.0,True
1046,651.0,1109.0,False
1047,693.0,1109.0,True
1048,693.0,1109.0,False
1049,693.0,1109.0,True
1050,609.0,1109.0,True
1051,672.0,1109.0,True
1052,693.0,1109.0,True
1053,336.0,1109.0,True
1054,693.0,1109.0,True
1055,714.0,1109.0,False
1056,672.0,1109.0,True
1057,630.0,1109.0,False
1058,693.0,1109.0,True
1059,714.0,1109.0,True
1060,735.0,1109.0,True
1061,735.0,1109.0,False
1062,714.0,1109.0,False
1063,693.0,1109.0,True
1064,651.0,1109.0,True
1065,672.0,1109.0,False
1066,693.0,1109.0,True
1067,630.0,1109.0,False
1068,693.0,1109.0,True
1069,651.0,1109.0,True
1070,651.0,1109.0,True
1071,651.0,1109.0,True
1072,672.0,1109.0,False
1073,630.0,1109.0,True
1074,840.0,1109.0,False
1075,672.0,1109.0,False
1076,693.0,1109.0,True
1077,745.0,1109.0,True
1078,766.0,1109.0,False
1079,567.0,1109.0,False
1080,651.0,1109.0,True
1081,745.0,1109.0,False
1082,682.0,1109.0,True
1083,651.0,1109.0,True
1084,630.0,1109.0,False
1085,735.0,1109.0,True
1086,651.0,1109.0,False
1087,714.0,1109.0,False
1088,672.0,1109.0,False
1089,651.0,1109.0,False
1090,672.0,1109.0,True
1091,714.0,1109.0,True
1092,630.0,1109.0,True
1093,693.0,1109.0,True
1094,588.0,1109.0,True
1095,651.0,1109.0,False
1096,756.0,1109.0,False
1097,651.0,1109.0,False
1098,651.0,1109.0,False
1099,672.0,1109.0,True
1100,672.0,1109.0,True
1101,714.0,1109.0,True
1102,735.0,1109.0,True
1103,735.0,1109.0,True
1104,714.0,1109.0,False
1105,756.0,1109.0,True
1106,630.0,1109.0,True
1107,693.0,1109.0,False
1108,693.0,1109.0,False
1109,651.0,1109.0,True
1110,651.0,1109.0,False
1111,756.0,1109.0,True
1112,672.0,1109.0,True
1113,714.0,1109.0,True
1114,714.0,1109.0,False
1115,703.0,1109.0,False
1116,504.0,1109.0,False
1117,693.0,1109.0,False
1118,745.0,1109.0,True
1119,777.0,1109.0,True
1120,703.0,1109.0,False
1121,609.0,1109.0,False
1122,651.0,1109.0,True
1123,630.0,1109.0,False
1124,693.0,1109.0,False
1125,672.0,1109.0,False
1126,661.0,1109.0,True
1127,651.0,1109.0,True
1128,693.0,1109.0,False
1129,441.0,1109.0,False
1130,672.0,1109.0,False
1131,714.0,1109.0,True
1132,735.0,1109.0,True
1133,525.0,1109.0,False
1134,588.0,1109.0,True
1135,693.0,1109.0,False
1136,672.0,1109.0,False
1137,672.0,1109.0,True
1138,651.0,1109.0,True
1139,420.0,1109.0,True
1140,672.0,1109.0,True
1141,693.0,1109.0,True
1142,693.0,1109.0,True
1143,693.0,1109.0,False
1144,630.0,1109.0,False
1145,693.0,1109.0,True
1146,672.0,1109.0,False
1147,651.0,1109.0,True
1148,693.0,1109.0,True
1149,441.0,1109.0,False
1150,672.0,1109.0,True
1151,651.0,1109.0,True
1152,651.0,1109.0,True
1153,651.0,1109.0,True
1154,672.0,1109.0,True
1155,609.0,1109.0,True
1156,651.0,1109.0,False
1157,735.0,1109.0,True
1158,630.0,1109.0,False
1159,567.0,1109.0,True
1160,189.0,1109.0,False
1161,441.0,1109.0,False
1162,630.0,1109.0,True
1163,693.0,1109.0,True
1164,672.0,1109.0,True
1165,714.0,1109.0,True
1166,672.0,1109.0,False
1167,693.0,1109.0,True
1168,651.0,1109.0,False
1169,735.0,1109.0,True
1170,693.0,1109.0,True
1171,735.0,1109.0,False
1172,693.0,1109.0,False
1173,609.0,1109.0,True
1174,672.0,1109.0,False
1175,651.0,1109.0,True
1176,735.0,1109.0,False
1177,693.0,1109.0,True
1178,735.0,1109.0,True
1179,735.0,1109.0,True
1180,735.0,1109.0,False
1181,693.0,1109.0,False
1182,714.0,1109.0,False
1183,756.0,1109.0,False
1184,756.0,1109.0,True
1185,693.0,1109.0,True
1186,714.0,1109.0,True
1187,756.0,1109.0,False
1188,714.0,1109.0,False
1189,693.0,1109.0,True
1190,735.0,1109.0,True
1191,672.0,1109.0,False
1192,798.0,1109.0,True
1193,693.0,1109.0,True
1194,714.0,1109.0,True
1195,630.0,1109.0,True
1196,651.0,1109.0,True
1197,693.0,1109.0,True
1198,672.0,1109.0,False
1199,693.0,1109.0,True
1200,693.0,1109.0,True
1201,630.0,1109.0,False
1202,672.0,1109.0,True
1203,420.0,1109.0,True
1204,567.0,1109.0,False
1205,504.0,1109.0,True
1206,420.0,1109.0,True
1207,525.0,1109.0,False
1208,462.0,1109.0,False
1209,462.0,1109.0,True
1210,336.0,1109.0,True
1211,420.0,1109.0,True
1212,420.0,1109.0,True
1213,420.0,1109.0,True
1214,420.0,1109.0,True
1215,420.0,1109.0,True
1216,651.0,1109.0,True
1217,672.0,1109.0,True
1218,672.0,1109.0,False
1219,651.0,1109.0,False
1220,672.0,1109.0,False
1221,703.0,1109.0,True
1222,672.0,1109.0,False
1223,651.0,1109.0,False
1224,441.0,1109.0,True
1225,378.0,1109.0,True
1226,483.0,1109.0,True
1227,357.0,1109.0,True
1228,378.0,1109.0,True
1229,378.0,1109.0,False
1230,441.0,1109.0,True
1231,357.0,1109.0,False
1232,525.0,1109.0,True
1233,399.0,1109.0,False
1234,399.0,1109.0,True
1235,672.0,1109.0,True
1236,567.0,1109.0,True
1237,588.0,1109.0,True
1238,483.0,1109.0,True
1239,483.0,1109.0,True
1240,525.0,1109.0,True
1241,567.0,1109.0,True
1242,462.0,1109.0,True
1243,588.0,1109.0,True
1244,651.0,1109.0,True
1245,630.0,1109.0,True
1246,546.0,1109.0,True
1247,588.0,1109.0,True
1248,357.0,1109.0,False
1249,525.0,1109.0,False
1250,546.0,1109.0,True
1251,504.0,1109.0,True
1252,525.0,1109.0,True
1253,336.0,1109.0,True
1254,441.0,1109.0,True
1255,441.0,1109.0,True
1256,630.0,1109.0,False
1257,483.0,1109.0,False
1258,462.0,1109.0,True
1259,378.0,1109.0,False
1260,525.0,1109.0,False
1261,483.0,1109.0,True
1262,420.0,1109.0,True
1263,462.0,1109.0,True
1264,462.0,1109.0,True
1265,525.0,1109.0,True
1266,399.0,1109.0,False
1267,567.0,1109.0,False
1268,525.0,1109.0,True
1269,651.0,1109.0,True
1270,441.0,1109.0,True
1271,588.0,1109.0,True
1272,483.0,1109.0,True
1273,651.0,1109.0,True
1274,651.0,1109.0,False
1275,630.0,1109.0,False
1276,336.0,1109.0,True
1277,336.0,1109.0,True
1278,420.0,1109.0,False
1279,189.0,1109.0,False
1280,399.0,1109.0,True
1281,252.0,1109.0,True
1282,357.0,1109.0,True
1283,504.0,1109.0,True
1284,357.0,1109.0,True
1285,420.0,1109.0,False
1286,441.0,1109.0,False
1287,399.0,1109.0,True
1288,504.0,1109.0,False
1289,210.0,1109.0,True
1290,273.0,1109.0,True
1291,294.0,1109.0,True
1292,357.0,1109.0,True
1293,357.0,1109.0,False
1294,399.0,1109.0,True
1295,294.0,1109.0,False
1296,420.0,1109.0,False
1297,399.0,1109.0,True
1298,420.0,1109.0,True
1299,420.0,1109.0,False
1300,483.0,1109.0,True
1301,378.0,1109.0,True
1302,588.0,1109.0,True
1303,651.0,1109.0,True
1304,504.0,1109.0,True
1305,462.0,1109.0,True
1306,441.0,1109.0,True
1307,525.0,1109.0,True
1308,420.0,1109.0,True
1309,399.0,1109.0,True
1310,294.0,1109.0,True
1311,609.0,1109.0,True
1312,546.0,1109.0,False
1313,735.0,1109.0,True
1314,756.0,1109.0,True
1315,756.0,1109.0,True
1316,693.0,1109.0,True
1317,714.0,1109.0,False
1318,735.0,1109.0,False
1319,567.0,1109.0,False
1320,609.0,1109.0,True
1321,672.0,1109.0,True
1322,651.0,1109.0,False
1323,588.0,1109.0,True
1324,651.0,1109.0,True
1325,651.0,1109.0,False
1326,546.0,1109.0,True
1327,504.0,1109.0,True
1328,588.0,1109.0,True
1329,504.0,1109.0,True
1330,546.0,1109.0,False
1331,630.0,1109.0,True
1332,672.0,1109.0,False
1333,567.0,1109.0,False
1334,441.0,1109.0,True
1335,420.0,1109.0,False
1336,441.0,1109.0,True
1337,588.0,1109.0,True
1338,504.0,1109.0,True
1339,630.0,1109.0,True
1340,588.0,1109.0,False
1341,420.0,1109.0,False
1342,462.0,1109.0,False
1343,399.0,1109.0,True
1344,504.0,1109.0,False
1345,399.0,1109.0,False
1346,525.0,1109.0,True
1347,399.0,1109.0,False
1348,483.0,1109.0,False
1349,567.0,1109.0,True
1350,588.0,1109.0,True
1351,525.0,1109.0,False
1352,714.0,1109.0,True
1353,399.0,1109.0,True
1354,714.0,1109.0,True
1355,672.0,1109.0,True
1356,651.0,1109.0,False
1357,714.0,1109.0,False
1358,651.0,1109.0,False
1359,609.0,1109.0,False
1360,672.0,1109.0,False
1361,672.0,1109.0,False
1362,735.0,1109.0,True
1363,630.0,1109.0,False
1364,651.0,1109.0,True
1365,651.0,1109.0,True
1366,714.0,1109.0,False
1367,693.0,1109.0,True
1368,735.0,1109.0,True
1369,735.0,1109.0,True
1370,693.0,1109.0,True
1371,693.0,1109.0,True
1372,756.0,1109.0,False
1373,651.0,1109.0,True
1374,672.0,1109.0,True
1375,630.0,1109.0,True
1376,693.0,1109.0,True
1377,672.0,1109.0,False
1378,672.0,1109.0,False
1379,756.0,1109.0,True
1380,672.0,1109.0,True
1381,735.0,1109.0,True
1382,630.0,1109.0,True
1383,756.0,1109.0,True
1384,651.0,1109.0,False
1385,714.0,1109.0,False
1386,714.0,1109.0,False
1387,399.0,1109.0,True
1388,693.0,1109.0,True
1389,756.0,1109.0,True
1390,609.0,1109.0,True
1391,672.0,1109.0,True
1392,735.0,1109.0,True
1393,651.0,1109.0,True
1394,357.0,1109.0,False
1395,609.0,1109.0,True
1396,609.0,1109.0,False
1397,735.0,1109.0,True
1398,693.0,1109.0,True
1399,483.0,1109.0,True
1400,567.0,1109.0,False
1401,672.0,1109.0,True
1402,609.0,1109.0,False
1403,609.0,1109.0,True
1404,714.0,1109.0,True
1405,630.0,1109.0,True
1406,682.0,1109.0,True
1407,745.0,1109.0,False
1408,693.0,1109.0,True
1409,651.0,1109.0,False
1410,651.0,1109.0,False
1411,630.0,1109.0,True
1412,661.0,1109.0,True
1413,672.0,1109.0,False
1414,703.0,1109.0,False
1415,713.0,1109.0,False
1416,693.0,1109.0,True
1417,630.0,1109.0,True
1418,651.0,1109.0,True
1419,756.0,1109.0,False
1420,714.0,1109.0,True
1421,714.0,1109.0,True
1422,798.0,1109.0,True
1423,714.0,1109.0,False
1424,693.0,1109.0,True
1425,714.0,1109.0,False
1426,672.0,1109.0,True
1427,693.0,1109.0,True
1428,630.0,1109.0,True
1429,651.0,1109.0,True
1430,693.0,1109.0,True
1431,651.0,1109.0,True
1432,651.0,1109.0,False
1433,714.0,1109.0,True
1434,714.0,1109.0,False
1435,714.0,1109.0,True
1436,672.0,1109.0,False
1437,693.0,1109.0,False
1438,672.0,1109.0,True
1439,714.0,1109.0,True
1440,672.0,1109.0,True
1441,651.0,1109.0,False
1442,672.0,1109.0,False
1443,693.0,1109.0,False
1444,630.0,1109.0,True
1445,672.0,1109.0,False
1446,693.0,1109.0,True
1447,483.0,1109.0,True
1448,420.0,1109.0,True
1449,483.0,1109.0,True
1450,672.0,1109.0,True
1451,693.0,1109.0,True
1452,693.0,1109.0,False
1453,672.0,1109.0,True
1454,630.0,1109.0,True
1455,714.0,1109.0,True
1456,630.0,1109.0,True
1457,693.0,1109.0,True
1458,651.0,1109.0,True
1459,651.0,1109.0,True
1460,672.0,1109.0,False
1461,672.0,1109.0,False
1462,672.0,1109.0,True
1463,672.0,1109.0,False
1464,672.0,1109.0,False
1465,630.0,1109.0,True
1466,672.0,1109.0,False
1467,588.0,1109.0,True
1468,651.0,1109.0,True
1469,441.0,1109.0,True
1470,672.0,1109.0,True
1471,441.0,1109.0,True
1472,609.0,1109.0,True
1473,567.0,1109.0,True
1474,441.0,1109.0,False
1475,462.0,1109.0,True
1476,525.0,1109.0,True
1477,441.0,1109.0,True
1478,420.0,1109.0,True
1479,336.0,1109.0,True
1480,525.0,1109.0,True
1481,378.0,1109.0,True
1482,441.0,1109.0,True
1483,336.0,1109.0,True
1484,525.0,1109.0,True
1485,399.0,1109.0,True
1486,357.0,1109.0,False
1487,378.0,1109.0,False
1488,441.0,1109.0,False
1489,525.0,1109.0,True
1490,462.0,1109.0,True
1491,378.0,1109.0,True
1492,378.0,1109.0,False
1493,630.0,1109.0,True
1494,462.0,1109.0,True
1495,399.0,1109.0,False
1496,588.0,1109.0,False
1497,651.0,1109.0,False
1498,651.0,1109.0,True
1499,483.0,1109.0,False
1500,126.0,1109.0,True
1501,630.0,1109.0,True
1502,378.0,1109.0,False
1503,336.0,1109.0,True
1504,525.0,1109.0,True
1505,630.0,1109.0,False
1506,504.0,1109.0,True
1507,357.0,1109.0,False
1508,630.0,1109.0,True
1509,462.0,1109.0,True
1510,672.0,1109.0,True
1511,504.0,1109.0,False
1512,609.0,1109.0,False
1513,483.0,1109.0,True
1514,462.0,1109.0,False
1515,525.0,1109.0,True
1516,441.0,1109.0,True
1517,525.0,1109.0,True
1518,504.0,1109.0,True
1519,504.0,1109.0,False
1520,441.0,1109.0,True
1521,525.0,1109.0,False
1522,504.0,1109.0,True
1523,483.0,1109.0,True
1524,567.0,1109.0,True
1525,462.0,1109.0,True
1526,567.0,1109.0,True
1527,483.0,1109.0,True
1528,504.0,1109.0,True
1529,462.0,1109.0,True
1530,504.0,1109.0,True
1531,651.0,1109.0,True
1532,525.0,1109.0,True
1533,525.0,1109.0,False
1534,441.0,1109.0,True
1535,462.0,1109.0,True
1536,420.0,1109.0,True
1537,441.0,1109.0,True
1538,420.0,1109.0,True
1539,441.0,1109.0,True
1540,420.0,1109.0,True
1541,483.0,1109.0,False
1542,441.0,1109.0,True
1543,462.0,1109.0,True
1544,504.0,1109.0,False
1545,462.0,1109.0,True
1546,441.0,1109.0,True
1547,441.0,1109.0,True
1548,567.0,1109.0,False
1549,420.0,1109.0,False
1550,420.0,1109.0,True
1551,399.0,1109.0,True
1552,525.0,1109.0,True
1553,546.0,1109.0,False
1554,462.0,1109.0,True
1555,462.0,1109.0,True
1556,252.0,1109.0,True
1557,441.0,1109.0,False
1558,399.0,1109.0,False
1559,483.0,1109.0,False
1560,210.0,1109.0,False
1561,462.0,1109.0,True
1562,504.0,1109.0,True
1563,462.0,1109.0,True
1564,399.0,1109.0,False
1565,462.0,1109.0,False
1566,483.0,1109.0,True
1567,546.0,1109.0,False
1568,462.0,1109.0,False
1569,588.0,1109.0,False
1570,630.0,1109.0,True
1571,672.0,1109.0,False
1572,294.0,1109.0,False
1573,672.0,1109.0,True
1574,651.0,1109.0,True
1575,315.0,1109.0,True
1576,336.0,1109.0,False
1577,588.0,1109.0,False
1578,609.0,1109.0,False
1579,672.0,1109.0,False
1580,315.0,1109.0,False
1581,462.0,1109.0,False
1582,483.0,1109.0,True
1583,567.0,1109.0,False
1584,462.0,1109.0,True
1585,378.0,1109.0,True
1586,483.0,1109.0,True
1587,630.0,1109.0,True
1588,483.0,1109.0,True
1589,651.0,1109.0,False
1590,504.0,1109.0,False
1591,630.0,1109.0,False
1592,420.0,1109.0,False
1593,630.0,1109.0,True
1594,441.0,1109.0,True
1595,462.0,1109.0,False
1596,504.0,1109.0,True
1597,525.0,1109.0,True
1598,441.0,1109.0,True
1599,420.0,1109.0,True
1600,462.0,1109.0,True
1601,504.0,1109.0,False
1602,546.0,1109.0,True
1603,420.0,1109.0,True
1604,483.0,1109.0,True
1605,588.0,1109.0,True
1606,357.0,1109.0,False
1607,399.0,1109.0,False
1608,399.0,1109.0,False
1609,546.0,1109.0,True
1610,546.0,1109.0,False
1611,609.0,1109.0,True
1612,420.0,1109.0,True
1613,660.0,1109.0,True
1614,546.0,1109.0,False
1615,525.0,1109.0,True
1616,525.0,1109.0,True
1617,753.0,1109.0,True
1618,958.0,1109.0,False
1619,908.0,1109.0,False
1620,661.0,1109.0,True
1621,701.0,1109.0,True
1622,878.0,1109.0,True
1623,567.0,1109.0,False
1624,971.0,1109.0,True
1625,763.0,1109.0,False
1626,671.0,1109.0,True
1627,294.0,1109.0,False
1628,998.0,1109.0,True
1629,907.0,1109.0,True
1630,977.0,1109.0,True
1631,755.0,1109.0,True
1632,888.0,1109.0,False
1633,741.0,1109.0,False
1634,315.0,1109.0,False
1635,1009.0,1109.0,False
1636,504.0,1109.0,True
1637,630.0,1109.0,True
1638,693.0,1109.0,False
1639,525.0,1109.0,False
1640,651.0,1109.0,False
1641,735.0,1109.0,False
1642,651.0,1109.0,False
1643,714.0,1109.0,False
1644,714.0,1109.0,False
1645,693.0,1109.0,True
1646,651.0,1109.0,True
1647,693.0,1109.0,True
1648,588.0,1109.0,False
1649,651.0,1109.0,False
1650,651.0,1109.0,False
1651,651.0,1109.0,False
1652,777.0,1109.0,False
1653,651.0,1109.0,False
1654,672.0,1109.0,False
1655,651.0,1109.0,True
1656,609.0,1109.0,True
1657,525.0,1109.0,True
1658,441.0,1109.0,True
1659,525.0,1109.0,True
1660,567.0,1109.0,False
1661,567.0,1109.0,False
1662,504.0,1109.0,True
1663,630.0,1109.0,False
1664,588.0,1109.0,True
1665,546.0,1109.0,True
1666,672.0,1109.0,True
1667,462.0,1109.0,False
1668,378.0,1109.0,False
1669,462.0,1109.0,True
1670,525.0,1109.0,True
1671,651.0,1109.0,True
1672,483.0,1109.0,False
1673,462.0,1109.0,True
1674,378.0,1109.0,True
1675,399.0,1109.0,True
1676,252.0,1109.0,True
1677,294.0,1109.0,False
1678,462.0,1109.0,True
1679,525.0,1109.0,False
1680,651.0,1109.0,False
1681,588.0,1109.0,False
1682,609.0,1109.0,False
1683,399.0,1109.0,True
1684,588.0,1109.0,False
1685,504.0,1109.0,False
1686,609.0,1109.0,True
1687,588.0,1109.0,False
1688,525.0,1109.0,False
1689,609.0,1109.0,True
1690,504.0,1109.0,True
1691,357.0,1109.0,True
1692,441.0,1109.0,True
1693,630.0,1109.0,True
1694,399.0,1109.0,True
1695,483.0,1109.0,True
1696,462.0,1109.0,True
1697,588.0,1109.0,True
1698,378.0,1109.0,True
1699,567.0,1109.0,True
1700,441.0,1109.0,True
1701,525.0,1109.0,True
1702,504.0,1109.0,True
1703,546.0,1109.0,True
1704,504.0,1109.0,True
1705,483.0,1109.0,True
1706,546.0,1109.0,True
1707,483.0,1109.0,True
1708,525.0,1109.0,False
1709,588.0,1109.0,True
1710,630.0,1109.0,True
1711,546.0,1109.0,True
1712,567.0,1109.0,True
1713,399.0,1109.0,False
1714,504.0,1109.0,True
1715,609.0,1109.0,True
1716,462.0,1109.0,True
1717,525.0,1109.0,True
1718,441.0,1109.0,True
1719,483.0,1109.0,True
1720,504.0,1109.0,True
1721,525.0,1109.0,True
1722,546.0,1109.0,True
1723,525.0,1109.0,True
1724,441.0,1109.0,False
1725,525.0,1109.0,True
1726,567.0,1109.0,True
1727,399.0,1109.0,False
1728,462.0,1109.0,False
1729,483.0,1109.0,True
1730,462.0,1109.0,True
1731,525.0,1109.0,True
1732,588.0,1109.0,False
1733,672.0,1109.0,False
1734,630.0,1109.0,True
1735,630.0,1109.0,True
1736,609.0,1109.0,False
1737,651.0,1109.0,False
1738,546.0,1109.0,False
1739,567.0,1109.0,False
1740,630.0,1109.0,True
1741,651.0,1109.0,True
1742,504.0,1109.0,False
1743,630.0,1109.0,False
1744,483.0,1109.0,True
1745,378.0,1109.0,True
1746,399.0,1109.0,True
1747,441.0,1109.0,False
1748,651.0,1109.0,True
1749,651.0,1109.0,True
1750,672.0,1109.0,True
1751,630.0,1109.0,False
1752,630.0,1109.0,False
1753,735.0,1109.0,False
1754,672.0,1109.0,True
1755,630.0,1109.0,False
1756,672.0,1109.0,False
1757,714.0,1109.0,True
1758,399.0,1109.0,True
1759,672.0,1109.0,False
1760,567.0,1109.0,False
1761,692.0,1109.0,True
1762,672.0,1109.0,True
1763,630.0,1109.0,True
1764,693.0,1109.0,False
1765,672.0,1109.0,True
1766,672.0,1109.0,True
1767,693.0,1109.0,True
1768,714.0,1109.0,True
1769,546.0,1109.0,False
1770,672.0,1109.0,False
1771,735.0,1109.0,False
1772,672.0,1109.0,True
1773,693.0,1109.0,True
1774,672.0,1109.0,True
1775,693.0,1109.0,True
1776,462.0,1109.0,False
1777,651.0,1109.0,True
1778,357.0,1109.0,False
1779,399.0,1109.0,False
1780,651.0,1109.0,True
1781,651.0,1109.0,False
1782,630.0,1109.0,True
1783,651.0,1109.0,True
1784,252.0,1109.0,False
1785,651.0,1109.0,True
1786,693.0,1109.0,False
1787,546.0,1109.0,True
1788,525.0,1109.0,False
1789,672.0,1109.0,False
1790,546.0,1109.0,False
1791,693.0,1109.0,True
1792,672.0,1109.0,True
1793,630.0,1109.0,False
1794,651.0,1109.0,False
1795,630.0,1109.0,False
1796,588.0,1109.0,True
1797,672.0,1109.0,True
1798,420.0,1109.0,True
1799,525.0,1109.0,True
1800,399.0,1109.0,True
1801,420.0,1109.0,True
1802,462.0,1109.0,True
1803,504.0,1109.0,False
1804,525.0,1109.0,True
1805,630.0,1109.0,True
1806,462.0,1109.0,True
1807,462.0,1109.0,False
1808,546.0,1109.0,True
1809,525.0,1109.0,True
1810,504.0,1109.0,True
1811,525.0,1109.0,True
1812,525.0,1109.0,True
1813,504.0,1109.0,True
1814,462.0,1109.0,False
1815,504.0,1109.0,True
1816,504.0,1109.0,True
1817,462.0,1109.0,True
1818,525.0,1109.0,True
1819,525.0,1109.0,True
1820,525.0,1109.0,True
1821,504.0,1109.0,True
1822,672.0,1109.0,False
1823,546.0,1109.0,False
1824,525.0,1109.0,True
1825,441.0,1109.0,True
1826,525.0,1109.0,False
1827,609.0,1109.0,True
1828,525.0,1109.0,True
1829,525.0,1109.0,False
1830,630.0,1109.0,False
1831,462.0,1109.0,True
1832,588.0,1109.0,True
1833,651.0,1109.0,True
1834,546.0,1109.0,True
1835,630.0,1109.0,True
1836,441.0,1109.0,True
1837,483.0,1109.0,True
1838,504.0,1109.0,True
1839,399.0,1109.0,True
1840,483.0,1109.0,True
1841,399.0,1109.0,False
1842,567.0,1109.0,False
1843,546.0,1109.0,True
1844,378.0,1109.0,True
1845,525.0,1109.0,True
1846,546.0,1109.0,True
1847,525.0,1109.0,False
1848,399.0,1109.0,True
1849,462.0,1109.0,True
1850,546.0,1109.0,True
1851,525.0,1109.0,False
1852,546.0,1109.0,True
1853,462.0,1109.0,True
1854,525.0,1109.0,False
1855,630.0,1109.0,True
1856,525.0,1109.0,True
1857,525.0,1109.0,True
1858,588.0,1109.0,False
1859,525.0,1109.0,True
1860,651.0,1109.0,True
1861,462.0,1109.0,True
1862,504.0,1109.0,True
1863,420.0,1109.0,True
1864,525.0,1109.0,True
1865,441.0,1109.0,True
1866,483.0,1109.0,True
1867,420.0,1109.0,False
1868,462.0,1109.0,True
1869,525.0,1109.0,False
1870,336.0,1109.0,True
1871,504.0,1109.0,True
1872,399.0,1109.0,True
1873,441.0,1109.0,True
1874,420.0,1109.0,True
1875,651.0,1109.0,True
1876,336.0,1109.0,True
1877,609.0,1109.0,False
1878,525.0,1109.0,True
1879,588.0,1109.0,False
1880,504.0,1109.0,True
1881,504.0,1109.0,True
1882,630.0,1109.0,True
1883,672.0,1109.0,True
1884,630.0,1109.0,True
1885,693.0,1109.0,True
1886,651.0,1109.0,False
1887,651.0,1109.0,True
1888,714.0,1109.0,True
1889,630.0,1109.0,True
1890,651.0,1109.0,False
1891,693.0,1109.0,True
1892,609.0,1109.0,True
1893,672.0,1109.0,True
1894,672.0,1109.0,True
1895,651.0,1109.0,True
1896,693.0,1109.0,True
1897,630.0,1109.0,False
1898,672.0,1109.0,True
1899,735.0,1109.0,True
1900,672.0,1109.0,True
1901,630.0,1109.0,True
1902,735.0,1109.0,True
1903,672.0,1109.0,True
1904,630.0,1109.0,True
1905,693.0,1109.0,False
1906,336.0,1109.0,True
1907,546.0,1109.0,True
1908,525.0,1109.0,True
1909,504.0,1109.0,False
1910,378.0,1109.0,True
1911,672.0,1109.0,True
1912,525.0,1109.0,False
1913,672.0,1109.0,True
1914,693.0,1109.0,True
1915,693.0,1109.0,False
1916,609.0,1109.0,True
1917,651.0,1109.0,False
1918,672.0,1109.0,True
1919,672.0,1109.0,True
1920,714.0,1109.0,True
1921,651.0,1109.0,True
1922,651.0,1109.0,True
1923,672.0,1109.0,True
1924,672.0,1109.0,True
1925,693.0,1109.0,True
1926,693.0,1109.0,True
1927,609.0,1109.0,True
1928,651.0,1109.0,True
1929,609.0,1109.0,False
1930,651.0,1109.0,True
1931,735.0,1109.0,True
1932,651.0,1109.0,False
1933,756.0,1109.0,False
1934,651.0,1109.0,True
1935,588.0,1109.0,True
1936,378.0,1109.0,False
1937,588.0,1109.0,False
1938,630.0,1109.0,True
1939,630.0,1109.0,True
1940,525.0,1109.0,False
1941,609.0,1109.0,True
1942,630.0,1109.0,True
1943,609.0,1109.0,True
1944,525.0,1109.0,False
1945,630.0,1109.0,True
1946,588.0,1109.0,False
1947,588.0,1109.0,True
1948,672.0,1109.0,True
1949,441.0,1109.0,True
1950,609.0,1109.0,False
1951,483.0,1109.0,True
1952,441.0,1109.0,True
1953,315.0,1109.0,False
1954,399.0,1109.0,True
1955,609.0,1109.0,False
1956,483.0,1109.0,True
1957,630.0,1109.0,False
1958,525.0,1109.0,True
1959,525.0,1109.0,True
1960,399.0,1109.0,True
1961,441.0,1109.0,True
1962,651.0,1109.0,True
1963,630.0,1109.0,True
1964,567.0,1109.0,True
1965,672.0,1109.0,True
1966,609.0,1109.0,True
1967,462.0,1109.0,True
1968,630.0,1109.0,False
1969,693.0,1109.0,False
1970,609.0,1109.0,True
1971,525.0,1109.0,True
1972,504.0,1109.0,True
1973,357.0,1109.0,True
1974,525.0,1109.0,False
1975,588.0,1109.0,False
1976,630.0,1109.0,True
1977,483.0,1109.0,True
1978,399.0,1109.0,False
1979,546.0,1109.0,True
1980,567.0,1109.0,True
1981,588.0,1109.0,True
1982,504.0,1109.0,True
1983,504.0,1109.0,False
1984,546.0,1109.0,True
1985,525.0,1109.0,True
1986,504.0,1109.0,True
1987,672.0,1109.0,True
1988,357.0,1109.0,False
1989,504.0,1109.0,True
1990,525.0,1109.0,True
1991,525.0,1109.0,True
1992,504.0,1109.0,False
1993,441.0,1109.0,True
1994,504.0,1109.0,False
1995,588.0,1109.0,True
1996,609.0,1109.0,True
1997,651.0,1109.0,True
1998,483.0,1109.0,True
1999,546.0,1109.0,True
