0,546.0,546.0,True
1,378.0,546.0,True
2,630.0,630.0,True
3,462.0,630.0,True
4,399.0,630.0,True
5,525.0,630.0,False
6,609.0,630.0,False
7,567.0,630.0,True
8,504.0,630.0,False
9,483.0,630.0,True
10,504.0,630.0,True
11,336.0,630.0,True
12,378.0,630.0,True
13,504.0,630.0,True
14,525.0,630.0,True
15,441.0,630.0,False
16,420.0,630.0,True
17,399.0,630.0,True
18,525.0,630.0,True
19,462.0,630.0,True
20,525.0,630.0,True
21,525.0,630.0,True
22,462.0,630.0,True
23,525.0,630.0,False
24,441.0,630.0,False
25,399.0,630.0,True
26,588.0,630.0,True
27,189.0,630.0,False
28,546.0,630.0,True
29,462.0,630.0,False
30,441.0,630.0,True
31,504.0,630.0,False
32,630.0,630.0,True
33,525.0,630.0,True
34,252.0,630.0,True
35,525.0,630.0,True
36,525.0,630.0,True
37,525.0,630.0,False
38,420.0,630.0,True
39,546.0,630.0,True
40,231.0,630.0,False
41,441.0,630.0,True
42,525.0,630.0,True
43,588.0,630.0,True
44,462.0,630.0,True
45,378.0,630.0,True
46,630.0,630.0,True
47,630.0,630.0,True
48,504.0,630.0,True
49,462.0,630.0,True
50,504.0,630.0,True
51,546.0,630.0,True
52,525.0,630.0,True
53,546.0,630.0,False
54,525.0,630.0,True
55,546.0,630.0,True
56,525.0,630.0,True
57,462.0,630.0,False
58,504.0,630.0,True
59,441.0,630.0,True
60,441.0,630.0,True
61,336.0,630.0,True
62,336.0,630.0,False
63,420.0,630.0,True
64,546.0,630.0,True
65,504.0,630.0,True
66,525.0,630.0,True
67,525.0,630.0,False
68,672.0,672.0,False
69,504.0,672.0,True
70,483.0,672.0,False
71,504.0,672.0,True
72,504.0,672.0,True
73,441.0,672.0,True
74,420.0,672.0,True
75,294.0,672.0,True
76,462.0,672.0,True
77,462.0,672.0,True
78,504.0,672.0,False
79,441.0,672.0,False
80,504.0,672.0,True
81,609.0,672.0,True
82,504.0,672.0,True
83,672.0,672.0,True
84,714.0,714.0,True
85,672.0,714.0,False
86,651.0,714.0,True
87,567.0,714.0,True
88,672.0,714.0,True
89,630.0,714.0,True
90,525.0,714.0,True
91,504.0,714.0,True
92,504.0,714.0,True
93,399.0,714.0,True
94,399.0,714.0,False
95,672.0,714.0,True
96,504.0,714.0,True
97,546.0,714.0,True
98,504.0,714.0,True
99,504.0,714.0,True
100,651.0,714.0,True
101,231.0,714.0,True
102,441.0,714.0,True
103,630.0,714.0,False
104,714.0,714.0,True
105,630.0,714.0,False
106,462.0,714.0,True
107,630.0,714.0,True
108,651.0,714.0,True
109,630.0,714.0,True
110,420.0,714.0,False
111,483.0,714.0,True
112,651.0,714.0,True
113,693.0,714.0,False
114,672.0,714.0,True
115,672.0,714.0,False
116,798.0,798.0,True
117,672.0,798.0,True
118,693.0,798.0,True
119,630.0,798.0,True
120,693.0,798.0,True
121,693.0,798.0,True
122,630.0,798.0,False
123,672.0,798.0,True
124,672.0,798.0,False
125,651.0,798.0,True
126,651.0,798.0,True
127,735.0,798.0,True
128,693.0,798.0,True
129,672.0,798.0,False
130,672.0,798.0,False
131,630.0,798.0,True
132,672.0,798.0,False
133,693.0,798.0,True
134,693.0,798.0,True
135,630.0,798.0,True
136,588.0,798.0,False
137,630.0,798.0,True
138,630.0,798.0,False
139,630.0,798.0,True
140,630.0,798.0,False
141,651.0,798.0,True
142,693.0,798.0,True
143,714.0,798.0,False
144,693.0,798.0,True
145,693.0,798.0,True
146,693.0,798.0,True
147,693.0,798.0,True
148,798.0,798.0,True
149,714.0,798.0,True
150,693.0,798.0,True
151,735.0,798.0,True
152,693.0,798.0,True
153,672.0,798.0,True
154,714.0,798.0,True
155,693.0,798.0,True
156,651.0,798.0,False
157,567.0,798.0,True
158,462.0,798.0,True
159,483.0,798.0,True
160,462.0,798.0,False
161,357.0,798.0,True
162,294.0,798.0,True
163,378.0,798.0,True
164,231.0,798.0,True
165,399.0,798.0,True
166,273.0,798.0,True
167,357.0,798.0,True
168,588.0,798.0,True
169,420.0,798.0,False
170,525.0,798.0,True
171,651.0,798.0,False
172,672.0,798.0,False
173,378.0,798.0,True
174,735.0,798.0,True
175,703.0,798.0,True
176,672.0,798.0,False
177,735.0,798.0,True
178,714.0,798.0,True
179,630.0,798.0,True
180,357.0,798.0,False
181,714.0,798.0,True
182,609.0,798.0,True
183,546.0,798.0,False
184,630.0,798.0,True
185,609.0,798.0,False
186,756.0,798.0,True
187,640.0,798.0,True
188,672.0,798.0,False
189,651.0,798.0,False
190,651.0,798.0,True
191,672.0,798.0,False
192,630.0,798.0,False
193,672.0,798.0,True
194,630.0,798.0,False
195,798.0,798.0,False
196,441.0,798.0,True
197,315.0,798.0,False
198,525.0,798.0,True
199,210.0,798.0,False
200,504.0,798.0,True
201,504.0,798.0,False
202,630.0,798.0,True
203,483.0,798.0,False
204,462.0,798.0,True
205,588.0,798.0,False
206,567.0,798.0,True
207,651.0,798.0,True
208,546.0,798.0,True
209,567.0,798.0,True
210,483.0,798.0,False
211,567.0,798.0,True
212,567.0,798.0,False
213,441.0,798.0,True
214,399.0,798.0,True
215,462.0,798.0,True
216,483.0,798.0,False
217,546.0,798.0,True
218,588.0,798.0,True
219,483.0,798.0,True
220,567.0,798.0,False
221,630.0,798.0,False
222,462.0,798.0,True
223,630.0,798.0,True
224,630.0,798.0,True
225,609.0,798.0,True
226,609.0,798.0,True
227,588.0,798.0,True
228,609.0,798.0,False
229,588.0,798.0,False
230,651.0,798.0,False
231,567.0,798.0,True
232,609.0,798.0,True
233,630.0,798.0,False
234,630.0,798.0,True
235,567.0,798.0,True
236,546.0,798.0,True
237,462.0,798.0,True
238,357.0,798.0,True
239,525.0,798.0,True
240,483.0,798.0,False
241,588.0,798.0,False
242,588.0,798.0,True
243,462.0,798.0,False
244,546.0,798.0,False
245,441.0,798.0,False
246,315.0,798.0,True
247,189.0,798.0,False
248,273.0,798.0,True
249,504.0,798.0,True
250,525.0,798.0,True
251,462.0,798.0,True
252,252.0,798.0,True
253,546.0,798.0,False
254,420.0,798.0,True
255,462.0,798.0,True
256,441.0,798.0,True
257,525.0,798.0,True
258,504.0,798.0,True
259,273.0,798.0,True
260,399.0,798.0,True
261,504.0,798.0,True
262,483.0,798.0,True
263,399.0,798.0,True
264,462.0,798.0,False
265,672.0,798.0,True
266,525.0,798.0,True
267,462.0,798.0,True
268,441.0,798.0,True
269,504.0,798.0,False
270,525.0,798.0,True
271,567.0,798.0,False
272,504.0,798.0,True
273,693.0,798.0,True
274,609.0,798.0,False
275,651.0,798.0,False
276,546.0,798.0,True
277,693.0,798.0,False
278,693.0,798.0,True
279,672.0,798.0,True
280,546.0,798.0,False
281,609.0,798.0,False
282,567.0,798.0,True
283,420.0,798.0,True
284,483.0,798.0,True
285,357.0,798.0,False
286,525.0,798.0,False
287,420.0,798.0,False
288,588.0,798.0,True
289,483.0,798.0,True
290,630.0,798.0,False
291,651.0,798.0,True
292,399.0,798.0,True
293,776.0,798.0,True
294,713.0,798.0,True
295,462.0,798.0,True
296,357.0,798.0,False
297,651.0,798.0,True
298,672.0,798.0,False
299,630.0,798.0,False
300,693.0,798.0,True
301,714.0,798.0,False
302,672.0,798.0,False
303,672.0,798.0,True
304,777.0,798.0,True
305,651.0,798.0,True
306,672.0,798.0,True
307,714.0,798.0,False
308,672.0,798.0,False
309,672.0,798.0,True
310,672.0,798.0,False
311,714.0,798.0,True
312,630.0,798.0,True
313,651.0,798.0,True
314,672.0,798.0,False
315,651.0,798.0,True
316,735.0,798.0,True
317,651.0,798.0,True
318,693.0,798.0,True
319,651.0,798.0,True
320,693.0,798.0,False
321,735.0,798.0,True
322,630.0,798.0,False
323,693.0,798.0,True
324,672.0,798.0,True
325,378.0,798.0,False
326,672.0,798.0,True
327,651.0,798.0,True
328,651.0,798.0,True
329,651.0,798.0,True
330,672.0,798.0,True
331,609.0,798.0,True
332,630.0,798.0,True
333,588.0,798.0,False
334,651.0,798.0,True
335,672.0,798.0,False
336,651.0,798.0,False
337,630.0,798.0,True
338,651.0,798.0,True
339,651.0,798.0,True
340,630.0,798.0,True
341,651.0,798.0,True
342,672.0,798.0,True
343,399.0,798.0,True
344,693.0,798.0,False
345,693.0,798.0,False
346,630.0,798.0,True
347,651.0,798.0,True
348,651.0,798.0,True
349,651.0,798.0,True
350,714.0,798.0,False
351,630.0,798.0,True
352,651.0,798.0,True
353,651.0,798.0,True
354,672.0,798.0,True
355,609.0,798.0,True
356,651.0,798.0,True
357,693.0,798.0,True
358,693.0,798.0,False
359,651.0,798.0,False
360,693.0,798.0,True
361,462.0,798.0,True
362,420.0,798.0,True
363,399.0,798.0,True
364,420.0,798.0,True
365,546.0,798.0,True
366,504.0,798.0,True
367,672.0,798.0,True
368,567.0,798.0,True
369,567.0,798.0,True
370,399.0,798.0,False
371,609.0,798.0,True
372,630.0,798.0,False
373,672.0,798.0,True
374,714.0,798.0,True
375,672.0,798.0,True
376,672.0,798.0,True
377,672.0,798.0,False
378,672.0,798.0,False
379,651.0,798.0,True
380,630.0,798.0,False
381,714.0,798.0,True
382,525.0,798.0,True
383,588.0,798.0,False
384,231.0,798.0,True
385,462.0,798.0,True
386,525.0,798.0,True
387,483.0,798.0,False
388,462.0,798.0,True
389,420.0,798.0,True
390,546.0,798.0,False
391,399.0,798.0,False
392,525.0,798.0,False
393,399.0,798.0,False
394,546.0,798.0,True
395,399.0,798.0,False
396,588.0,798.0,True
397,609.0,798.0,True
398,504.0,798.0,True
399,504.0,798.0,False
400,588.0,798.0,True
401,504.0,798.0,True
402,462.0,798.0,True
403,661.0,798.0,False
404,997.0,997.0,False
405,483.0,997.0,False
406,420.0,997.0,True
407,609.0,997.0,False
408,651.0,997.0,False
409,630.0,997.0,False
410,294.0,997.0,False
411,525.0,997.0,True
412,630.0,997.0,True
413,504.0,997.0,True
414,357.0,997.0,False
415,588.0,997.0,False
416,441.0,997.0,False
417,672.0,997.0,True
418,378.0,997.0,False
419,630.0,997.0,False
420,399.0,997.0,False
421,441.0,997.0,True
422,504.0,997.0,True
423,546.0,997.0,False
424,525.0,997.0,True
425,504.0,997.0,True
426,420.0,997.0,True
427,462.0,997.0,True
428,420.0,997.0,True
429,441.0,997.0,False
430,336.0,997.0,True
431,399.0,997.0,False
432,420.0,997.0,True
433,546.0,997.0,True
434,420.0,997.0,True
435,483.0,997.0,False
436,336.0,997.0,True
437,525.0,997.0,False
438,525.0,997.0,True
439,504.0,997.0,False
440,336.0,997.0,False
441,525.0,997.0,True
442,546.0,997.0,True
443,462.0,997.0,False
444,525.0,997.0,True
445,525.0,997.0,True
446,672.0,997.0,True
447,651.0,997.0,True
448,546.0,997.0,True
449,672.0,997.0,True
450,525.0,997.0,False
451,546.0,997.0,True
452,420.0,997.0,True
453,525.0,997.0,True
454,357.0,997.0,True
455,231.0,997.0,True
456,588.0,997.0,True
457,420.0,997.0,True
458,504.0,997.0,True
459,651.0,997.0,True
460,420.0,997.0,True
461,504.0,997.0,True
462,483.0,997.0,True
463,525.0,997.0,True
464,609.0,997.0,True
465,609.0,997.0,False
466,672.0,997.0,True
467,693.0,997.0,True
468,672.0,997.0,False
469,672.0,997.0,False
470,693.0,997.0,True
471,651.0,997.0,True
472,651.0,997.0,False
473,735.0,997.0,False
474,672.0,997.0,True
475,714.0,997.0,False
476,630.0,997.0,True
477,827.0,997.0,True
478,776.0,997.0,True
479,692.0,997.0,False
480,630.0,997.0,True
481,817.0,997.0,True
482,692.0,997.0,True
483,723.0,997.0,True
484,693.0,997.0,True
485,714.0,997.0,True
486,609.0,997.0,False
487,672.0,997.0,False
488,462.0,997.0,False
489,714.0,997.0,False
490,651.0,997.0,False
491,630.0,997.0,True
492,588.0,997.0,False
493,735.0,997.0,False
494,399.0,997.0,False
495,693.0,997.0,True
496,703.0,997.0,True
497,672.0,997.0,True
498,672.0,997.0,True
499,693.0,997.0,True
500,693.0,997.0,True
501,651.0,997.0,False
502,672.0,997.0,True
503,703.0,997.0,True
504,399.0,997.0,False
505,840.0,997.0,True
506,714.0,997.0,False
507,672.0,997.0,False
508,525.0,997.0,False
509,714.0,997.0,True
510,735.0,997.0,False
511,630.0,997.0,True
512,714.0,997.0,False
513,693.0,997.0,False
514,651.0,997.0,True
515,756.0,997.0,False
516,609.0,997.0,False
517,651.0,997.0,False
518,651.0,997.0,False
519,651.0,997.0,True
520,672.0,997.0,False
521,693.0,997.0,True
522,672.0,997.0,True
523,672.0,997.0,True
524,630.0,997.0,False
525,714.0,997.0,False
526,735.0,997.0,True
527,651.0,997.0,True
528,714.0,997.0,False
529,693.0,997.0,True
530,672.0,997.0,False
531,693.0,997.0,False
532,651.0,997.0,True
533,462.0,997.0,True
534,651.0,997.0,False
535,735.0,997.0,True
536,672.0,997.0,False
537,672.0,997.0,False
538,714.0,997.0,False
539,693.0,997.0,False
540,798.0,997.0,True
541,735.0,997.0,False
542,672.0,997.0,False
543,651.0,997.0,False
544,651.0,997.0,True
545,693.0,997.0,True
546,672.0,997.0,True
547,630.0,997.0,False
548,672.0,997.0,True
549,756.0,997.0,True
550,609.0,997.0,True
551,462.0,997.0,False
552,651.0,997.0,True
553,714.0,997.0,True
554,630.0,997.0,True
555,672.0,997.0,False
556,651.0,997.0,True
557,525.0,997.0,False
558,672.0,997.0,True
559,630.0,997.0,True
560,651.0,997.0,True
561,609.0,997.0,False
562,630.0,997.0,False
563,462.0,997.0,False
564,315.0,997.0,False
565,672.0,997.0,True
566,630.0,997.0,True
567,630.0,997.0,True
568,420.0,997.0,False
569,630.0,997.0,True
570,567.0,997.0,True
571,630.0,997.0,False
572,546.0,997.0,False
573,630.0,997.0,False
574,630.0,997.0,True
575,504.0,997.0,False
576,672.0,997.0,True
577,588.0,997.0,True
578,609.0,997.0,False
579,546.0,997.0,True
580,630.0,997.0,True
581,462.0,997.0,True
582,525.0,997.0,True
583,378.0,997.0,True
584,525.0,997.0,True
585,462.0,997.0,True
586,609.0,997.0,True
587,546.0,997.0,True
588,504.0,997.0,True
589,504.0,997.0,True
590,462.0,997.0,False
591,504.0,997.0,True
592,525.0,997.0,True
593,399.0,997.0,True
594,630.0,997.0,False
595,567.0,997.0,True
596,336.0,997.0,True
597,504.0,997.0,True
598,462.0,997.0,False
599,630.0,997.0,True
600,546.0,997.0,False
601,504.0,997.0,False
602,525.0,997.0,True
603,588.0,997.0,True
604,630.0,997.0,True
605,588.0,997.0,False
606,504.0,997.0,False
607,525.0,997.0,False
608,378.0,997.0,True
609,525.0,997.0,True
610,756.0,997.0,False
611,735.0,997.0,False
612,672.0,997.0,False
613,714.0,997.0,False
614,651.0,997.0,True
615,693.0,997.0,False
616,693.0,997.0,True
617,693.0,997.0,True
618,693.0,997.0,True
619,672.0,997.0,False
620,693.0,997.0,True
621,651.0,997.0,False
622,693.0,997.0,True
623,735.0,997.0,False
624,672.0,997.0,False
625,588.0,997.0,False
626,777.0,997.0,False
627,693.0,997.0,True
628,672.0,997.0,True
629,735.0,997.0,False
630,714.0,997.0,True
631,651.0,997.0,False
632,714.0,997.0,False
633,756.0,997.0,True
634,672.0,997.0,False
635,714.0,997.0,True
636,672.0,997.0,False
637,756.0,997.0,False
638,714.0,997.0,True
639,693.0,997.0,False
640,693.0,997.0,True
641,693.0,997.0,True
642,777.0,997.0,False
643,693.0,997.0,True
644,651.0,997.0,False
645,630.0,997.0,False
646,630.0,997.0,False
647,672.0,997.0,False
648,735.0,997.0,True
649,651.0,997.0,True
650,735.0,997.0,True
651,672.0,997.0,False
652,756.0,997.0,False
653,672.0,997.0,False
654,714.0,997.0,True
655,672.0,997.0,False
656,714.0,997.0,True
657,672.0,997.0,True
658,756.0,997.0,True
659,651.0,997.0,True
660,672.0,997.0,False
661,651.0,997.0,True
662,630.0,997.0,True
663,651.0,997.0,False
664,744.0,997.0,True
665,798.0,997.0,True
666,777.0,997.0,True
667,693.0,997.0,False
668,756.0,997.0,False
669,672.0,997.0,False
670,672.0,997.0,False
671,735.0,997.0,True
672,693.0,997.0,True
673,756.0,997.0,False
674,693.0,997.0,True
675,714.0,997.0,False
676,672.0,997.0,False
677,651.0,997.0,False
678,756.0,997.0,True
679,672.0,997.0,False
680,693.0,997.0,True
681,672.0,997.0,True
682,651.0,997.0,False
683,693.0,997.0,True
684,819.0,997.0,False
685,756.0,997.0,False
686,483.0,997.0,False
687,672.0,997.0,False
688,714.0,997.0,True
689,672.0,997.0,False
690,672.0,997.0,True
691,672.0,997.0,True
692,756.0,997.0,False
693,714.0,997.0,True
694,735.0,997.0,False
695,756.0,997.0,True
696,609.0,997.0,True
697,651.0,997.0,False
698,546.0,997.0,False
699,630.0,997.0,True
700,525.0,997.0,True
701,672.0,997.0,True
702,546.0,997.0,False
703,651.0,997.0,True
704,462.0,997.0,False
705,630.0,997.0,False
706,546.0,997.0,False
707,504.0,997.0,True
708,525.0,997.0,True
709,609.0,997.0,True
710,462.0,997.0,True
711,462.0,997.0,True
712,504.0,997.0,True
713,462.0,997.0,False
714,525.0,997.0,True
715,525.0,997.0,False
716,504.0,997.0,True
717,546.0,997.0,False
718,588.0,997.0,False
719,525.0,997.0,True
720,546.0,997.0,True
721,609.0,997.0,False
722,525.0,997.0,True
723,525.0,997.0,True
724,504.0,997.0,True
725,483.0,997.0,False
726,462.0,997.0,True
727,504.0,997.0,True
728,525.0,997.0,True
729,399.0,997.0,True
730,630.0,997.0,True
731,504.0,997.0,True
732,672.0,997.0,False
733,630.0,997.0,False
734,588.0,997.0,True
735,504.0,997.0,True
736,462.0,997.0,True
737,504.0,997.0,True
738,399.0,997.0,True
739,504.0,997.0,True
740,462.0,997.0,True
741,588.0,997.0,True
742,504.0,997.0,True
743,504.0,997.0,False
744,504.0,997.0,True
745,525.0,997.0,True
746,504.0,997.0,False
747,609.0,997.0,True
748,504.0,997.0,True
749,462.0,997.0,False
750,504.0,997.0,True
751,546.0,997.0,True
752,378.0,997.0,True
753,420.0,997.0,True
754,567.0,997.0,True
755,483.0,997.0,True
756,378.0,997.0,True
757,567.0,997.0,True
758,441.0,997.0,True
759,504.0,997.0,True
760,567.0,997.0,True
761,546.0,997.0,True
762,504.0,997.0,False
763,672.0,997.0,False
764,546.0,997.0,True
765,462.0,997.0,True
766,504.0,997.0,True
767,462.0,997.0,True
768,672.0,997.0,True
769,546.0,997.0,False
770,630.0,997.0,True
771,273.0,997.0,True
772,504.0,997.0,False
773,546.0,997.0,True
774,357.0,997.0,True
775,525.0,997.0,True
776,546.0,997.0,True
777,504.0,997.0,True
778,462.0,997.0,True
779,504.0,997.0,True
780,525.0,997.0,True
781,483.0,997.0,True
782,525.0,997.0,True
783,399.0,997.0,False
784,546.0,997.0,False
785,399.0,997.0,True
786,504.0,997.0,False
787,525.0,997.0,True
788,483.0,997.0,True
789,672.0,997.0,True
790,630.0,997.0,True
791,609.0,997.0,False
792,756.0,997.0,True
793,672.0,997.0,True
794,651.0,997.0,False
795,609.0,997.0,False
796,714.0,997.0,True
797,546.0,997.0,False
798,588.0,997.0,True
799,672.0,997.0,True
800,756.0,997.0,True
801,483.0,997.0,True
802,462.0,997.0,True
803,399.0,997.0,True
804,399.0,997.0,True
805,546.0,997.0,True
806,462.0,997.0,False
807,525.0,997.0,True
808,462.0,997.0,True
809,525.0,997.0,True
810,399.0,997.0,True
811,315.0,997.0,True
812,168.0,997.0,True
813,420.0,997.0,True
814,567.0,997.0,True
815,483.0,997.0,True
816,546.0,997.0,True
817,504.0,997.0,True
818,609.0,997.0,True
819,441.0,997.0,True
820,504.0,997.0,False
821,483.0,997.0,True
822,462.0,997.0,True
823,525.0,997.0,False
824,462.0,997.0,False
825,630.0,997.0,True
826,483.0,997.0,False
827,483.0,997.0,False
828,420.0,997.0,True
829,588.0,997.0,True
830,420.0,997.0,True
831,525.0,997.0,True
832,315.0,997.0,True
833,588.0,997.0,False
834,525.0,997.0,True
835,504.0,997.0,True
836,567.0,997.0,False
837,420.0,997.0,False
838,483.0,997.0,True
839,420.0,997.0,False
840,504.0,997.0,False
841,462.0,997.0,True
842,651.0,997.0,True
843,651.0,997.0,True
844,504.0,997.0,True
845,483.0,997.0,True
846,504.0,997.0,False
847,693.0,997.0,True
848,672.0,997.0,True
849,651.0,997.0,True
850,525.0,997.0,False
851,420.0,997.0,True
852,483.0,997.0,True
853,399.0,997.0,True
854,504.0,997.0,True
855,525.0,997.0,True
856,546.0,997.0,True
857,525.0,997.0,False
858,420.0,997.0,True
859,525.0,997.0,False
860,504.0,997.0,False
861,504.0,997.0,True
862,546.0,997.0,True
863,420.0,997.0,False
864,525.0,997.0,True
865,462.0,997.0,True
866,399.0,997.0,True
867,441.0,997.0,True
868,546.0,997.0,True
869,399.0,997.0,True
870,525.0,997.0,True
871,546.0,997.0,False
872,462.0,997.0,True
873,357.0,997.0,True
874,378.0,997.0,False
875,672.0,997.0,True
876,399.0,997.0,True
877,525.0,997.0,True
878,525.0,997.0,True
879,630.0,997.0,True
880,504.0,997.0,False
881,504.0,997.0,True
882,735.0,997.0,True
883,609.0,997.0,True
884,630.0,997.0,True
885,504.0,997.0,True
886,525.0,997.0,True
887,420.0,997.0,True
888,546.0,997.0,True
889,462.0,997.0,False
890,399.0,997.0,True
891,546.0,997.0,True
892,693.0,997.0,True
893,378.0,997.0,False
894,483.0,997.0,True
895,567.0,997.0,False
896,651.0,997.0,True
897,546.0,997.0,False
898,525.0,997.0,True
899,441.0,997.0,True
900,567.0,997.0,True
901,630.0,997.0,False
902,630.0,997.0,False
903,630.0,997.0,True
904,651.0,997.0,True
905,651.0,997.0,True
906,546.0,997.0,True
907,462.0,997.0,True
908,588.0,997.0,False
909,525.0,997.0,True
910,483.0,997.0,True
911,672.0,997.0,False
912,441.0,997.0,True
913,630.0,997.0,False
914,525.0,997.0,False
915,504.0,997.0,True
916,525.0,997.0,True
917,525.0,997.0,True
918,651.0,997.0,True
919,483.0,997.0,True
920,567.0,997.0,True
921,441.0,997.0,True
922,504.0,997.0,True
923,630.0,997.0,True
924,420.0,997.0,True
925,651.0,997.0,True
926,462.0,997.0,True
927,525.0,997.0,False
928,504.0,997.0,True
929,588.0,997.0,True
930,504.0,997.0,True
931,651.0,997.0,False
932,609.0,997.0,True
933,441.0,997.0,True
934,630.0,997.0,True
935,441.0,997.0,True
936,693.0,997.0,True
937,672.0,997.0,True
938,609.0,997.0,False
939,567.0,997.0,True
940,609.0,997.0,False
941,504.0,997.0,False
942,483.0,997.0,True
943,609.0,997.0,False
944,399.0,997.0,True
945,588.0,997.0,True
946,504.0,997.0,True
947,504.0,997.0,True
948,525.0,997.0,False
949,546.0,997.0,True
950,567.0,997.0,True
951,651.0,997.0,False
952,672.0,997.0,False
953,609.0,997.0,False
954,609.0,997.0,True
955,693.0,997.0,True
956,693.0,997.0,True
957,630.0,997.0,False
958,546.0,997.0,False
959,693.0,997.0,False
960,651.0,997.0,False
961,672.0,997.0,True
962,672.0,997.0,True
963,693.0,997.0,False
964,609.0,997.0,False
965,672.0,997.0,True
966,693.0,997.0,False
967,567.0,997.0,False
968,714.0,997.0,True
969,462.0,997.0,False
970,630.0,997.0,True
971,294.0,997.0,False
972,567.0,997.0,True
973,672.0,997.0,True
974,378.0,997.0,True
975,588.0,997.0,True
976,315.0,997.0,True
977,420.0,997.0,True
978,525.0,997.0,False
979,189.0,997.0,False
980,462.0,997.0,True
981,399.0,997.0,True
982,399.0,997.0,True
983,378.0,997.0,True
984,588.0,997.0,True
985,441.0,997.0,False
986,462.0,997.0,True
987,462.0,997.0,False
988,441.0,997.0,True
989,546.0,997.0,True
990,567.0,997.0,True
991,630.0,997.0,False
992,630.0,997.0,True
993,672.0,997.0,True
994,630.0,997.0,False
995,525.0,997.0,True
996,525.0,997.0,False
997,525.0,997.0,True
998,399.0,997.0,False
999,525.0,997.0,True
1000,504.0,997.0,True
1001,588.0,997.0,True
1002,525.0,997.0,True
1003,525.0,997.0,True
1004,567.0,997.0,True
1005,567.0,997.0,True
1006,588.0,997.0,True
1007,525.0,997.0,True
1008,483.0,997.0,True
1009,672.0,997.0,True
1010,399.0,997.0,True
1011,567.0,997.0,True
1012,567.0,997.0,False
1013,672.0,997.0,False
1014,651.0,997.0,True
1015,651.0,997.0,False
1016,714.0,997.0,True
1017,693.0,997.0,True
1018,756.0,997.0,False
1019,588.0,997.0,False
1020,546.0,997.0,True
1021,693.0,997.0,False
1022,693.0,997.0,False
1023,567.0,997.0,True
1024,231.0,997.0,True
1025,651.0,997.0,True
1026,735.0,997.0,False
1027,714.0,997.0,False
1028,735.0,997.0,True
1029,651.0,997.0,True
1030,693.0,997.0,False
1031,630.0,997.0,True
1032,714.0,997.0,True
1033,756.0,997.0,False
1034,588.0,997.0,True
1035,399.0,997.0,True
1036,399.0,997.0,True
1037,420.0,997.0,True
1038,609.0,997.0,True
1039,525.0,997.0,True
1040,504.0,997.0,True
1041,546.0,997.0,True
1042,336.0,997.0,False
1043,546.0,997.0,True
1044,525.0,997.0,True
1045,672.0,997.0,True
1046,525.0,997.0,True
1047,651.0,997.0,True
1048,588.0,997.0,True
1049,462.0,997.0,True
1050,588.0,997.0,False
1051,504.0,997.0,True
1052,441.0,997.0,True
1053,504.0,997.0,False
1054,525.0,997.0,True
1055,609.0,997.0,False
1056,462.0,997.0,False
1057,294.0,997.0,True
1058,252.0,997.0,False
1059,231.0,997.0,False
1060,525.0,997.0,True
1061,672.0,997.0,False
1062,504.0,997.0,True
1063,504.0,997.0,False
1064,441.0,997.0,False
1065,504.0,997.0,True
1066,336.0,997.0,True
1067,504.0,997.0,True
1068,504.0,997.0,True
1069,399.0,997.0,False
1070,504.0,997.0,False
1071,420.0,997.0,False
1072,504.0,997.0,False
1073,504.0,997.0,True
1074,441.0,997.0,True
1075,630.0,997.0,True
1076,420.0,997.0,True
1077,609.0,997.0,True
1078,546.0,997.0,True
1079,399.0,997.0,True
1080,588.0,997.0,True
1081,525.0,997.0,True
1082,504.0,997.0,True
1083,462.0,997.0,True
1084,525.0,997.0,True
1085,609.0,997.0,True
1086,672.0,997.0,True
1087,420.0,997.0,True
1088,378.0,997.0,False
1089,420.0,997.0,False
1090,378.0,997.0,True
1091,420.0,997.0,False
1092,420.0,997.0,True
1093,441.0,997.0,True
1094,630.0,997.0,True
1095,693.0,997.0,False
1096,630.0,997.0,False
1097,630.0,997.0,False
1098,525.0,997.0,False
1099,714.0,997.0,True
1100,651.0,997.0,False
1101,693.0,997.0,True
1102,630.0,997.0,True
1103,651.0,997.0,False
1104,714.0,997.0,False
1105,651.0,997.0,False
1106,525.0,997.0,False
1107,630.0,997.0,False
1108,630.0,997.0,False
1109,672.0,997.0,True
1110,651.0,997.0,False
1111,672.0,997.0,False
1112,483.0,997.0,False
1113,651.0,997.0,True
1114,630.0,997.0,True
1115,609.0,997.0,False
1116,651.0,997.0,False
1117,693.0,997.0,True
1118,630.0,997.0,False
1119,630.0,997.0,False
1120,630.0,997.0,False
1121,525.0,997.0,False
1122,672.0,997.0,True
1123,630.0,997.0,False
1124,609.0,997.0,False
1125,672.0,997.0,True
1126,693.0,997.0,True
1127,420.0,997.0,False
1128,672.0,997.0,False
1129,693.0,997.0,True
1130,630.0,997.0,False
1131,441.0,997.0,False
1132,756.0,997.0,True
1133,651.0,997.0,False
1134,735.0,997.0,True
1135,651.0,997.0,True
1136,588.0,997.0,False
1137,714.0,997.0,True
1138,651.0,997.0,False
1139,693.0,997.0,True
1140,651.0,997.0,True
1141,630.0,997.0,True
1142,609.0,997.0,True
1143,693.0,997.0,True
1144,630.0,997.0,False
1145,630.0,997.0,False
1146,546.0,997.0,False
1147,714.0,997.0,False
1148,651.0,997.0,True
1149,189.0,997.0,False
1150,672.0,997.0,False
1151,630.0,997.0,True
1152,672.0,997.0,True
1153,693.0,997.0,True
1154,525.0,997.0,False
1155,168.0,997.0,True
1156,630.0,997.0,True
1157,609.0,997.0,False
1158,651.0,997.0,False
1159,609.0,997.0,False
1160,630.0,997.0,False
1161,672.0,997.0,True
1162,672.0,997.0,False
1163,504.0,997.0,True
1164,651.0,997.0,True
1165,588.0,997.0,True
1166,672.0,997.0,False
1167,651.0,997.0,False
1168,672.0,997.0,True
1169,693.0,997.0,False
1170,651.0,997.0,False
1171,693.0,997.0,False
1172,714.0,997.0,False
1173,525.0,997.0,True
1174,630.0,997.0,False
1175,525.0,997.0,True
1176,651.0,997.0,True
1177,252.0,997.0,False
1178,630.0,997.0,True
1179,462.0,997.0,False
1180,630.0,997.0,True
1181,315.0,997.0,False
1182,399.0,997.0,False
1183,462.0,997.0,True
1184,504.0,997.0,True
1185,525.0,997.0,True
1186,357.0,997.0,True
1187,546.0,997.0,True
1188,525.0,997.0,False
1189,462.0,997.0,False
1190,525.0,997.0,False
1191,462.0,997.0,True
1192,504.0,997.0,True
1193,462.0,997.0,False
1194,672.0,997.0,True
1195,672.0,997.0,True
1196,651.0,997.0,True
1197,504.0,997.0,False
1198,630.0,997.0,False
1199,630.0,997.0,True
1200,504.0,997.0,False
1201,504.0,997.0,True
1202,399.0,997.0,True
1203,546.0,997.0,True
1204,378.0,997.0,True
1205,168.0,997.0,True
1206,189.0,997.0,True
1207,189.0,997.0,True
1208,504.0,997.0,True
1209,504.0,997.0,True
1210,399.0,997.0,True
1211,504.0,997.0,False
1212,525.0,997.0,True
1213,504.0,997.0,False
1214,567.0,997.0,True
1215,462.0,997.0,True
1216,399.0,997.0,False
1217,462.0,997.0,False
1218,630.0,997.0,True
1219,588.0,997.0,True
1220,588.0,997.0,True
1221,441.0,997.0,True
1222,357.0,997.0,True
1223,420.0,997.0,True
1224,462.0,997.0,False
1225,546.0,997.0,False
1226,546.0,997.0,True
1227,483.0,997.0,True
1228,567.0,997.0,True
1229,546.0,997.0,True
1230,525.0,997.0,True
1231,504.0,997.0,False
1232,588.0,997.0,True
1233,504.0,997.0,True
1234,567.0,997.0,True
1235,504.0,997.0,True
1236,525.0,997.0,False
1237,462.0,997.0,True
1238,525.0,997.0,False
1239,546.0,997.0,True
1240,504.0,997.0,True
1241,462.0,997.0,True
1242,546.0,997.0,True
1243,504.0,997.0,True
1244,525.0,997.0,False
1245,441.0,997.0,True
1246,525.0,997.0,True
1247,441.0,997.0,False
1248,525.0,997.0,False
1249,525.0,997.0,True
1250,525.0,997.0,True
1251,588.0,997.0,True
1252,462.0,997.0,False
1253,630.0,997.0,True
1254,525.0,997.0,True
1255,483.0,997.0,True
1256,504.0,997.0,True
1257,378.0,997.0,True
1258,462.0,997.0,True
1259,420.0,997.0,False
1260,672.0,997.0,False
1261,630.0,997.0,True
1262,462.0,997.0,False
1263,588.0,997.0,False
1264,525.0,997.0,True
1265,399.0,997.0,True
1266,504.0,997.0,True
1267,462.0,997.0,True
1268,504.0,997.0,False
1269,525.0,997.0,True
1270,588.0,997.0,True
1271,504.0,997.0,True
1272,672.0,997.0,False
1273,546.0,997.0,True
1274,525.0,997.0,True
1275,504.0,997.0,True
1276,672.0,997.0,True
1277,336.0,997.0,True
1278,588.0,997.0,False
1279,525.0,997.0,True
1280,420.0,997.0,True
1281,462.0,997.0,False
1282,336.0,997.0,False
1283,462.0,997.0,False
1284,357.0,997.0,False
1285,483.0,997.0,True
1286,525.0,997.0,True
1287,420.0,997.0,False
1288,504.0,997.0,True
1289,588.0,997.0,True
1290,588.0,997.0,False
1291,546.0,997.0,True
1292,525.0,997.0,True
1293,420.0,997.0,True
1294,546.0,997.0,True
1295,462.0,997.0,False
1296,735.0,997.0,True
1297,504.0,997.0,False
1298,504.0,997.0,True
1299,630.0,997.0,True
1300,567.0,997.0,False
1301,525.0,997.0,True
1302,525.0,997.0,True
1303,504.0,997.0,False
1304,525.0,997.0,True
1305,378.0,997.0,True
1306,546.0,997.0,True
1307,336.0,997.0,True
1308,672.0,997.0,True
1309,609.0,997.0,True
1310,504.0,997.0,True
1311,525.0,997.0,True
1312,546.0,997.0,True
1313,462.0,997.0,True
1314,525.0,997.0,True
1315,420.0,997.0,True
1316,399.0,997.0,True
1317,630.0,997.0,False
1318,504.0,997.0,True
1319,462.0,997.0,True
1320,462.0,997.0,True
1321,462.0,997.0,True
1322,567.0,997.0,True
1323,525.0,997.0,True
1324,462.0,997.0,False
1325,441.0,997.0,True
1326,588.0,997.0,True
1327,588.0,997.0,False
1328,525.0,997.0,True
1329,504.0,997.0,False
1330,399.0,997.0,False
1331,567.0,997.0,True
1332,567.0,997.0,True
1333,525.0,997.0,True
1334,378.0,997.0,True
1335,525.0,997.0,False
1336,609.0,997.0,True
1337,462.0,997.0,False
1338,567.0,997.0,True
1339,462.0,997.0,True
1340,504.0,997.0,True
1341,462.0,997.0,True
1342,567.0,997.0,True
1343,357.0,997.0,False
1344,567.0,997.0,True
1345,504.0,997.0,True
1346,630.0,997.0,False
1347,525.0,997.0,True
1348,588.0,997.0,True
1349,504.0,997.0,True
1350,462.0,997.0,True
1351,504.0,997.0,True
1352,651.0,997.0,True
1353,651.0,997.0,False
1354,609.0,997.0,False
1355,651.0,997.0,True
1356,441.0,997.0,True
1357,546.0,997.0,True
1358,483.0,997.0,True
1359,567.0,997.0,True
1360,609.0,997.0,True
1361,588.0,997.0,False
1362,651.0,997.0,True
1363,651.0,997.0,True
1364,630.0,997.0,True
1365,693.0,997.0,True
1366,777.0,997.0,True
1367,651.0,997.0,False
1368,567.0,997.0,False
1369,651.0,997.0,False
1370,651.0,997.0,True
1371,693.0,997.0,False
1372,630.0,997.0,True
1373,546.0,997.0,True
1374,588.0,997.0,False
1375,441.0,997.0,True
1376,462.0,997.0,True
1377,399.0,997.0,True
1378,672.0,997.0,True
1379,525.0,997.0,True
1380,441.0,997.0,True
1381,378.0,997.0,True
1382,525.0,997.0,True
1383,462.0,997.0,True
1384,609.0,997.0,True
1385,525.0,997.0,True
1386,504.0,997.0,True
1387,504.0,997.0,True
1388,483.0,997.0,True
1389,609.0,997.0,True
1390,315.0,997.0,True
1391,441.0,997.0,False
1392,441.0,997.0,True
1393,525.0,997.0,True
1394,693.0,997.0,True
1395,798.0,997.0,True
1396,672.0,997.0,True
1397,672.0,997.0,False
1398,693.0,997.0,True
1399,483.0,997.0,False
1400,693.0,997.0,True
1401,672.0,997.0,True
1402,504.0,997.0,False
1403,693.0,997.0,False
1404,546.0,997.0,False
1405,672.0,997.0,True
1406,672.0,997.0,True
1407,714.0,997.0,False
1408,651.0,997.0,False
1409,672.0,997.0,True
1410,651.0,997.0,True
1411,441.0,997.0,True
1412,672.0,997.0,True
1413,420.0,997.0,False
1414,672.0,997.0,True
1415,630.0,997.0,True
1416,357.0,997.0,True
1417,651.0,997.0,True
1418,189.0,997.0,True
1419,294.0,997.0,False
1420,546.0,997.0,True
1421,525.0,997.0,False
1422,357.0,997.0,True
1423,462.0,997.0,True
1424,420.0,997.0,True
1425,672.0,997.0,True
1426,693.0,997.0,True
1427,651.0,997.0,True
1428,630.0,997.0,False
1429,630.0,997.0,True
1430,672.0,997.0,True
1431,672.0,997.0,True
1432,630.0,997.0,True
1433,693.0,997.0,True
1434,651.0,997.0,True
1435,630.0,997.0,True
1436,630.0,997.0,True
1437,693.0,997.0,True
1438,640.0,997.0,False
1439,735.0,997.0,False
1440,672.0,997.0,True
1441,630.0,997.0,True
1442,693.0,997.0,True
1443,546.0,997.0,True
1444,504.0,997.0,True
1445,546.0,997.0,False
1446,609.0,997.0,True
1447,420.0,997.0,False
1448,588.0,997.0,True
1449,462.0,997.0,True
1450,462.0,997.0,True
1451,357.0,997.0,False
1452,525.0,997.0,True
1453,441.0,997.0,True
1454,504.0,997.0,True
1455,441.0,997.0,True
1456,525.0,997.0,True
1457,525.0,997.0,True
1458,525.0,997.0,False
1459,504.0,997.0,False
1460,462.0,997.0,True
1461,651.0,997.0,False
1462,504.0,997.0,True
1463,525.0,997.0,True
1464,420.0,997.0,True
1465,525.0,997.0,False
1466,483.0,997.0,True
1467,525.0,997.0,False
1468,504.0,997.0,False
1469,483.0,997.0,True
1470,504.0,997.0,True
1471,630.0,997.0,False
1472,525.0,997.0,True
1473,588.0,997.0,True
1474,672.0,997.0,False
1475,336.0,997.0,False
1476,546.0,997.0,False
1477,630.0,997.0,True
1478,525.0,997.0,True
1479,546.0,997.0,False
1480,441.0,997.0,True
1481,504.0,997.0,True
1482,525.0,997.0,True
1483,525.0,997.0,True
1484,546.0,997.0,True
1485,525.0,997.0,True
1486,420.0,997.0,True
1487,630.0,997.0,True
1488,399.0,997.0,True
1489,336.0,997.0,False
1490,504.0,997.0,True
1491,525.0,997.0,True
1492,483.0,997.0,True
1493,525.0,997.0,True
1494,483.0,997.0,True
1495,441.0,997.0,False
1496,504.0,997.0,False
1497,609.0,997.0,True
1498,399.0,997.0,False
1499,567.0,997.0,False
1500,525.0,997.0,False
1501,588.0,997.0,True
1502,567.0,997.0,False
1503,420.0,997.0,True
1504,504.0,997.0,True
1505,399.0,997.0,True
1506,630.0,997.0,False
1507,525.0,997.0,True
1508,420.0,997.0,False
1509,441.0,997.0,True
1510,525.0,997.0,True
1511,525.0,997.0,True
1512,420.0,997.0,True
1513,462.0,997.0,True
1514,525.0,997.0,False
1515,357.0,997.0,True
1516,399.0,997.0,False
1517,504.0,997.0,True
1518,483.0,997.0,True
1519,567.0,997.0,False
1520,399.0,997.0,False
1521,462.0,997.0,True
1522,525.0,997.0,False
1523,504.0,997.0,True
1524,546.0,997.0,True
1525,504.0,997.0,True
1526,462.0,997.0,True
1527,525.0,997.0,True
1528,441.0,997.0,True
1529,630.0,997.0,True
1530,504.0,997.0,True
1531,630.0,997.0,True
1532,504.0,997.0,True
1533,525.0,997.0,True
1534,399.0,997.0,False
1535,462.0,997.0,True
1536,399.0,997.0,False
1537,546.0,997.0,True
1538,441.0,997.0,True
1539,504.0,997.0,True
1540,399.0,997.0,False
1541,588.0,997.0,False
1542,378.0,997.0,True
1543,399.0,997.0,True
1544,462.0,997.0,True
1545,672.0,997.0,True
1546,525.0,997.0,True
1547,546.0,997.0,True
1548,462.0,997.0,True
1549,525.0,997.0,True
1550,525.0,997.0,True
1551,630.0,997.0,True
1552,661.0,997.0,True
1553,640.0,997.0,False
1554,630.0,997.0,False
1555,399.0,997.0,True
1556,672.0,997.0,True
1557,168.0,997.0,False
1558,723.0,997.0,False
1559,796.0,997.0,False
1560,651.0,997.0,True
1561,650.0,997.0,True
1562,189.0,997.0,True
1563,630.0,997.0,True
1564,661.0,997.0,False
1565,546.0,997.0,False
1566,702.0,997.0,True
1567,567.0,997.0,False
1568,630.0,997.0,True
1569,640.0,997.0,True
1570,441.0,997.0,False
1571,336.0,997.0,False
1572,336.0,997.0,False
1573,399.0,997.0,True
1574,650.0,997.0,False
1575,650.0,997.0,False
1576,640.0,997.0,False
1577,630.0,997.0,True
1578,588.0,997.0,True
1579,630.0,997.0,False
1580,630.0,997.0,True
1581,315.0,997.0,True
1582,399.0,997.0,False
1583,273.0,997.0,True
1584,336.0,997.0,False
1585,294.0,997.0,False
1586,336.0,997.0,True
1587,357.0,997.0,True
1588,294.0,997.0,False
1589,357.0,997.0,True
1590,273.0,997.0,False
1591,399.0,997.0,True
1592,294.0,997.0,False
1593,504.0,997.0,True
1594,462.0,997.0,False
1595,546.0,997.0,True
1596,462.0,997.0,False
1597,525.0,997.0,False
1598,504.0,997.0,True
1599,504.0,997.0,True
1600,525.0,997.0,False
1601,525.0,997.0,False
1602,399.0,997.0,True
1603,483.0,997.0,False
1604,525.0,997.0,False
1605,441.0,997.0,True
1606,504.0,997.0,True
1607,462.0,997.0,True
1608,462.0,997.0,True
1609,609.0,997.0,True
1610,525.0,997.0,True
1611,546.0,997.0,True
1612,189.0,997.0,False
1613,567.0,997.0,True
1614,420.0,997.0,True
1615,420.0,997.0,False
1616,399.0,997.0,False
1617,525.0,997.0,True
1618,483.0,997.0,False
1619,672.0,997.0,False
1620,609.0,997.0,False
1621,420.0,997.0,False
1622,651.0,997.0,True
1623,357.0,997.0,True
1624,483.0,997.0,True
1625,399.0,997.0,False
1626,462.0,997.0,True
1627,525.0,997.0,False
1628,525.0,997.0,True
1629,546.0,997.0,True
1630,525.0,997.0,True
1631,504.0,997.0,False
1632,441.0,997.0,False
1633,525.0,997.0,True
1634,399.0,997.0,True
1635,420.0,997.0,False
1636,462.0,997.0,False
1637,588.0,997.0,False
1638,504.0,997.0,True
1639,651.0,997.0,False
1640,609.0,997.0,True
1641,357.0,997.0,True
1642,336.0,997.0,False
1643,504.0,997.0,True
1644,462.0,997.0,True
1645,651.0,997.0,True
1646,462.0,997.0,True
1647,546.0,997.0,False
1648,525.0,997.0,True
1649,399.0,997.0,False
1650,399.0,997.0,True
1651,525.0,997.0,True
1652,525.0,997.0,True
1653,672.0,997.0,True
1654,546.0,997.0,False
1655,672.0,997.0,True
1656,609.0,997.0,False
1657,651.0,997.0,True
1658,525.0,997.0,True
1659,525.0,997.0,False
1660,525.0,997.0,False
1661,462.0,997.0,True
1662,651.0,997.0,True
1663,630.0,997.0,True
1664,630.0,997.0,True
1665,651.0,997.0,False
1666,588.0,997.0,False
1667,630.0,997.0,True
1668,651.0,997.0,False
1669,672.0,997.0,True
1670,651.0,997.0,False
1671,651.0,997.0,True
1672,672.0,997.0,True
1673,630.0,997.0,False
1674,756.0,997.0,True
1675,714.0,997.0,True
1676,714.0,997.0,True
1677,672.0,997.0,False
1678,693.0,997.0,False
1679,651.0,997.0,True
1680,441.0,997.0,False
1681,378.0,997.0,True
1682,420.0,997.0,True
1683,567.0,997.0,True
1684,399.0,997.0,True
1685,378.0,997.0,True
1686,399.0,997.0,True
1687,399.0,997.0,True
1688,630.0,997.0,True
1689,441.0,997.0,True
1690,483.0,997.0,False
1691,462.0,997.0,True
1692,588.0,997.0,True
1693,630.0,997.0,False
1694,567.0,997.0,True
1695,420.0,997.0,False
1696,525.0,997.0,False
1697,462.0,997.0,True
1698,546.0,997.0,False
1699,630.0,997.0,True
1700,630.0,997.0,True
1701,651.0,997.0,False
1702,630.0,997.0,False
1703,462.0,997.0,False
1704,672.0,997.0,False
1705,609.0,997.0,False
1706,672.0,997.0,True
1707,630.0,997.0,False
1708,651.0,997.0,True
1709,651.0,997.0,False
1710,651.0,997.0,True
1711,630.0,997.0,False
1712,630.0,997.0,True
1713,630.0,997.0,True
1714,651.0,997.0,False
1715,336.0,997.0,True
1716,441.0,997.0,False
1717,525.0,997.0,True
1718,483.0,997.0,True
1719,420.0,997.0,False
1720,441.0,997.0,True
1721,420.0,997.0,True
1722,630.0,997.0,True
1723,630.0,997.0,True
1724,525.0,997.0,True
1725,504.0,997.0,True
1726,504.0,997.0,True
1727,546.0,997.0,False
1728,525.0,997.0,True
1729,420.0,997.0,True
1730,483.0,997.0,False
1731,504.0,997.0,True
1732,546.0,997.0,True
1733,441.0,997.0,False
1734,420.0,997.0,False
1735,504.0,997.0,True
1736,588.0,997.0,True
1737,567.0,997.0,True
1738,651.0,997.0,False
1739,378.0,997.0,True
1740,651.0,997.0,True
1741,672.0,997.0,True
1742,504.0,997.0,True
1743,567.0,997.0,True
1744,651.0,997.0,True
1745,630.0,997.0,True
1746,567.0,997.0,False
1747,420.0,997.0,False
1748,399.0,997.0,False
1749,462.0,997.0,True
1750,588.0,997.0,True
1751,672.0,997.0,True
1752,609.0,997.0,True
1753,441.0,997.0,True
1754,441.0,997.0,True
1755,462.0,997.0,True
1756,336.0,997.0,True
1757,504.0,997.0,False
1758,630.0,997.0,True
1759,525.0,997.0,True
1760,651.0,997.0,True
1761,273.0,997.0,False
1762,651.0,997.0,True
1763,462.0,997.0,False
1764,546.0,997.0,True
1765,441.0,997.0,True
1766,504.0,997.0,True
1767,441.0,997.0,True
1768,525.0,997.0,False
1769,420.0,997.0,True
1770,630.0,997.0,True
1771,651.0,997.0,False
1772,651.0,997.0,True
1773,651.0,997.0,False
1774,651.0,997.0,False
1775,714.0,997.0,False
1776,672.0,997.0,True
1777,399.0,997.0,False
1778,399.0,997.0,True
1779,651.0,997.0,True
1780,567.0,997.0,False
1781,693.0,997.0,False
1782,630.0,997.0,True
1783,672.0,997.0,False
1784,651.0,997.0,False
1785,651.0,997.0,True
1786,651.0,997.0,False
1787,462.0,997.0,True
1788,567.0,997.0,True
1789,630.0,997.0,False
1790,315.0,997.0,True
1791,399.0,997.0,True
1792,609.0,997.0,True
1793,399.0,997.0,True
1794,588.0,997.0,False
1795,609.0,997.0,False
1796,294.0,997.0,True
1797,525.0,997.0,True
1798,546.0,997.0,True
1799,504.0,997.0,True
1800,399.0,997.0,True
1801,441.0,997.0,True
1802,378.0,997.0,True
1803,525.0,997.0,False
1804,504.0,997.0,True
1805,483.0,997.0,True
1806,483.0,997.0,True
1807,525.0,997.0,True
1808,546.0,997.0,True
1809,504.0,997.0,True
1810,294.0,997.0,True
1811,294.0,997.0,True
1812,441.0,997.0,True
1813,504.0,997.0,True
1814,588.0,997.0,False
1815,420.0,997.0,True
1816,420.0,997.0,False
1817,441.0,997.0,True
1818,651.0,997.0,True
1819,693.0,997.0,True
1820,630.0,997.0,True
1821,651.0,997.0,False
1822,693.0,997.0,False
1823,630.0,997.0,False
1824,609.0,997.0,False
1825,441.0,997.0,True
1826,399.0,997.0,False
1827,525.0,997.0,True
1828,546.0,997.0,True
1829,546.0,997.0,True
1830,651.0,997.0,True
1831,483.0,997.0,False
1832,630.0,997.0,True
1833,546.0,997.0,False
1834,567.0,997.0,True
1835,399.0,997.0,True
1836,609.0,997.0,True
1837,693.0,997.0,True
1838,315.0,997.0,False
1839,651.0,997.0,True
1840,630.0,997.0,False
1841,231.0,997.0,False
1842,672.0,997.0,False
1843,672.0,997.0,False
1844,630.0,997.0,False
1845,651.0,997.0,False
1846,651.0,997.0,False
1847,399.0,997.0,True
1848,546.0,997.0,True
1849,672.0,997.0,False
1850,672.0,997.0,False
1851,651.0,997.0,True
1852,651.0,997.0,False
1853,630.0,997.0,False
1854,672.0,997.0,False
1855,651.0,997.0,True
1856,609.0,997.0,True
1857,462.0,997.0,False
1858,672.0,997.0,True
1859,630.0,997.0,True
1860,609.0,997.0,False
1861,609.0,997.0,True
1862,672.0,997.0,True
1863,630.0,997.0,True
1864,399.0,997.0,True
1865,567.0,997.0,False
1866,609.0,997.0,True
1867,609.0,997.0,False
1868,609.0,997.0,False
1869,609.0,997.0,False
1870,609.0,997.0,False
1871,672.0,997.0,True
1872,651.0,997.0,True
1873,714.0,997.0,True
1874,693.0,997.0,False
1875,651.0,997.0,True
1876,273.0,997.0,False
1877,609.0,997.0,False
1878,525.0,997.0,True
1879,525.0,997.0,True
1880,462.0,997.0,True
1881,483.0,997.0,True
1882,378.0,997.0,False
1883,588.0,997.0,True
1884,630.0,997.0,True
1885,441.0,997.0,True
1886,504.0,997.0,True
1887,378.0,997.0,False
1888,651.0,997.0,True
1889,525.0,997.0,False
1890,294.0,997.0,True
1891,483.0,997.0,True
1892,630.0,997.0,True
1893,336.0,997.0,False
1894,609.0,997.0,True
1895,525.0,997.0,False
1896,462.0,997.0,True
1897,546.0,997.0,True
1898,609.0,997.0,False
1899,420.0,997.0,True
1900,441.0,997.0,False
1901,462.0,997.0,True
1902,525.0,997.0,False
1903,525.0,997.0,True
1904,693.0,997.0,True
1905,399.0,997.0,True
1906,504.0,997.0,True
1907,420.0,997.0,True
1908,525.0,997.0,True
1909,525.0,997.0,True
1910,420.0,997.0,True
1911,504.0,997.0,True
1912,588.0,997.0,True
1913,672.0,997.0,False
1914,504.0,997.0,False
1915,546.0,997.0,True
1916,567.0,997.0,True
1917,546.0,997.0,True
1918,504.0,997.0,True
1919,546.0,997.0,True
1920,504.0,997.0,True
1921,420.0,997.0,True
1922,546.0,997.0,True
1923,672.0,997.0,True
1924,546.0,997.0,False
1925,588.0,997.0,True
1926,525.0,997.0,False
1927,546.0,997.0,True
1928,378.0,997.0,True
1929,714.0,997.0,False
1930,567.0,997.0,True
1931,651.0,997.0,True
1932,693.0,997.0,False
1933,672.0,997.0,False
1934,651.0,997.0,True
1935,399.0,997.0,True
1936,609.0,997.0,True
1937,588.0,997.0,True
1938,630.0,997.0,True
1939,546.0,997.0,True
1940,462.0,997.0,True
1941,609.0,997.0,True
1942,651.0,997.0,True
1943,504.0,997.0,False
1944,651.0,997.0,False
1945,567.0,997.0,False
1946,525.0,997.0,False
1947,189.0,997.0,True
1948,441.0,997.0,True
1949,231.0,997.0,True
1950,273.0,997.0,True
1951,336.0,997.0,False
1952,357.0,997.0,True
1953,273.0,997.0,False
1954,609.0,997.0,True
1955,462.0,997.0,True
1956,630.0,997.0,False
1957,630.0,997.0,True
1958,693.0,997.0,True
1959,672.0,997.0,False
1960,609.0,997.0,True
1961,672.0,997.0,False
1962,567.0,997.0,False
1963,651.0,997.0,True
1964,693.0,997.0,False
1965,672.0,997.0,True
1966,630.0,997.0,True
1967,630.0,997.0,True
1968,588.0,997.0,False
1969,609.0,997.0,False
1970,462.0,997.0,False
1971,525.0,997.0,True
1972,504.0,997.0,True
1973,672.0,997.0,False
1974,672.0,997.0,True
1975,672.0,997.0,True
1976,609.0,997.0,False
1977,546.0,997.0,True
1978,525.0,997.0,True
1979,462.0,997.0,True
1980,672.0,997.0,True
1981,651.0,997.0,True
1982,651.0,997.0,False
1983,693.0,997.0,False
1984,672.0,997.0,False
1985,609.0,997.0,True
1986,651.0,997.0,True
1987,651.0,997.0,True
1988,693.0,997.0,True
1989,693.0,997.0,True
1990,693.0,997.0,True
1991,609.0,997.0,True
1992,651.0,997.0,False
1993,735.0,997.0,True
1994,588.0,997.0,True
1995,651.0,997.0,True
1996,588.0,997.0,False
1997,651.0,997.0,True
1998,567.0,997.0,False
1999,672.0,997.0,False
