0,0.0,0.0,True
1,0.0,0.0,True
2,0.0,0.0,True
3,294.0,294.0,True
4,252.0,294.0,False
5,399.0,399.0,True
6,462.0,462.0,True
7,462.0,462.0,True
8,693.0,693.0,True
9,420.0,693.0,True
10,672.0,693.0,False
11,399.0,693.0,True
12,546.0,693.0,True
13,525.0,693.0,True
14,441.0,693.0,True
15,525.0,693.0,True
16,420.0,693.0,True
17,546.0,693.0,True
18,504.0,693.0,True
19,630.0,693.0,True
20,546.0,693.0,False
21,525.0,693.0,True
22,525.0,693.0,True
23,630.0,693.0,False
24,651.0,693.0,True
25,672.0,693.0,False
26,693.0,693.0,True
27,546.0,693.0,True
28,609.0,693.0,True
29,525.0,693.0,True
30,483.0,693.0,False
31,630.0,693.0,True
32,273.0,693.0,False
33,630.0,693.0,True
34,546.0,693.0,False
35,630.0,693.0,True
36,651.0,693.0,True
37,630.0,693.0,False
38,525.0,693.0,False
39,378.0,693.0,False
40,630.0,693.0,True
41,651.0,693.0,True
42,420.0,693.0,False
43,630.0,693.0,False
44,462.0,693.0,True
45,504.0,693.0,True
46,630.0,693.0,False
47,462.0,693.0,True
48,504.0,693.0,True
49,504.0,693.0,True
50,315.0,693.0,False
51,588.0,693.0,True
52,525.0,693.0,True
53,483.0,693.0,True
54,504.0,693.0,False
55,588.0,693.0,False
56,525.0,693.0,True
57,462.0,693.0,True
58,651.0,693.0,True
59,672.0,693.0,True
60,651.0,693.0,True
61,630.0,693.0,True
62,651.0,693.0,False
63,651.0,693.0,True
64,609.0,693.0,False
65,651.0,693.0,False
66,609.0,693.0,True
67,651.0,693.0,False
68,630.0,693.0,False
69,672.0,693.0,True
70,420.0,693.0,True
71,462.0,693.0,True
72,504.0,693.0,False
73,525.0,693.0,True
74,630.0,693.0,False
75,525.0,693.0,False
76,504.0,693.0,False
77,504.0,693.0,True
78,462.0,693.0,True
79,525.0,693.0,True
80,525.0,693.0,True
81,504.0,693.0,True
82,630.0,693.0,False
83,504.0,693.0,True
84,504.0,693.0,True
85,399.0,693.0,True
86,630.0,693.0,True
87,630.0,693.0,True
88,546.0,693.0,True
89,504.0,693.0,True
90,399.0,693.0,True
91,504.0,693.0,True
92,420.0,693.0,True
93,441.0,693.0,True
94,462.0,693.0,False
95,525.0,693.0,True
96,525.0,693.0,True
97,420.0,693.0,True
98,567.0,693.0,True
99,399.0,693.0,True
100,315.0,693.0,True
101,399.0,693.0,True
102,588.0,693.0,False
103,504.0,693.0,True
104,462.0,693.0,True
105,504.0,693.0,False
106,525.0,693.0,True
107,525.0,693.0,True
108,525.0,693.0,True
109,525.0,693.0,True
110,420.0,693.0,True
111,525.0,693.0,False
112,504.0,693.0,True
113,546.0,693.0,True
114,672.0,693.0,False
115,315.0,693.0,False
116,441.0,693.0,False
117,462.0,693.0,True
118,525.0,693.0,True
119,546.0,693.0,True
120,588.0,693.0,True
121,441.0,693.0,False
122,504.0,693.0,True
123,525.0,693.0,False
124,525.0,693.0,True
125,462.0,693.0,False
126,525.0,693.0,True
127,546.0,693.0,True
128,441.0,693.0,True
129,567.0,693.0,False
130,504.0,693.0,False
131,546.0,693.0,False
132,567.0,693.0,True
133,441.0,693.0,True
134,567.0,693.0,True
135,525.0,693.0,True
136,525.0,693.0,True
137,546.0,693.0,False
138,525.0,693.0,False
139,609.0,693.0,True
140,546.0,693.0,True
141,462.0,693.0,False
142,504.0,693.0,True
143,630.0,693.0,True
144,378.0,693.0,True
145,525.0,693.0,True
146,441.0,693.0,True
147,504.0,693.0,True
148,399.0,693.0,False
149,399.0,693.0,True
150,672.0,693.0,True
151,525.0,693.0,True
152,525.0,693.0,True
153,462.0,693.0,False
154,504.0,693.0,False
155,567.0,693.0,True
156,525.0,693.0,True
157,525.0,693.0,False
158,525.0,693.0,True
159,651.0,693.0,True
160,441.0,693.0,False
161,672.0,693.0,False
162,756.0,756.0,False
163,630.0,756.0,False
164,651.0,756.0,False
165,651.0,756.0,False
166,672.0,756.0,True
167,630.0,756.0,False
168,693.0,756.0,True
169,630.0,756.0,True
170,693.0,756.0,True
171,630.0,756.0,True
172,378.0,756.0,False
173,378.0,756.0,False
174,714.0,756.0,True
175,651.0,756.0,False
176,483.0,756.0,True
177,525.0,756.0,True
178,504.0,756.0,False
179,441.0,756.0,False
180,462.0,756.0,False
181,420.0,756.0,True
182,672.0,756.0,False
183,525.0,756.0,True
184,546.0,756.0,False
185,420.0,756.0,True
186,441.0,756.0,True
187,483.0,756.0,True
188,378.0,756.0,True
189,462.0,756.0,True
190,546.0,756.0,False
191,483.0,756.0,False
192,399.0,756.0,False
193,504.0,756.0,True
194,525.0,756.0,True
195,462.0,756.0,True
196,525.0,756.0,True
197,504.0,756.0,True
198,357.0,756.0,False
199,630.0,756.0,True
200,525.0,756.0,True
201,441.0,756.0,True
202,504.0,756.0,True
203,336.0,756.0,False
204,525.0,756.0,True
205,693.0,756.0,True
206,609.0,756.0,False
207,546.0,756.0,False
208,672.0,756.0,True
209,798.0,798.0,False
210,672.0,798.0,False
211,735.0,798.0,False
212,651.0,798.0,False
213,525.0,798.0,True
214,525.0,798.0,False
215,399.0,798.0,False
216,399.0,798.0,True
217,525.0,798.0,True
218,504.0,798.0,True
219,525.0,798.0,False
220,567.0,798.0,True
221,609.0,798.0,True
222,588.0,798.0,True
223,441.0,798.0,True
224,504.0,798.0,True
225,525.0,798.0,True
226,462.0,798.0,True
227,420.0,798.0,True
228,546.0,798.0,True
229,567.0,798.0,True
230,567.0,798.0,False
231,420.0,798.0,True
232,441.0,798.0,True
233,525.0,798.0,True
234,504.0,798.0,True
235,630.0,798.0,True
236,525.0,798.0,False
237,504.0,798.0,True
238,504.0,798.0,True
239,525.0,798.0,False
240,672.0,798.0,True
241,420.0,798.0,False
242,483.0,798.0,False
243,546.0,798.0,False
244,735.0,798.0,True
245,630.0,798.0,True
246,336.0,798.0,False
247,630.0,798.0,False
248,672.0,798.0,False
249,651.0,798.0,True
250,651.0,798.0,False
251,693.0,798.0,True
252,735.0,798.0,True
253,672.0,798.0,True
254,672.0,798.0,True
255,651.0,798.0,False
256,651.0,798.0,True
257,315.0,798.0,True
258,567.0,798.0,True
259,693.0,798.0,True
260,693.0,798.0,False
261,651.0,798.0,False
262,462.0,798.0,True
263,714.0,798.0,True
264,651.0,798.0,False
265,630.0,798.0,True
266,672.0,798.0,True
267,630.0,798.0,True
268,672.0,798.0,True
269,630.0,798.0,True
270,651.0,798.0,False
271,693.0,798.0,True
272,651.0,798.0,False
273,672.0,798.0,True
274,672.0,798.0,True
275,651.0,798.0,False
276,735.0,798.0,False
277,735.0,798.0,False
278,315.0,798.0,False
279,714.0,798.0,False
280,723.0,798.0,True
281,724.0,798.0,True
282,661.0,798.0,False
283,703.0,798.0,True
284,609.0,798.0,False
285,336.0,798.0,True
286,546.0,798.0,True
287,630.0,798.0,False
288,630.0,798.0,False
289,357.0,798.0,True
290,420.0,798.0,False
291,462.0,798.0,True
292,672.0,798.0,True
293,546.0,798.0,True
294,630.0,798.0,True
295,525.0,798.0,True
296,546.0,798.0,False
297,399.0,798.0,True
298,504.0,798.0,True
299,462.0,798.0,True
300,378.0,798.0,True
301,483.0,798.0,False
302,462.0,798.0,True
303,546.0,798.0,True
304,336.0,798.0,True
305,525.0,798.0,True
306,504.0,798.0,True
307,525.0,798.0,True
308,441.0,798.0,False
309,462.0,798.0,True
310,525.0,798.0,True
311,525.0,798.0,False
312,588.0,798.0,True
313,651.0,798.0,True
314,693.0,798.0,False
315,756.0,798.0,False
316,756.0,798.0,False
317,777.0,798.0,False
318,672.0,798.0,False
319,735.0,798.0,False
320,651.0,798.0,False
321,693.0,798.0,False
322,693.0,798.0,True
323,693.0,798.0,False
324,808.0,808.0,False
325,756.0,808.0,True
326,1277.0,1277.0,True
327,2355.0,2355.0,False
328,1182.0,2355.0,False
329,764.0,2355.0,False
330,743.0,2355.0,False
331,765.0,2355.0,False
332,732.0,2355.0,False
333,1494.0,2355.0,True
334,702.0,2355.0,False
335,1017.0,2355.0,False
336,1039.0,2355.0,False
337,1875.0,2355.0,False
338,928.0,2355.0,False
339,1017.0,2355.0,False
340,785.0,2355.0,False
341,1117.0,2355.0,False
342,682.0,2355.0,False
343,886.0,2355.0,False
344,588.0,2355.0,False
345,692.0,2355.0,False
346,888.0,2355.0,True
347,1040.0,2355.0,False
348,2017.0,2355.0,False
349,908.0,2355.0,False
350,846.0,2355.0,False
351,752.0,2355.0,False
352,754.0,2355.0,True
353,775.0,2355.0,True
354,693.0,2355.0,True
355,651.0,2355.0,False
356,651.0,2355.0,True
357,672.0,2355.0,False
358,609.0,2355.0,False
359,651.0,2355.0,True
360,672.0,2355.0,True
361,651.0,2355.0,True
362,630.0,2355.0,True
363,420.0,2355.0,True
364,294.0,2355.0,False
365,693.0,2355.0,True
366,567.0,2355.0,False
367,630.0,2355.0,False
368,588.0,2355.0,False
369,609.0,2355.0,True
370,651.0,2355.0,True
371,651.0,2355.0,True
372,693.0,2355.0,True
373,693.0,2355.0,True
374,672.0,2355.0,True
375,693.0,2355.0,True
376,672.0,2355.0,True
377,784.0,2355.0,True
378,997.0,2355.0,False
379,815.0,2355.0,False
380,1971.0,2355.0,True
381,1737.0,2355.0,True
382,1627.0,2355.0,True
383,947.0,2355.0,False
384,680.0,2355.0,True
385,848.0,2355.0,False
386,742.0,2355.0,True
387,774.0,2355.0,False
388,929.0,2355.0,True
389,999.0,2355.0,True
390,741.0,2355.0,False
391,1109.0,2355.0,False
392,1094.0,2355.0,False
393,1814.0,2355.0,False
394,651.0,2355.0,True
395,693.0,2355.0,True
396,999.0,2355.0,True
397,968.0,2355.0,True
398,1528.0,2355.0,False
399,744.0,2355.0,True
400,754.0,2355.0,False
401,1559.0,2355.0,False
402,1323.0,2355.0,False
403,988.0,2355.0,True
404,817.0,2355.0,False
405,733.0,2355.0,False
406,795.0,2355.0,False
407,753.0,2355.0,False
408,969.0,2355.0,False
409,865.0,2355.0,False
410,2089.0,2355.0,True
411,681.0,2355.0,False
412,999.0,2355.0,False
413,630.0,2355.0,True
414,357.0,2355.0,False
415,672.0,2355.0,True
416,630.0,2355.0,False
417,693.0,2355.0,True
418,693.0,2355.0,False
419,651.0,2355.0,False
420,672.0,2355.0,False
421,714.0,2355.0,True
422,630.0,2355.0,False
423,672.0,2355.0,False
424,714.0,2355.0,True
425,672.0,2355.0,True
426,672.0,2355.0,False
427,714.0,2355.0,False
428,588.0,2355.0,True
429,672.0,2355.0,True
430,672.0,2355.0,True
431,672.0,2355.0,True
432,672.0,2355.0,True
433,693.0,2355.0,True
434,672.0,2355.0,True
435,672.0,2355.0,True
436,630.0,2355.0,False
437,714.0,2355.0,True
438,609.0,2355.0,False
439,399.0,2355.0,False
440,630.0,2355.0,True
441,630.0,2355.0,True
442,546.0,2355.0,True
443,630.0,2355.0,True
444,651.0,2355.0,True
445,399.0,2355.0,True
446,756.0,2355.0,True
447,630.0,2355.0,False
448,693.0,2355.0,False
449,651.0,2355.0,True
450,735.0,2355.0,True
451,714.0,2355.0,False
452,735.0,2355.0,True
453,735.0,2355.0,True
454,609.0,2355.0,True
455,651.0,2355.0,False
456,588.0,2355.0,False
457,651.0,2355.0,True
458,735.0,2355.0,True
459,609.0,2355.0,True
460,168.0,2355.0,False
461,651.0,2355.0,False
462,693.0,2355.0,False
463,609.0,2355.0,True
464,525.0,2355.0,True
465,651.0,2355.0,False
466,504.0,2355.0,False
467,713.0,2355.0,True
468,756.0,2355.0,True
469,693.0,2355.0,True
470,546.0,2355.0,False
471,714.0,2355.0,True
472,672.0,2355.0,False
473,630.0,2355.0,True
474,546.0,2355.0,True
475,672.0,2355.0,True
476,756.0,2355.0,False
477,756.0,2355.0,True
478,651.0,2355.0,True
479,745.0,2355.0,True
480,672.0,2355.0,True
481,671.0,2355.0,False
482,703.0,2355.0,False
483,630.0,2355.0,True
484,609.0,2355.0,False
485,735.0,2355.0,True
486,777.0,2355.0,False
487,756.0,2355.0,True
488,462.0,2355.0,False
489,651.0,2355.0,False
490,693.0,2355.0,False
491,798.0,2355.0,True
492,714.0,2355.0,True
493,735.0,2355.0,False
494,672.0,2355.0,False
495,714.0,2355.0,False
496,588.0,2355.0,True
497,672.0,2355.0,True
498,504.0,2355.0,True
499,693.0,2355.0,False
500,672.0,2355.0,True
501,651.0,2355.0,False
502,630.0,2355.0,True
503,609.0,2355.0,True
504,777.0,2355.0,True
505,672.0,2355.0,True
506,441.0,2355.0,True
507,567.0,2355.0,True
508,735.0,2355.0,True
509,651.0,2355.0,True
510,672.0,2355.0,True
511,672.0,2355.0,False
512,630.0,2355.0,False
513,693.0,2355.0,False
514,693.0,2355.0,False
515,693.0,2355.0,False
516,735.0,2355.0,True
517,693.0,2355.0,True
518,735.0,2355.0,True
519,693.0,2355.0,True
520,504.0,2355.0,True
521,525.0,2355.0,False
522,672.0,2355.0,True
523,672.0,2355.0,False
524,651.0,2355.0,True
525,714.0,2355.0,True
526,714.0,2355.0,True
527,693.0,2355.0,True
528,651.0,2355.0,True
529,693.0,2355.0,True
530,651.0,2355.0,True
531,651.0,2355.0,True
532,735.0,2355.0,True
533,693.0,2355.0,True
534,672.0,2355.0,True
535,756.0,2355.0,True
536,693.0,2355.0,True
537,672.0,2355.0,True
538,651.0,2355.0,True
539,672.0,2355.0,True
540,693.0,2355.0,False
541,693.0,2355.0,True
542,651.0,2355.0,True
543,693.0,2355.0,True
544,714.0,2355.0,True
545,672.0,2355.0,True
546,630.0,2355.0,True
547,651.0,2355.0,True
548,588.0,2355.0,True
549,735.0,2355.0,True
550,567.0,2355.0,True
551,630.0,2355.0,True
552,693.0,2355.0,True
553,714.0,2355.0,True
554,714.0,2355.0,True
555,630.0,2355.0,True
556,693.0,2355.0,True
557,651.0,2355.0,True
558,693.0,2355.0,True
559,672.0,2355.0,True
560,714.0,2355.0,True
561,714.0,2355.0,False
562,630.0,2355.0,False
563,714.0,2355.0,True
564,672.0,2355.0,True
565,672.0,2355.0,True
566,651.0,2355.0,True
567,672.0,2355.0,True
568,714.0,2355.0,True
569,672.0,2355.0,True
570,672.0,2355.0,True
571,651.0,2355.0,True
572,798.0,2355.0,True
573,672.0,2355.0,True
574,714.0,2355.0,True
575,672.0,2355.0,True
576,714.0,2355.0,True
577,756.0,2355.0,True
578,672.0,2355.0,True
579,651.0,2355.0,True
580,630.0,2355.0,True
581,672.0,2355.0,False
582,651.0,2355.0,True
583,714.0,2355.0,False
584,651.0,2355.0,False
585,693.0,2355.0,True
586,714.0,2355.0,False
587,693.0,2355.0,True
588,693.0,2355.0,True
589,672.0,2355.0,True
590,714.0,2355.0,True
591,714.0,2355.0,True
592,693.0,2355.0,True
593,672.0,2355.0,True
594,672.0,2355.0,True
595,672.0,2355.0,True
596,735.0,2355.0,True
597,672.0,2355.0,False
598,672.0,2355.0,True
599,651.0,2355.0,True
600,672.0,2355.0,False
601,672.0,2355.0,True
602,651.0,2355.0,True
603,672.0,2355.0,True
604,672.0,2355.0,True
605,630.0,2355.0,True
606,651.0,2355.0,True
607,672.0,2355.0,True
608,693.0,2355.0,True
609,672.0,2355.0,True
610,714.0,2355.0,True
611,630.0,2355.0,True
612,651.0,2355.0,True
613,756.0,2355.0,False
614,672.0,2355.0,True
615,693.0,2355.0,False
616,651.0,2355.0,True
617,693.0,2355.0,False
618,714.0,2355.0,True
619,693.0,2355.0,False
620,672.0,2355.0,True
621,672.0,2355.0,True
622,693.0,2355.0,True
623,630.0,2355.0,False
624,693.0,2355.0,True
625,651.0,2355.0,True
626,651.0,2355.0,True
627,693.0,2355.0,True
628,672.0,2355.0,False
629,693.0,2355.0,True
630,651.0,2355.0,True
631,693.0,2355.0,True
632,756.0,2355.0,True
633,672.0,2355.0,True
634,693.0,2355.0,True
635,693.0,2355.0,False
636,714.0,2355.0,True
637,651.0,2355.0,True
638,672.0,2355.0,True
639,651.0,2355.0,False
640,693.0,2355.0,True
641,672.0,2355.0,True
642,588.0,2355.0,True
643,693.0,2355.0,False
644,672.0,2355.0,True
645,756.0,2355.0,False
646,651.0,2355.0,True
647,672.0,2355.0,True
648,714.0,2355.0,False
649,651.0,2355.0,True
650,672.0,2355.0,True
651,714.0,2355.0,True
652,714.0,2355.0,True
653,693.0,2355.0,False
654,693.0,2355.0,True
655,672.0,2355.0,True
656,714.0,2355.0,True
657,672.0,2355.0,True
658,693.0,2355.0,True
659,693.0,2355.0,True
660,714.0,2355.0,False
661,672.0,2355.0,True
662,651.0,2355.0,False
663,714.0,2355.0,True
664,672.0,2355.0,True
665,693.0,2355.0,True
666,651.0,2355.0,True
667,693.0,2355.0,True
668,672.0,2355.0,True
669,609.0,2355.0,True
670,714.0,2355.0,True
671,693.0,2355.0,True
672,672.0,2355.0,True
673,714.0,2355.0,True
674,651.0,2355.0,True
675,693.0,2355.0,True
676,672.0,2355.0,True
677,651.0,2355.0,True
678,735.0,2355.0,True
679,672.0,2355.0,True
680,714.0,2355.0,True
681,672.0,2355.0,True
682,651.0,2355.0,True
683,714.0,2355.0,True
684,651.0,2355.0,True
685,714.0,2355.0,True
686,714.0,2355.0,True
687,609.0,2355.0,False
688,735.0,2355.0,True
689,609.0,2355.0,True
690,735.0,2355.0,True
691,651.0,2355.0,True
692,714.0,2355.0,True
693,630.0,2355.0,True
694,672.0,2355.0,True
695,672.0,2355.0,True
696,672.0,2355.0,True
697,672.0,2355.0,True
698,693.0,2355.0,True
699,714.0,2355.0,True
700,735.0,2355.0,True
701,588.0,2355.0,False
702,714.0,2355.0,True
703,693.0,2355.0,True
704,672.0,2355.0,True
705,672.0,2355.0,False
706,651.0,2355.0,False
707,693.0,2355.0,False
708,735.0,2355.0,True
709,672.0,2355.0,True
710,693.0,2355.0,True
711,651.0,2355.0,True
712,567.0,2355.0,True
713,693.0,2355.0,False
714,672.0,2355.0,False
715,651.0,2355.0,True
716,819.0,2355.0,True
717,714.0,2355.0,True
718,735.0,2355.0,False
719,714.0,2355.0,True
720,651.0,2355.0,True
721,693.0,2355.0,True
722,693.0,2355.0,True
723,672.0,2355.0,True
724,714.0,2355.0,True
725,693.0,2355.0,False
726,735.0,2355.0,False
727,630.0,2355.0,True
728,651.0,2355.0,True
729,714.0,2355.0,True
730,672.0,2355.0,True
731,714.0,2355.0,True
732,651.0,2355.0,True
733,672.0,2355.0,True
734,693.0,2355.0,True
735,735.0,2355.0,True
736,714.0,2355.0,False
737,672.0,2355.0,True
738,672.0,2355.0,True
739,714.0,2355.0,False
740,651.0,2355.0,True
741,630.0,2355.0,True
742,693.0,2355.0,True
743,672.0,2355.0,True
744,714.0,2355.0,True
745,672.0,2355.0,True
746,672.0,2355.0,True
747,693.0,2355.0,False
748,651.0,2355.0,True
749,714.0,2355.0,False
750,756.0,2355.0,True
751,651.0,2355.0,True
752,630.0,2355.0,True
753,651.0,2355.0,True
754,693.0,2355.0,True
755,651.0,2355.0,True
756,714.0,2355.0,True
757,672.0,2355.0,False
758,672.0,2355.0,True
759,651.0,2355.0,True
760,504.0,2355.0,True
761,672.0,2355.0,True
762,630.0,2355.0,True
763,693.0,2355.0,True
764,672.0,2355.0,True
765,735.0,2355.0,True
766,714.0,2355.0,True
767,714.0,2355.0,True
768,651.0,2355.0,True
769,735.0,2355.0,True
770,693.0,2355.0,False
771,672.0,2355.0,True
772,672.0,2355.0,True
773,693.0,2355.0,False
774,756.0,2355.0,True
775,693.0,2355.0,True
776,630.0,2355.0,True
777,672.0,2355.0,True
778,651.0,2355.0,True
779,672.0,2355.0,False
780,630.0,2355.0,True
781,693.0,2355.0,True
782,693.0,2355.0,True
783,672.0,2355.0,True
784,672.0,2355.0,True
785,672.0,2355.0,True
786,672.0,2355.0,True
787,630.0,2355.0,True
788,462.0,2355.0,True
789,672.0,2355.0,False
790,651.0,2355.0,True
791,693.0,2355.0,True
792,672.0,2355.0,True
793,672.0,2355.0,True
794,651.0,2355.0,True
795,714.0,2355.0,False
796,693.0,2355.0,False
797,651.0,2355.0,True
798,651.0,2355.0,True
799,651.0,2355.0,True
800,630.0,2355.0,True
801,693.0,2355.0,True
802,693.0,2355.0,True
803,630.0,2355.0,True
804,777.0,2355.0,True
805,651.0,2355.0,True
806,672.0,2355.0,False
807,693.0,2355.0,True
808,630.0,2355.0,True
809,714.0,2355.0,True
810,651.0,2355.0,True
811,693.0,2355.0,True
812,693.0,2355.0,True
813,630.0,2355.0,True
814,672.0,2355.0,True
815,630.0,2355.0,True
816,672.0,2355.0,True
817,672.0,2355.0,True
818,693.0,2355.0,False
819,693.0,2355.0,True
820,651.0,2355.0,False
821,693.0,2355.0,True
822,735.0,2355.0,True
823,483.0,2355.0,True
824,735.0,2355.0,True
825,714.0,2355.0,True
826,756.0,2355.0,False
827,630.0,2355.0,True
828,672.0,2355.0,True
829,672.0,2355.0,False
830,672.0,2355.0,False
831,693.0,2355.0,True
832,693.0,2355.0,False
833,714.0,2355.0,True
834,693.0,2355.0,False
835,693.0,2355.0,True
836,672.0,2355.0,True
837,672.0,2355.0,True
838,714.0,2355.0,True
839,630.0,2355.0,True
840,693.0,2355.0,True
841,651.0,2355.0,False
842,693.0,2355.0,True
843,693.0,2355.0,True
844,672.0,2355.0,True
845,630.0,2355.0,True
846,693.0,2355.0,True
847,735.0,2355.0,True
848,714.0,2355.0,True
849,693.0,2355.0,True
850,735.0,2355.0,False
851,693.0,2355.0,False
852,672.0,2355.0,False
853,693.0,2355.0,True
854,714.0,2355.0,False
855,672.0,2355.0,True
856,651.0,2355.0,True
857,693.0,2355.0,True
858,693.0,2355.0,True
859,672.0,2355.0,True
860,651.0,2355.0,True
861,672.0,2355.0,True
862,714.0,2355.0,True
863,672.0,2355.0,False
864,693.0,2355.0,True
865,651.0,2355.0,True
866,693.0,2355.0,True
867,693.0,2355.0,True
868,735.0,2355.0,True
869,651.0,2355.0,True
870,672.0,2355.0,True
871,693.0,2355.0,True
872,714.0,2355.0,True
873,693.0,2355.0,True
874,693.0,2355.0,True
875,693.0,2355.0,True
876,714.0,2355.0,True
877,672.0,2355.0,True
878,693.0,2355.0,True
879,672.0,2355.0,False
880,735.0,2355.0,True
881,651.0,2355.0,True
882,672.0,2355.0,True
883,693.0,2355.0,True
884,756.0,2355.0,True
885,714.0,2355.0,True
886,651.0,2355.0,True
887,672.0,2355.0,False
888,651.0,2355.0,False
889,714.0,2355.0,True
890,651.0,2355.0,True
891,651.0,2355.0,True
892,693.0,2355.0,True
893,672.0,2355.0,True
894,651.0,2355.0,True
895,651.0,2355.0,True
896,651.0,2355.0,False
897,630.0,2355.0,True
898,693.0,2355.0,True
899,693.0,2355.0,True
900,693.0,2355.0,False
901,651.0,2355.0,True
902,672.0,2355.0,True
903,672.0,2355.0,True
904,630.0,2355.0,True
905,651.0,2355.0,True
906,609.0,2355.0,False
907,672.0,2355.0,True
908,399.0,2355.0,True
909,714.0,2355.0,True
910,609.0,2355.0,True
911,672.0,2355.0,False
912,651.0,2355.0,True
913,714.0,2355.0,False
914,672.0,2355.0,True
915,693.0,2355.0,True
916,651.0,2355.0,False
917,672.0,2355.0,True
918,672.0,2355.0,True
919,714.0,2355.0,True
920,693.0,2355.0,False
921,693.0,2355.0,True
922,714.0,2355.0,True
923,819.0,2355.0,True
924,672.0,2355.0,True
925,714.0,2355.0,False
926,672.0,2355.0,True
927,672.0,2355.0,True
928,672.0,2355.0,False
929,693.0,2355.0,True
930,693.0,2355.0,False
931,714.0,2355.0,True
932,672.0,2355.0,True
933,693.0,2355.0,False
934,651.0,2355.0,True
935,630.0,2355.0,True
936,651.0,2355.0,True
937,756.0,2355.0,True
938,756.0,2355.0,True
939,693.0,2355.0,True
940,672.0,2355.0,True
941,735.0,2355.0,True
942,672.0,2355.0,True
943,651.0,2355.0,True
944,651.0,2355.0,True
945,609.0,2355.0,True
946,714.0,2355.0,False
947,693.0,2355.0,True
948,693.0,2355.0,True
949,672.0,2355.0,True
950,672.0,2355.0,True
951,714.0,2355.0,True
952,693.0,2355.0,False
953,735.0,2355.0,True
954,672.0,2355.0,True
955,672.0,2355.0,True
956,714.0,2355.0,True
957,630.0,2355.0,True
958,672.0,2355.0,True
959,735.0,2355.0,True
960,693.0,2355.0,True
961,651.0,2355.0,True
962,651.0,2355.0,True
963,693.0,2355.0,False
964,672.0,2355.0,False
965,651.0,2355.0,True
966,693.0,2355.0,True
967,630.0,2355.0,True
968,714.0,2355.0,True
969,672.0,2355.0,True
970,609.0,2355.0,True
971,693.0,2355.0,True
972,735.0,2355.0,True
973,546.0,2355.0,True
974,714.0,2355.0,True
975,672.0,2355.0,True
976,714.0,2355.0,True
977,693.0,2355.0,True
978,735.0,2355.0,False
979,672.0,2355.0,True
980,672.0,2355.0,False
981,672.0,2355.0,True
982,693.0,2355.0,True
983,735.0,2355.0,True
984,651.0,2355.0,True
985,651.0,2355.0,True
986,672.0,2355.0,False
987,714.0,2355.0,True
988,714.0,2355.0,True
989,693.0,2355.0,True
990,609.0,2355.0,True
991,693.0,2355.0,False
992,693.0,2355.0,True
993,714.0,2355.0,True
994,630.0,2355.0,True
995,672.0,2355.0,True
996,714.0,2355.0,True
997,651.0,2355.0,True
998,672.0,2355.0,True
999,693.0,2355.0,True
1000,651.0,2355.0,True
1001,672.0,2355.0,False
1002,693.0,2355.0,True
1003,546.0,2355.0,False
1004,777.0,2355.0,True
1005,672.0,2355.0,True
1006,693.0,2355.0,True
1007,630.0,2355.0,True
1008,672.0,2355.0,False
1009,651.0,2355.0,True
1010,756.0,2355.0,True
1011,630.0,2355.0,True
1012,630.0,2355.0,True
1013,693.0,2355.0,True
1014,693.0,2355.0,True
1015,630.0,2355.0,True
1016,672.0,2355.0,True
1017,735.0,2355.0,True
1018,693.0,2355.0,True
1019,651.0,2355.0,True
1020,651.0,2355.0,True
1021,630.0,2355.0,True
1022,672.0,2355.0,True
1023,672.0,2355.0,True
1024,693.0,2355.0,True
1025,651.0,2355.0,True
1026,693.0,2355.0,False
1027,651.0,2355.0,True
1028,651.0,2355.0,True
1029,714.0,2355.0,True
1030,672.0,2355.0,True
1031,672.0,2355.0,True
1032,714.0,2355.0,True
1033,672.0,2355.0,True
1034,714.0,2355.0,True
1035,714.0,2355.0,True
1036,735.0,2355.0,True
1037,672.0,2355.0,True
1038,714.0,2355.0,True
1039,672.0,2355.0,True
1040,714.0,2355.0,True
1041,672.0,2355.0,True
1042,714.0,2355.0,True
1043,651.0,2355.0,True
1044,798.0,2355.0,True
1045,735.0,2355.0,True
1046,693.0,2355.0,True
1047,672.0,2355.0,False
1048,693.0,2355.0,True
1049,651.0,2355.0,False
1050,651.0,2355.0,True
1051,504.0,2355.0,False
1052,735.0,2355.0,False
1053,735.0,2355.0,False
1054,693.0,2355.0,False
1055,630.0,2355.0,True
1056,651.0,2355.0,True
1057,693.0,2355.0,False
1058,756.0,2355.0,True
1059,714.0,2355.0,True
1060,651.0,2355.0,True
1061,651.0,2355.0,True
1062,651.0,2355.0,True
1063,693.0,2355.0,True
1064,693.0,2355.0,True
1065,735.0,2355.0,True
1066,672.0,2355.0,True
1067,693.0,2355.0,True
1068,672.0,2355.0,True
1069,693.0,2355.0,True
1070,651.0,2355.0,True
1071,735.0,2355.0,True
1072,672.0,2355.0,True
1073,630.0,2355.0,True
1074,651.0,2355.0,False
1075,714.0,2355.0,True
1076,693.0,2355.0,True
1077,756.0,2355.0,False
1078,693.0,2355.0,True
1079,714.0,2355.0,False
1080,714.0,2355.0,True
1081,651.0,2355.0,True
1082,672.0,2355.0,True
1083,672.0,2355.0,True
1084,693.0,2355.0,True
1085,693.0,2355.0,True
1086,735.0,2355.0,False
1087,651.0,2355.0,True
1088,693.0,2355.0,True
1089,756.0,2355.0,True
1090,651.0,2355.0,True
1091,693.0,2355.0,True
1092,735.0,2355.0,True
1093,714.0,2355.0,True
1094,735.0,2355.0,True
1095,651.0,2355.0,True
1096,693.0,2355.0,True
1097,672.0,2355.0,True
1098,693.0,2355.0,True
1099,693.0,2355.0,True
1100,672.0,2355.0,True
1101,672.0,2355.0,True
1102,672.0,2355.0,True
1103,693.0,2355.0,True
1104,630.0,2355.0,True
1105,672.0,2355.0,True
1106,672.0,2355.0,True
1107,693.0,2355.0,True
1108,693.0,2355.0,True
1109,672.0,2355.0,True
1110,693.0,2355.0,True
1111,735.0,2355.0,True
1112,693.0,2355.0,True
1113,693.0,2355.0,False
1114,693.0,2355.0,True
1115,567.0,2355.0,True
1116,651.0,2355.0,True
1117,693.0,2355.0,True
1118,714.0,2355.0,True
1119,651.0,2355.0,True
1120,714.0,2355.0,False
1121,672.0,2355.0,True
1122,735.0,2355.0,False
1123,651.0,2355.0,False
1124,735.0,2355.0,True
1125,714.0,2355.0,True
1126,777.0,2355.0,True
1127,651.0,2355.0,True
1128,651.0,2355.0,True
1129,672.0,2355.0,True
1130,672.0,2355.0,True
1131,693.0,2355.0,True
1132,777.0,2355.0,True
1133,672.0,2355.0,True
1134,672.0,2355.0,True
1135,693.0,2355.0,True
1136,672.0,2355.0,False
1137,651.0,2355.0,True
1138,651.0,2355.0,True
1139,735.0,2355.0,True
1140,672.0,2355.0,True
1141,651.0,2355.0,True
1142,714.0,2355.0,True
1143,756.0,2355.0,False
1144,672.0,2355.0,True
1145,798.0,2355.0,True
1146,693.0,2355.0,True
1147,714.0,2355.0,True
1148,819.0,2355.0,True
1149,693.0,2355.0,True
1150,819.0,2355.0,True
1151,714.0,2355.0,True
1152,735.0,2355.0,False
1153,588.0,2355.0,True
1154,651.0,2355.0,True
1155,756.0,2355.0,True
1156,714.0,2355.0,True
1157,651.0,2355.0,True
1158,693.0,2355.0,True
1159,693.0,2355.0,False
1160,672.0,2355.0,True
1161,672.0,2355.0,True
1162,651.0,2355.0,True
1163,651.0,2355.0,False
1164,756.0,2355.0,True
1165,693.0,2355.0,True
1166,693.0,2355.0,True
1167,735.0,2355.0,True
1168,567.0,2355.0,True
1169,672.0,2355.0,True
1170,609.0,2355.0,True
1171,672.0,2355.0,True
1172,672.0,2355.0,True
1173,630.0,2355.0,True
1174,630.0,2355.0,True
1175,672.0,2355.0,True
1176,651.0,2355.0,True
1177,672.0,2355.0,True
1178,672.0,2355.0,True
1179,630.0,2355.0,True
1180,630.0,2355.0,False
1181,714.0,2355.0,True
1182,672.0,2355.0,True
1183,714.0,2355.0,True
1184,609.0,2355.0,True
1185,693.0,2355.0,False
1186,714.0,2355.0,True
1187,651.0,2355.0,True
1188,714.0,2355.0,True
1189,672.0,2355.0,False
1190,651.0,2355.0,False
1191,651.0,2355.0,True
1192,693.0,2355.0,True
1193,756.0,2355.0,True
1194,714.0,2355.0,True
1195,714.0,2355.0,True
1196,693.0,2355.0,True
1197,651.0,2355.0,True
1198,693.0,2355.0,True
1199,735.0,2355.0,True
1200,672.0,2355.0,True
1201,714.0,2355.0,True
1202,672.0,2355.0,True
1203,672.0,2355.0,True
1204,672.0,2355.0,True
1205,693.0,2355.0,True
1206,693.0,2355.0,True
1207,693.0,2355.0,True
1208,693.0,2355.0,False
1209,672.0,2355.0,True
1210,693.0,2355.0,True
1211,714.0,2355.0,True
1212,735.0,2355.0,True
1213,756.0,2355.0,False
1214,672.0,2355.0,True
1215,735.0,2355.0,True
1216,672.0,2355.0,False
1217,630.0,2355.0,True
1218,693.0,2355.0,True
1219,630.0,2355.0,True
1220,672.0,2355.0,True
1221,651.0,2355.0,True
1222,693.0,2355.0,True
1223,714.0,2355.0,True
1224,672.0,2355.0,True
1225,735.0,2355.0,True
1226,672.0,2355.0,False
1227,693.0,2355.0,True
1228,672.0,2355.0,True
1229,588.0,2355.0,True
1230,735.0,2355.0,True
1231,630.0,2355.0,True
1232,672.0,2355.0,True
1233,693.0,2355.0,True
1234,672.0,2355.0,True
1235,630.0,2355.0,True
1236,693.0,2355.0,True
1237,672.0,2355.0,True
1238,693.0,2355.0,True
1239,693.0,2355.0,False
1240,672.0,2355.0,False
1241,630.0,2355.0,False
1242,777.0,2355.0,True
1243,693.0,2355.0,True
1244,714.0,2355.0,False
1245,735.0,2355.0,True
1246,672.0,2355.0,True
1247,651.0,2355.0,True
1248,693.0,2355.0,True
1249,693.0,2355.0,True
1250,630.0,2355.0,True
1251,693.0,2355.0,False
1252,693.0,2355.0,True
1253,651.0,2355.0,True
1254,714.0,2355.0,True
1255,672.0,2355.0,False
1256,672.0,2355.0,True
1257,672.0,2355.0,True
1258,672.0,2355.0,False
1259,630.0,2355.0,True
1260,630.0,2355.0,True
1261,630.0,2355.0,True
1262,672.0,2355.0,True
1263,672.0,2355.0,True
1264,714.0,2355.0,True
1265,777.0,2355.0,True
1266,693.0,2355.0,False
1267,735.0,2355.0,True
1268,777.0,2355.0,True
1269,672.0,2355.0,True
1270,651.0,2355.0,True
1271,651.0,2355.0,True
1272,714.0,2355.0,True
1273,672.0,2355.0,True
1274,672.0,2355.0,True
1275,756.0,2355.0,True
1276,651.0,2355.0,True
1277,651.0,2355.0,True
1278,693.0,2355.0,True
1279,672.0,2355.0,True
1280,672.0,2355.0,False
1281,693.0,2355.0,True
1282,630.0,2355.0,True
1283,693.0,2355.0,True
1284,714.0,2355.0,True
1285,693.0,2355.0,True
1286,714.0,2355.0,True
1287,693.0,2355.0,True
1288,693.0,2355.0,True
1289,693.0,2355.0,False
1290,630.0,2355.0,True
1291,693.0,2355.0,False
1292,672.0,2355.0,True
1293,672.0,2355.0,True
1294,693.0,2355.0,True
1295,714.0,2355.0,False
1296,672.0,2355.0,True
1297,630.0,2355.0,True
1298,714.0,2355.0,True
1299,672.0,2355.0,True
1300,672.0,2355.0,True
1301,672.0,2355.0,True
1302,714.0,2355.0,True
1303,672.0,2355.0,True
1304,693.0,2355.0,True
1305,630.0,2355.0,True
1306,672.0,2355.0,True
1307,672.0,2355.0,True
1308,630.0,2355.0,True
1309,693.0,2355.0,False
1310,651.0,2355.0,True
1311,714.0,2355.0,True
1312,735.0,2355.0,False
1313,651.0,2355.0,True
1314,735.0,2355.0,True
1315,609.0,2355.0,True
1316,672.0,2355.0,True
1317,693.0,2355.0,True
1318,756.0,2355.0,True
1319,693.0,2355.0,True
1320,714.0,2355.0,True
1321,672.0,2355.0,True
1322,693.0,2355.0,True
1323,672.0,2355.0,True
1324,735.0,2355.0,False
1325,672.0,2355.0,True
1326,714.0,2355.0,True
1327,630.0,2355.0,False
1328,693.0,2355.0,False
1329,735.0,2355.0,True
1330,651.0,2355.0,True
1331,672.0,2355.0,False
1332,672.0,2355.0,True
1333,693.0,2355.0,True
1334,630.0,2355.0,True
1335,777.0,2355.0,False
1336,651.0,2355.0,True
1337,693.0,2355.0,True
1338,588.0,2355.0,False
1339,714.0,2355.0,True
1340,672.0,2355.0,True
1341,735.0,2355.0,False
1342,399.0,2355.0,True
1343,693.0,2355.0,True
1344,693.0,2355.0,True
1345,651.0,2355.0,True
1346,693.0,2355.0,True
1347,735.0,2355.0,True
1348,714.0,2355.0,True
1349,672.0,2355.0,False
1350,651.0,2355.0,True
1351,714.0,2355.0,True
1352,672.0,2355.0,True
1353,714.0,2355.0,True
1354,693.0,2355.0,True
1355,693.0,2355.0,False
1356,672.0,2355.0,True
1357,714.0,2355.0,False
1358,651.0,2355.0,True
1359,651.0,2355.0,True
1360,672.0,2355.0,True
1361,693.0,2355.0,True
1362,693.0,2355.0,True
1363,693.0,2355.0,False
1364,651.0,2355.0,True
1365,672.0,2355.0,True
1366,693.0,2355.0,True
1367,672.0,2355.0,True
1368,693.0,2355.0,True
1369,714.0,2355.0,False
1370,651.0,2355.0,True
1371,672.0,2355.0,False
1372,735.0,2355.0,True
1373,714.0,2355.0,True
1374,735.0,2355.0,True
1375,693.0,2355.0,True
1376,693.0,2355.0,True
1377,714.0,2355.0,True
1378,651.0,2355.0,True
1379,798.0,2355.0,True
1380,672.0,2355.0,True
1381,672.0,2355.0,True
1382,735.0,2355.0,False
1383,609.0,2355.0,False
1384,714.0,2355.0,False
1385,651.0,2355.0,True
1386,735.0,2355.0,False
1387,714.0,2355.0,True
1388,693.0,2355.0,True
1389,651.0,2355.0,True
1390,693.0,2355.0,True
1391,651.0,2355.0,True
1392,735.0,2355.0,True
1393,651.0,2355.0,True
1394,630.0,2355.0,True
1395,672.0,2355.0,True
1396,630.0,2355.0,False
1397,651.0,2355.0,True
1398,651.0,2355.0,False
1399,651.0,2355.0,False
1400,693.0,2355.0,True
1401,693.0,2355.0,True
1402,651.0,2355.0,True
1403,651.0,2355.0,False
1404,714.0,2355.0,True
1405,693.0,2355.0,True
1406,651.0,2355.0,True
1407,672.0,2355.0,True
1408,714.0,2355.0,True
1409,672.0,2355.0,True
1410,714.0,2355.0,True
1411,672.0,2355.0,True
1412,672.0,2355.0,False
1413,630.0,2355.0,True
1414,651.0,2355.0,True
1415,651.0,2355.0,True
1416,735.0,2355.0,True
1417,693.0,2355.0,False
1418,630.0,2355.0,True
1419,672.0,2355.0,True
1420,651.0,2355.0,True
1421,672.0,2355.0,True
1422,672.0,2355.0,False
1423,714.0,2355.0,False
1424,756.0,2355.0,True
1425,693.0,2355.0,True
1426,693.0,2355.0,True
1427,714.0,2355.0,True
1428,651.0,2355.0,False
1429,693.0,2355.0,True
1430,651.0,2355.0,True
1431,693.0,2355.0,True
1432,672.0,2355.0,True
1433,651.0,2355.0,True
1434,693.0,2355.0,True
1435,735.0,2355.0,True
1436,693.0,2355.0,True
1437,672.0,2355.0,True
1438,735.0,2355.0,True
1439,714.0,2355.0,True
1440,672.0,2355.0,True
1441,714.0,2355.0,False
1442,693.0,2355.0,True
1443,693.0,2355.0,True
1444,819.0,2355.0,True
1445,651.0,2355.0,False
1446,798.0,2355.0,True
1447,693.0,2355.0,False
1448,714.0,2355.0,False
1449,630.0,2355.0,True
1450,756.0,2355.0,True
1451,630.0,2355.0,True
1452,693.0,2355.0,False
1453,672.0,2355.0,True
1454,714.0,2355.0,True
1455,651.0,2355.0,True
1456,462.0,2355.0,True
1457,399.0,2355.0,True
1458,714.0,2355.0,True
1459,672.0,2355.0,True
1460,651.0,2355.0,True
1461,714.0,2355.0,True
1462,567.0,2355.0,True
1463,693.0,2355.0,True
1464,735.0,2355.0,True
1465,714.0,2355.0,True
1466,693.0,2355.0,False
1467,693.0,2355.0,True
1468,609.0,2355.0,True
1469,672.0,2355.0,True
1470,630.0,2355.0,True
1471,714.0,2355.0,False
1472,651.0,2355.0,True
1473,693.0,2355.0,True
1474,672.0,2355.0,True
1475,693.0,2355.0,True
1476,756.0,2355.0,True
1477,777.0,2355.0,True
1478,630.0,2355.0,True
1479,735.0,2355.0,True
1480,630.0,2355.0,True
1481,651.0,2355.0,True
1482,651.0,2355.0,True
1483,672.0,2355.0,True
1484,651.0,2355.0,True
1485,693.0,2355.0,False
1486,735.0,2355.0,True
1487,651.0,2355.0,True
1488,630.0,2355.0,False
1489,630.0,2355.0,True
1490,693.0,2355.0,True
1491,714.0,2355.0,True
1492,672.0,2355.0,True
1493,672.0,2355.0,True
1494,735.0,2355.0,True
1495,672.0,2355.0,True
1496,672.0,2355.0,True
1497,651.0,2355.0,True
1498,777.0,2355.0,True
1499,714.0,2355.0,True
1500,651.0,2355.0,True
1501,693.0,2355.0,True
1502,651.0,2355.0,True
1503,609.0,2355.0,True
1504,714.0,2355.0,True
1505,714.0,2355.0,True
1506,714.0,2355.0,True
1507,651.0,2355.0,True
1508,651.0,2355.0,True
1509,777.0,2355.0,True
1510,672.0,2355.0,True
1511,672.0,2355.0,True
1512,756.0,2355.0,True
1513,672.0,2355.0,True
1514,672.0,2355.0,True
1515,693.0,2355.0,True
1516,651.0,2355.0,True
1517,714.0,2355.0,False
1518,693.0,2355.0,True
1519,651.0,2355.0,False
1520,693.0,2355.0,True
1521,672.0,2355.0,True
1522,693.0,2355.0,True
1523,693.0,2355.0,True
1524,672.0,2355.0,True
1525,630.0,2355.0,True
1526,672.0,2355.0,True
1527,672.0,2355.0,False
1528,693.0,2355.0,True
1529,651.0,2355.0,False
1530,714.0,2355.0,True
1531,693.0,2355.0,True
1532,693.0,2355.0,True
1533,546.0,2355.0,True
1534,672.0,2355.0,True
1535,651.0,2355.0,False
1536,735.0,2355.0,True
1537,714.0,2355.0,True
1538,672.0,2355.0,True
1539,714.0,2355.0,True
1540,672.0,2355.0,True
1541,693.0,2355.0,True
1542,714.0,2355.0,True
1543,672.0,2355.0,True
1544,651.0,2355.0,False
1545,672.0,2355.0,False
1546,735.0,2355.0,False
1547,714.0,2355.0,True
1548,525.0,2355.0,True
1549,672.0,2355.0,True
1550,714.0,2355.0,True
1551,714.0,2355.0,False
1552,651.0,2355.0,True
1553,651.0,2355.0,True
1554,714.0,2355.0,True
1555,546.0,2355.0,True
1556,672.0,2355.0,True
1557,714.0,2355.0,True
1558,672.0,2355.0,True
1559,651.0,2355.0,True
1560,672.0,2355.0,True
1561,609.0,2355.0,True
1562,693.0,2355.0,False
1563,672.0,2355.0,True
1564,672.0,2355.0,True
1565,672.0,2355.0,True
1566,651.0,2355.0,True
1567,672.0,2355.0,True
1568,693.0,2355.0,True
1569,693.0,2355.0,True
1570,756.0,2355.0,True
1571,651.0,2355.0,True
1572,672.0,2355.0,True
1573,672.0,2355.0,True
1574,693.0,2355.0,True
1575,672.0,2355.0,True
1576,714.0,2355.0,False
1577,693.0,2355.0,True
1578,714.0,2355.0,False
1579,651.0,2355.0,True
1580,651.0,2355.0,True
1581,672.0,2355.0,True
1582,693.0,2355.0,True
1583,609.0,2355.0,True
1584,672.0,2355.0,True
1585,693.0,2355.0,True
1586,588.0,2355.0,True
1587,693.0,2355.0,True
1588,630.0,2355.0,False
1589,630.0,2355.0,True
1590,609.0,2355.0,True
1591,714.0,2355.0,True
1592,714.0,2355.0,False
1593,651.0,2355.0,True
1594,714.0,2355.0,True
1595,714.0,2355.0,False
1596,693.0,2355.0,False
1597,693.0,2355.0,False
1598,651.0,2355.0,True
1599,672.0,2355.0,False
1600,630.0,2355.0,True
1601,462.0,2355.0,True
1602,651.0,2355.0,True
1603,630.0,2355.0,True
1604,693.0,2355.0,True
1605,672.0,2355.0,True
1606,693.0,2355.0,True
1607,630.0,2355.0,False
1608,672.0,2355.0,True
1609,672.0,2355.0,False
1610,651.0,2355.0,True
1611,693.0,2355.0,True
1612,714.0,2355.0,False
1613,756.0,2355.0,True
1614,714.0,2355.0,False
1615,714.0,2355.0,True
1616,714.0,2355.0,True
1617,693.0,2355.0,True
1618,651.0,2355.0,True
1619,714.0,2355.0,True
1620,651.0,2355.0,True
1621,672.0,2355.0,True
1622,672.0,2355.0,True
1623,714.0,2355.0,True
1624,714.0,2355.0,True
1625,672.0,2355.0,True
1626,651.0,2355.0,True
1627,672.0,2355.0,False
1628,651.0,2355.0,True
1629,672.0,2355.0,True
1630,693.0,2355.0,True
1631,651.0,2355.0,True
1632,609.0,2355.0,True
1633,672.0,2355.0,True
1634,756.0,2355.0,True
1635,714.0,2355.0,True
1636,714.0,2355.0,True
1637,735.0,2355.0,False
1638,672.0,2355.0,True
1639,756.0,2355.0,True
1640,630.0,2355.0,True
1641,693.0,2355.0,True
1642,567.0,2355.0,True
1643,672.0,2355.0,True
1644,630.0,2355.0,True
1645,714.0,2355.0,True
1646,609.0,2355.0,False
1647,672.0,2355.0,True
1648,672.0,2355.0,True
1649,693.0,2355.0,True
1650,546.0,2355.0,False
1651,693.0,2355.0,True
1652,651.0,2355.0,True
1653,756.0,2355.0,False
1654,672.0,2355.0,True
1655,693.0,2355.0,True
1656,693.0,2355.0,True
1657,651.0,2355.0,True
1658,672.0,2355.0,True
1659,714.0,2355.0,True
1660,693.0,2355.0,True
1661,630.0,2355.0,True
1662,693.0,2355.0,False
1663,630.0,2355.0,True
1664,483.0,2355.0,False
1665,714.0,2355.0,False
1666,630.0,2355.0,True
1667,693.0,2355.0,False
1668,693.0,2355.0,True
1669,714.0,2355.0,True
1670,714.0,2355.0,True
1671,651.0,2355.0,True
1672,651.0,2355.0,True
1673,651.0,2355.0,True
1674,672.0,2355.0,True
1675,714.0,2355.0,False
1676,651.0,2355.0,True
1677,672.0,2355.0,True
1678,735.0,2355.0,True
1679,672.0,2355.0,True
1680,693.0,2355.0,True
1681,630.0,2355.0,True
1682,714.0,2355.0,True
1683,630.0,2355.0,True
1684,693.0,2355.0,False
1685,672.0,2355.0,True
1686,693.0,2355.0,True
1687,714.0,2355.0,True
1688,651.0,2355.0,True
1689,756.0,2355.0,False
1690,672.0,2355.0,True
1691,693.0,2355.0,True
1692,672.0,2355.0,True
1693,672.0,2355.0,True
1694,672.0,2355.0,True
1695,735.0,2355.0,True
1696,672.0,2355.0,True
1697,693.0,2355.0,False
1698,609.0,2355.0,True
1699,672.0,2355.0,True
1700,672.0,2355.0,False
1701,630.0,2355.0,True
1702,693.0,2355.0,True
1703,672.0,2355.0,True
1704,651.0,2355.0,True
1705,693.0,2355.0,True
1706,693.0,2355.0,True
1707,651.0,2355.0,True
1708,672.0,2355.0,True
1709,714.0,2355.0,True
1710,693.0,2355.0,False
1711,672.0,2355.0,True
1712,630.0,2355.0,True
1713,693.0,2355.0,True
1714,735.0,2355.0,True
1715,693.0,2355.0,True
1716,672.0,2355.0,True
1717,672.0,2355.0,True
1718,693.0,2355.0,True
1719,672.0,2355.0,True
1720,777.0,2355.0,True
1721,714.0,2355.0,False
1722,567.0,2355.0,True
1723,609.0,2355.0,True
1724,630.0,2355.0,True
1725,693.0,2355.0,True
1726,630.0,2355.0,True
1727,651.0,2355.0,True
1728,651.0,2355.0,True
1729,672.0,2355.0,True
1730,630.0,2355.0,True
1731,714.0,2355.0,True
1732,651.0,2355.0,True
1733,714.0,2355.0,True
1734,651.0,2355.0,True
1735,651.0,2355.0,True
1736,651.0,2355.0,True
1737,651.0,2355.0,True
1738,672.0,2355.0,True
1739,693.0,2355.0,True
1740,672.0,2355.0,False
1741,630.0,2355.0,True
1742,735.0,2355.0,True
1743,672.0,2355.0,True
1744,693.0,2355.0,False
1745,672.0,2355.0,True
1746,693.0,2355.0,True
1747,777.0,2355.0,True
1748,672.0,2355.0,True
1749,735.0,2355.0,False
1750,756.0,2355.0,True
1751,651.0,2355.0,True
1752,672.0,2355.0,True
1753,651.0,2355.0,True
1754,672.0,2355.0,True
1755,672.0,2355.0,True
1756,693.0,2355.0,True
1757,609.0,2355.0,True
1758,672.0,2355.0,True
1759,672.0,2355.0,False
1760,630.0,2355.0,True
1761,672.0,2355.0,True
1762,630.0,2355.0,True
1763,651.0,2355.0,True
1764,672.0,2355.0,True
1765,651.0,2355.0,True
1766,672.0,2355.0,True
1767,630.0,2355.0,False
1768,672.0,2355.0,True
1769,693.0,2355.0,True
1770,672.0,2355.0,True
1771,672.0,2355.0,True
1772,672.0,2355.0,True
1773,651.0,2355.0,True
1774,693.0,2355.0,True
1775,651.0,2355.0,False
1776,693.0,2355.0,True
1777,651.0,2355.0,True
1778,735.0,2355.0,True
1779,651.0,2355.0,True
1780,672.0,2355.0,True
1781,651.0,2355.0,True
1782,735.0,2355.0,False
1783,651.0,2355.0,True
1784,693.0,2355.0,False
1785,735.0,2355.0,True
1786,651.0,2355.0,True
1787,735.0,2355.0,False
1788,693.0,2355.0,True
1789,693.0,2355.0,True
1790,567.0,2355.0,True
1791,609.0,2355.0,True
1792,630.0,2355.0,True
1793,651.0,2355.0,True
1794,693.0,2355.0,True
1795,693.0,2355.0,True
1796,651.0,2355.0,True
1797,672.0,2355.0,True
1798,672.0,2355.0,True
1799,735.0,2355.0,True
1800,651.0,2355.0,True
1801,672.0,2355.0,True
1802,651.0,2355.0,True
1803,651.0,2355.0,True
1804,672.0,2355.0,True
1805,672.0,2355.0,True
1806,672.0,2355.0,True
1807,756.0,2355.0,True
1808,714.0,2355.0,True
1809,693.0,2355.0,True
1810,693.0,2355.0,True
1811,714.0,2355.0,True
1812,630.0,2355.0,True
1813,651.0,2355.0,True
1814,777.0,2355.0,True
1815,525.0,2355.0,True
1816,651.0,2355.0,True
1817,630.0,2355.0,False
1818,672.0,2355.0,True
1819,714.0,2355.0,True
1820,693.0,2355.0,True
1821,714.0,2355.0,True
1822,693.0,2355.0,True
1823,651.0,2355.0,True
1824,651.0,2355.0,True
1825,630.0,2355.0,True
1826,693.0,2355.0,True
1827,756.0,2355.0,True
1828,651.0,2355.0,True
1829,651.0,2355.0,True
1830,651.0,2355.0,True
1831,651.0,2355.0,False
1832,504.0,2355.0,True
1833,672.0,2355.0,False
1834,651.0,2355.0,True
1835,672.0,2355.0,True
1836,672.0,2355.0,True
1837,672.0,2355.0,True
1838,714.0,2355.0,True
1839,693.0,2355.0,True
1840,693.0,2355.0,True
1841,735.0,2355.0,True
1842,672.0,2355.0,True
1843,693.0,2355.0,True
1844,693.0,2355.0,True
1845,672.0,2355.0,True
1846,651.0,2355.0,True
1847,651.0,2355.0,False
1848,735.0,2355.0,True
1849,630.0,2355.0,True
1850,651.0,2355.0,True
1851,651.0,2355.0,False
1852,651.0,2355.0,True
1853,609.0,2355.0,True
1854,672.0,2355.0,True
1855,672.0,2355.0,True
1856,714.0,2355.0,True
1857,651.0,2355.0,True
1858,672.0,2355.0,True
1859,672.0,2355.0,True
1860,756.0,2355.0,False
1861,651.0,2355.0,True
1862,714.0,2355.0,False
1863,714.0,2355.0,True
1864,672.0,2355.0,True
1865,693.0,2355.0,False
1866,714.0,2355.0,True
1867,651.0,2355.0,True
1868,672.0,2355.0,False
1869,693.0,2355.0,True
1870,672.0,2355.0,True
1871,672.0,2355.0,True
1872,672.0,2355.0,True
1873,714.0,2355.0,True
1874,714.0,2355.0,True
1875,651.0,2355.0,True
1876,567.0,2355.0,True
1877,630.0,2355.0,True
1878,672.0,2355.0,True
1879,672.0,2355.0,True
1880,693.0,2355.0,True
1881,714.0,2355.0,True
1882,651.0,2355.0,True
1883,672.0,2355.0,True
1884,693.0,2355.0,True
1885,651.0,2355.0,True
1886,693.0,2355.0,True
1887,693.0,2355.0,True
1888,672.0,2355.0,True
1889,672.0,2355.0,True
1890,714.0,2355.0,True
1891,714.0,2355.0,True
1892,672.0,2355.0,True
1893,651.0,2355.0,False
1894,735.0,2355.0,False
1895,630.0,2355.0,True
1896,735.0,2355.0,True
1897,672.0,2355.0,True
1898,693.0,2355.0,True
1899,672.0,2355.0,False
1900,672.0,2355.0,True
1901,651.0,2355.0,True
1902,672.0,2355.0,True
1903,693.0,2355.0,True
1904,693.0,2355.0,False
1905,672.0,2355.0,True
1906,735.0,2355.0,True
1907,693.0,2355.0,True
1908,714.0,2355.0,True
1909,693.0,2355.0,True
1910,630.0,2355.0,True
1911,777.0,2355.0,True
1912,735.0,2355.0,True
1913,672.0,2355.0,True
1914,693.0,2355.0,False
1915,714.0,2355.0,True
1916,672.0,2355.0,False
1917,693.0,2355.0,True
1918,651.0,2355.0,True
1919,693.0,2355.0,True
1920,672.0,2355.0,False
1921,651.0,2355.0,True
1922,693.0,2355.0,True
1923,693.0,2355.0,True
1924,651.0,2355.0,True
1925,693.0,2355.0,True
1926,693.0,2355.0,True
1927,672.0,2355.0,True
1928,693.0,2355.0,True
1929,672.0,2355.0,False
1930,462.0,2355.0,True
1931,672.0,2355.0,True
1932,693.0,2355.0,True
1933,672.0,2355.0,True
1934,714.0,2355.0,True
1935,693.0,2355.0,True
1936,693.0,2355.0,True
1937,735.0,2355.0,True
1938,399.0,2355.0,True
1939,630.0,2355.0,True
1940,735.0,2355.0,False
1941,714.0,2355.0,True
1942,756.0,2355.0,True
1943,693.0,2355.0,True
1944,714.0,2355.0,True
1945,693.0,2355.0,True
1946,693.0,2355.0,True
1947,672.0,2355.0,True
1948,651.0,2355.0,True
1949,693.0,2355.0,True
1950,693.0,2355.0,True
1951,630.0,2355.0,True
1952,693.0,2355.0,True
1953,672.0,2355.0,True
1954,672.0,2355.0,True
1955,693.0,2355.0,True
1956,672.0,2355.0,True
1957,693.0,2355.0,True
1958,672.0,2355.0,True
1959,651.0,2355.0,True
1960,693.0,2355.0,True
1961,672.0,2355.0,True
1962,693.0,2355.0,True
1963,672.0,2355.0,True
1964,672.0,2355.0,True
1965,672.0,2355.0,True
1966,630.0,2355.0,True
1967,672.0,2355.0,True
1968,672.0,2355.0,True
1969,714.0,2355.0,True
1970,672.0,2355.0,True
1971,651.0,2355.0,True
1972,672.0,2355.0,False
1973,651.0,2355.0,True
1974,735.0,2355.0,True
1975,672.0,2355.0,True
1976,693.0,2355.0,False
1977,672.0,2355.0,True
1978,693.0,2355.0,True
1979,651.0,2355.0,False
1980,630.0,2355.0,True
1981,630.0,2355.0,True
1982,693.0,2355.0,True
1983,735.0,2355.0,True
1984,756.0,2355.0,True
1985,672.0,2355.0,True
1986,672.0,2355.0,True
1987,630.0,2355.0,True
1988,651.0,2355.0,True
1989,714.0,2355.0,True
1990,651.0,2355.0,True
1991,714.0,2355.0,True
1992,483.0,2355.0,True
1993,735.0,2355.0,False
1994,672.0,2355.0,True
1995,672.0,2355.0,False
1996,651.0,2355.0,True
1997,693.0,2355.0,True
1998,672.0,2355.0,False
1999,651.0,2355.0,False
