0,105.0,105.0,True
1,113.4,126.0,True
2,105.0,126.0,True
3,117.6,126.0,True
4,113.4,126.0,True
5,411.6,546.0,True
6,470.4,609.0,True
7,462.0,609.0,True
8,462.0,609.0,True
9,436.8,609.0,False
10,436.8,609.0,True
11,403.2,609.0,True
12,420.0,609.0,True
13,462.0,609.0,True
14,441.0,609.0,True
15,403.2,609.0,True
16,436.8,609.0,True
17,453.6,609.0,True
18,453.6,609.0,True
19,432.6,609.0,True
20,457.8,609.0,True
21,428.4,609.0,True
22,445.2,609.0,False
23,453.6,609.0,True
24,474.6,609.0,False
25,495.6,609.0,True
26,424.2,609.0,True
27,420.0,609.0,True
28,575.4,714.0,True
29,478.8,714.0,False
30,613.2,714.0,True
31,546.0,714.0,True
32,520.8,714.0,True
33,567.0,714.0,True
34,596.4,714.0,False
35,596.4,714.0,True
36,525.0,714.0,True
37,520.8,714.0,True
38,617.4,714.0,False
39,546.0,735.0,False
40,621.6,735.0,True
41,588.0,735.0,True
42,466.2,735.0,True
43,512.4,735.0,False
44,541.8,735.0,True
45,525.0,735.0,True
46,470.4,735.0,True
47,604.8,735.0,False
48,596.4,735.0,False
49,592.2,735.0,False
50,659.4,735.0,True
51,604.8,735.0,True
52,533.4,735.0,True
53,529.2,777.0,True
54,617.4,777.0,True
55,638.4,777.0,True
56,651.0,777.0,True
57,667.8,777.0,True
58,638.4,777.0,False
59,651.0,777.0,True
60,621.6,777.0,False
61,630.0,777.0,True
62,659.4,777.0,True
63,646.8,777.0,False
64,646.8,777.0,True
65,646.8,777.0,True
66,609.0,777.0,False
67,684.6,798.0,True
68,634.2,798.0,False
69,634.2,798.0,True
70,680.4,798.0,False
71,688.8,798.0,True
72,604.8,798.0,False
73,663.6,798.0,True
74,680.4,798.0,True
75,680.4,798.0,True
76,672.0,798.0,False
77,688.8,798.0,True
78,663.6,798.0,True
79,680.4,798.0,True
80,684.6,798.0,True
81,667.8,798.0,False
82,672.0,798.0,False
83,667.8,798.0,False
84,680.4,798.0,False
85,684.6,798.0,True
86,676.2,798.0,True
87,688.8,798.0,False
88,676.2,798.0,True
89,693.0,798.0,False
90,676.2,798.0,False
91,697.2,798.0,True
92,697.2,798.0,True
93,688.8,798.0,False
94,701.4,798.0,True
95,684.6,798.0,False
96,693.0,798.0,False
97,688.8,798.0,True
98,701.4,798.0,True
99,659.4,798.0,False
100,680.4,798.0,True
101,688.8,798.0,True
102,718.2,819.0,False
103,676.2,819.0,False
104,718.2,819.0,False
105,667.8,819.0,True
106,672.0,819.0,True
107,701.4,819.0,False
108,726.6,819.0,False
109,684.6,819.0,False
110,705.6,819.0,True
111,672.0,819.0,False
112,697.2,819.0,False
113,676.2,819.0,True
114,688.8,819.0,False
115,693.0,819.0,True
116,680.4,819.0,False
117,697.2,819.0,True
118,718.2,819.0,False
119,693.0,819.0,False
120,701.4,819.0,True
121,688.8,819.0,True
122,667.8,819.0,False
123,705.6,819.0,True
124,672.0,819.0,True
125,688.8,819.0,False
126,701.4,819.0,False
127,701.4,819.0,True
128,680.4,819.0,True
129,705.6,819.0,False
130,701.4,819.0,False
131,684.6,819.0,True
132,680.4,819.0,True
133,688.8,819.0,True
134,680.4,819.0,True
135,688.8,819.0,True
136,701.4,819.0,False
137,693.0,819.0,True
138,701.4,819.0,False
139,688.8,819.0,False
140,676.2,819.0,False
141,688.8,819.0,True
142,676.2,819.0,False
143,684.6,819.0,True
144,684.6,819.0,False
145,680.4,819.0,False
146,684.6,819.0,False
147,676.2,819.0,False
148,634.2,819.0,True
149,604.8,819.0,False
150,579.6,819.0,False
151,651.0,819.0,False
152,575.4,819.0,False
153,617.4,819.0,True
154,567.0,819.0,True
155,621.6,819.0,True
156,609.0,819.0,True
157,651.0,819.0,True
158,659.4,819.0,True
159,600.6,819.0,False
160,646.8,819.0,False
161,655.2,819.0,True
162,655.2,819.0,False
163,651.0,819.0,True
164,672.0,819.0,True
165,680.4,819.0,True
166,642.6,819.0,False
167,651.0,819.0,False
168,667.8,819.0,True
169,680.4,819.0,False
170,655.2,819.0,True
171,646.8,819.0,True
172,655.2,819.0,True
173,672.0,819.0,False
174,617.4,819.0,True
175,567.0,819.0,False
176,655.2,819.0,True
177,558.6,819.0,False
178,659.4,819.0,True
179,630.0,819.0,True
180,634.2,819.0,False
181,625.8,819.0,True
182,625.8,819.0,False
183,630.0,819.0,True
184,651.0,819.0,True
185,663.6,819.0,True
186,659.4,819.0,False
187,655.2,819.0,False
188,693.0,840.0,True
189,646.8,840.0,False
190,630.0,840.0,False
191,680.4,840.0,True
192,667.8,840.0,False
193,655.2,840.0,True
194,697.2,840.0,True
195,655.2,840.0,True
196,693.0,840.0,True
197,705.6,840.0,True
198,718.2,840.0,True
199,676.2,840.0,True
200,642.6,840.0,False
201,705.6,840.0,True
202,646.8,840.0,True
203,739.2,840.0,True
204,672.0,840.0,True
205,676.2,840.0,False
206,726.6,840.0,True
207,672.0,840.0,True
208,625.8,840.0,True
209,735.0,840.0,True
210,688.8,840.0,True
211,680.4,840.0,True
212,688.8,840.0,False
213,659.4,840.0,True
214,680.4,840.0,True
215,684.6,840.0,False
216,684.6,840.0,False
217,659.4,840.0,False
218,718.2,840.0,True
219,613.2,840.0,False
220,676.2,840.0,False
221,785.4,1449.0,False
222,688.8,1449.0,False
223,634.2,1449.0,False
224,659.4,1449.0,False
225,709.8,1449.0,True
226,714.0,1449.0,False
227,613.2,1449.0,True
228,533.4,1449.0,False
229,550.2,1449.0,False
230,592.2,1449.0,False
231,504.0,1449.0,False
232,399.0,1449.0,True
233,504.0,1449.0,True
234,550.2,1449.0,True
235,546.0,1449.0,True
236,520.8,1449.0,True
237,462.0,1449.0,True
238,546.0,1449.0,True
239,491.4,1449.0,False
240,499.8,1449.0,True
241,478.8,1449.0,True
242,441.0,1449.0,True
243,403.2,1449.0,True
244,499.8,1449.0,True
245,441.0,1449.0,False
246,462.0,1449.0,True
247,457.8,1449.0,True
248,491.4,1449.0,False
249,470.4,1449.0,True
250,474.6,1449.0,True
251,449.4,1449.0,False
252,470.4,1449.0,True
253,411.6,1449.0,True
254,449.4,1449.0,False
255,369.6,1449.0,True
256,403.2,1449.0,False
257,445.2,1449.0,False
258,441.0,1449.0,True
259,457.8,1449.0,False
260,407.4,1449.0,True
261,420.0,1449.0,False
262,462.0,1449.0,False
263,453.6,1449.0,True
264,445.2,1449.0,True
265,499.8,1449.0,True
266,441.0,1449.0,False
267,499.8,1449.0,True
268,420.0,1449.0,True
269,420.0,1449.0,True
270,474.6,1449.0,True
271,478.8,1449.0,True
272,420.0,1449.0,True
273,436.8,1449.0,False
274,684.6,1449.0,True
275,672.0,1449.0,True
276,676.2,1449.0,True
277,693.0,1449.0,False
278,693.0,1449.0,False
279,701.4,1449.0,True
280,684.6,1449.0,False
281,705.6,1449.0,True
282,684.6,1449.0,True
283,722.4,1449.0,False
284,697.2,1449.0,False
285,705.6,1449.0,True
286,680.4,1449.0,False
287,684.6,1449.0,True
288,688.8,1449.0,False
289,714.0,1449.0,True
290,693.0,1449.0,False
291,693.0,1449.0,False
292,722.4,1449.0,True
293,735.0,1449.0,True
294,688.8,1449.0,True
295,764.4,1449.0,True
296,693.0,1449.0,True
297,705.6,1449.0,False
298,726.6,1449.0,False
299,680.4,1449.0,False
300,688.8,1449.0,False
301,697.2,1449.0,False
302,684.6,1449.0,True
303,718.2,1449.0,True
304,659.4,1449.0,False
305,714.0,1449.0,False
306,688.8,1449.0,True
307,718.2,1449.0,False
308,718.2,1449.0,True
309,772.8,1449.0,False
310,705.6,1449.0,True
311,718.2,1449.0,True
312,684.6,1449.0,False
313,684.6,1449.0,True
314,676.2,1449.0,True
315,676.2,1449.0,False
316,718.2,1449.0,True
317,730.8,1449.0,True
318,688.8,1449.0,True
319,714.0,1449.0,True
320,718.2,1449.0,True
321,688.8,1449.0,True
322,659.4,1449.0,False
323,693.0,1449.0,True
324,714.0,1449.0,True
325,701.4,1449.0,True
326,693.0,1449.0,True
327,739.2,1449.0,True
328,705.6,1449.0,True
329,680.4,1449.0,True
330,684.6,1449.0,False
331,718.2,1449.0,False
332,693.0,1449.0,False
333,680.4,1449.0,False
334,701.4,1449.0,False
335,688.8,1449.0,True
336,730.8,1449.0,False
337,693.0,1449.0,False
338,677.4,1449.0,True
339,667.0,1449.0,False
340,676.8,1449.0,False
341,694.0,1449.0,True
342,661.0,1449.0,False
343,679.4,1449.0,False
344,697.2,1449.0,True
345,688.8,1449.0,True
346,684.6,1449.0,False
347,688.8,1449.0,False
348,697.2,1449.0,True
349,714.0,1449.0,False
350,684.6,1449.0,True
351,718.2,1449.0,True
352,684.6,1449.0,True
353,663.6,1449.0,False
354,680.4,1449.0,True
355,726.6,1449.0,True
356,718.2,1449.0,False
357,676.2,1449.0,True
358,693.0,1449.0,False
359,684.6,1449.0,True
360,701.4,1449.0,True
361,693.0,1449.0,True
362,726.6,1449.0,False
363,693.0,1449.0,False
364,663.6,1449.0,False
365,718.2,1449.0,True
366,701.4,1449.0,False
367,630.0,1449.0,False
368,676.2,1449.0,False
369,714.0,1449.0,False
370,722.4,1449.0,False
371,726.6,1449.0,False
372,722.4,1449.0,False
373,688.8,1449.0,False
374,676.2,1449.0,False
375,663.6,1449.0,True
376,688.8,1449.0,False
377,714.0,1449.0,True
378,714.0,1449.0,False
379,571.2,1449.0,False
380,705.6,1449.0,True
381,672.0,1449.0,True
382,680.4,1449.0,False
383,730.8,1449.0,False
384,697.2,1449.0,False
385,688.8,1449.0,False
386,693.0,1449.0,False
387,718.2,1449.0,False
388,663.6,1449.0,False
389,688.8,1449.0,False
390,705.6,1449.0,True
391,709.8,1449.0,True
392,693.0,1449.0,False
393,697.2,1449.0,True
394,714.0,1449.0,True
395,676.2,1449.0,False
396,688.8,1449.0,False
397,697.2,1449.0,True
398,1020.6,2352.0,True
399,672.0,2352.0,False
400,693.0,2352.0,True
401,688.8,2352.0,False
402,688.8,2352.0,True
403,651.0,2352.0,False
404,701.4,2352.0,True
405,709.8,2352.0,False
406,705.6,2352.0,True
407,873.6,2352.0,True
408,718.2,2352.0,True
409,730.8,2352.0,True
410,705.6,2352.0,True
411,684.6,2352.0,False
412,726.6,2352.0,True
413,693.0,2352.0,True
414,688.8,2352.0,False
415,697.2,2352.0,True
416,709.8,2352.0,True
417,680.4,2352.0,False
418,730.8,2352.0,True
419,730.8,2352.0,True
420,680.4,2352.0,True
421,693.0,2352.0,False
422,693.0,2352.0,True
423,730.8,2352.0,False
424,709.8,2352.0,False
425,709.8,2352.0,True
426,688.8,2352.0,False
427,680.4,2352.0,False
428,701.4,2352.0,True
429,680.4,2352.0,True
430,705.6,2352.0,True
431,718.2,2352.0,False
432,709.8,2352.0,False
433,676.2,2352.0,False
434,701.4,2352.0,False
435,693.0,2352.0,False
436,722.4,2352.0,True
437,735.0,2352.0,True
438,722.4,2352.0,True
439,680.4,2352.0,False
440,701.4,2352.0,True
441,701.4,2352.0,False
442,693.0,2352.0,True
443,705.6,2352.0,True
444,659.4,2352.0,True
445,651.0,2352.0,True
446,693.0,2352.0,True
447,667.8,2352.0,False
448,693.0,2352.0,False
449,588.0,2352.0,False
450,672.0,2352.0,True
451,676.2,2352.0,False
452,617.4,2352.0,True
453,462.0,2352.0,False
454,520.8,2352.0,False
455,491.4,2352.0,True
456,613.2,2352.0,True
457,613.2,2352.0,False
458,558.6,2352.0,True
459,663.6,2352.0,True
460,583.8,2352.0,True
461,541.8,2352.0,False
462,634.2,2352.0,True
463,571.2,2352.0,True
464,546.0,2352.0,True
465,583.8,2352.0,False
466,672.0,2352.0,False
467,680.4,2352.0,True
468,583.8,2352.0,False
469,592.2,2352.0,True
470,583.8,2352.0,True
471,651.0,2352.0,True
472,441.0,2352.0,False
473,672.0,2352.0,True
474,609.0,2352.0,True
475,567.0,2352.0,True
476,634.2,2352.0,False
477,625.8,2352.0,False
478,676.2,2352.0,True
479,625.8,2352.0,True
480,642.6,2352.0,True
481,663.6,2352.0,True
482,638.4,2352.0,False
483,655.2,2352.0,True
484,625.8,2352.0,True
485,583.8,2352.0,False
486,529.2,2352.0,True
487,600.6,2352.0,True
488,554.4,2352.0,True
489,609.0,2352.0,False
490,600.6,2352.0,False
491,554.4,2352.0,False
492,634.2,2352.0,True
493,625.8,2352.0,True
494,504.0,2352.0,False
495,634.2,2352.0,False
496,604.8,2352.0,False
497,659.4,2352.0,True
498,663.6,2352.0,False
499,659.4,2352.0,True
500,575.4,2352.0,True
501,613.2,2352.0,False
502,579.6,2352.0,True
503,648.8,2352.0,True
504,606.6,2352.0,True
505,602.6,2352.0,False
506,638.2,2352.0,True
507,491.4,2352.0,False
508,583.8,2352.0,True
509,564.8,2352.0,False
510,596.4,2352.0,True
511,575.4,2352.0,False
512,606.6,2352.0,True
513,552.2,2352.0,False
514,648.8,2352.0,True
515,606.8,2352.0,False
516,567.0,2352.0,True
517,619.4,2352.0,True
518,642.6,2352.0,False
519,571.2,2352.0,True
520,638.4,2352.0,False
521,596.4,2352.0,True
522,596.4,2352.0,False
523,600.6,2352.0,True
524,541.8,2352.0,False
525,529.2,2352.0,False
526,575.4,2352.0,False
527,613.2,2352.0,True
528,604.8,2352.0,True
529,630.0,2352.0,False
530,642.6,2352.0,False
531,457.8,2352.0,True
532,617.4,2352.0,False
533,613.2,2352.0,False
534,646.8,2352.0,False
535,630.0,2352.0,False
536,609.0,2352.0,False
537,621.6,2352.0,False
538,609.0,2352.0,True
539,604.8,2352.0,True
540,642.6,2352.0,True
541,583.8,2352.0,True
542,634.2,2352.0,False
543,596.4,2352.0,False
544,571.2,2352.0,True
545,651.0,2352.0,True
546,630.0,2352.0,True
547,625.8,2352.0,False
548,625.8,2352.0,False
549,646.8,2352.0,False
550,583.8,2352.0,False
551,646.8,2352.0,False
552,588.0,2352.0,False
553,659.4,2352.0,False
554,592.2,2352.0,False
555,550.2,2352.0,True
556,592.2,2352.0,True
557,651.0,2352.0,False
558,575.4,2352.0,True
559,625.8,2352.0,True
560,638.4,2352.0,True
561,642.6,2352.0,True
562,609.0,2352.0,True
563,625.8,2352.0,False
564,604.8,2352.0,False
565,604.8,2352.0,False
566,562.8,2352.0,False
567,663.6,2352.0,False
568,667.8,2352.0,True
569,659.4,2352.0,False
570,596.4,2352.0,True
571,646.8,2352.0,True
572,646.8,2352.0,True
573,651.0,2352.0,False
574,625.8,2352.0,True
575,613.2,2352.0,True
576,604.8,2352.0,True
577,642.6,2352.0,False
578,592.2,2352.0,True
579,638.4,2352.0,True
580,537.6,2352.0,True
581,504.0,2352.0,True
582,411.6,2352.0,False
583,457.8,2352.0,True
584,478.8,2352.0,True
585,504.0,2352.0,True
586,499.8,2352.0,True
587,399.0,2352.0,True
588,508.2,2352.0,False
589,508.2,2352.0,False
590,487.2,2352.0,True
591,487.2,2352.0,True
592,449.4,2352.0,False
593,491.4,2352.0,False
594,436.8,2352.0,False
595,487.2,2352.0,False
596,474.6,2352.0,True
597,457.8,2352.0,True
598,588.0,2352.0,True
599,504.0,2352.0,False
600,508.2,2352.0,True
601,466.2,2352.0,True
602,562.8,2352.0,True
603,483.0,2352.0,True
604,609.0,2352.0,True
605,483.0,2352.0,False
606,567.0,2352.0,True
607,583.8,2352.0,True
608,562.8,2352.0,True
609,529.2,2352.0,False
610,571.2,2352.0,True
611,567.0,2352.0,True
612,604.8,2352.0,True
613,495.6,2352.0,True
614,638.4,2352.0,False
615,558.6,2352.0,True
616,541.8,2352.0,True
617,562.8,2352.0,False
618,562.8,2352.0,True
619,562.8,2352.0,True
620,567.0,2352.0,False
621,462.0,2352.0,False
622,520.8,2352.0,True
623,470.4,2352.0,False
624,529.2,2352.0,False
625,550.2,2352.0,False
626,554.4,2352.0,True
627,579.6,2352.0,True
628,571.2,2352.0,False
629,600.6,2352.0,False
630,613.2,2352.0,False
631,525.0,2352.0,True
632,504.0,2352.0,False
633,525.0,2352.0,False
634,600.6,2352.0,True
635,533.4,2352.0,True
636,676.2,2352.0,False
637,613.2,2352.0,False
638,617.4,2352.0,True
639,487.2,2352.0,False
640,466.2,2352.0,True
641,588.0,2352.0,True
642,575.4,2352.0,True
643,525.0,2352.0,False
644,541.8,2352.0,True
645,546.0,2352.0,True
646,571.2,2352.0,True
647,495.6,2352.0,False
648,466.2,2352.0,True
649,499.8,2352.0,False
650,478.8,2352.0,True
651,491.4,2352.0,True
652,550.2,2352.0,True
653,541.8,2352.0,True
654,512.4,2352.0,False
655,369.6,2352.0,False
656,583.8,2352.0,True
657,457.8,2352.0,True
658,525.0,2352.0,True
659,394.8,2352.0,True
660,470.4,2352.0,True
661,466.2,2352.0,True
662,462.0,2352.0,True
663,457.8,2352.0,False
664,428.4,2352.0,True
665,478.8,2352.0,True
666,466.2,2352.0,False
667,424.2,2352.0,True
668,516.6,2352.0,True
669,466.2,2352.0,True
670,541.8,2352.0,True
671,403.2,2352.0,False
672,504.0,2352.0,True
673,499.8,2352.0,True
674,491.4,2352.0,True
675,386.4,2352.0,False
676,466.2,2352.0,False
677,428.4,2352.0,True
678,436.8,2352.0,True
679,478.8,2352.0,True
680,361.2,2352.0,False
681,415.8,2352.0,True
682,436.8,2352.0,True
683,478.8,2352.0,True
684,466.2,2352.0,True
685,428.4,2352.0,True
686,478.8,2352.0,True
687,403.2,2352.0,False
688,470.4,2352.0,False
689,432.6,2352.0,True
690,407.4,2352.0,False
691,415.8,2352.0,False
692,411.6,2352.0,True
693,474.6,2352.0,True
694,449.4,2352.0,False
695,432.6,2352.0,False
696,411.6,2352.0,True
697,411.6,2352.0,True
698,525.0,2352.0,False
699,399.0,2352.0,True
700,495.6,2352.0,True
701,394.8,2352.0,True
702,499.8,2352.0,True
703,411.6,2352.0,True
704,411.6,2352.0,False
705,483.0,2352.0,True
706,441.0,2352.0,True
707,462.0,2352.0,True
708,449.4,2352.0,True
709,407.4,2352.0,True
710,495.6,2352.0,True
711,457.8,2352.0,False
712,445.2,2352.0,True
713,432.6,2352.0,True
714,415.8,2352.0,True
715,432.6,2352.0,False
716,504.0,2352.0,False
717,449.4,2352.0,False
718,415.8,2352.0,True
719,407.4,2352.0,True
720,462.0,2352.0,True
721,441.0,2352.0,False
722,483.0,2352.0,True
723,487.2,2352.0,True
724,453.6,2352.0,True
725,483.0,2352.0,True
726,470.4,2352.0,True
727,420.0,2352.0,True
728,483.0,2352.0,True
729,470.4,2352.0,False
730,449.4,2352.0,True
731,407.4,2352.0,True
732,474.6,2352.0,True
733,415.8,2352.0,True
734,499.8,2352.0,True
735,453.6,2352.0,True
736,432.6,2352.0,True
737,403.2,2352.0,True
738,441.0,2352.0,True
739,436.8,2352.0,True
740,474.6,2352.0,True
741,487.2,2352.0,True
742,449.4,2352.0,True
743,378.0,2352.0,False
744,436.8,2352.0,False
745,415.8,2352.0,True
746,470.4,2352.0,True
747,483.0,2352.0,True
748,453.6,2352.0,True
749,495.6,2352.0,True
750,394.8,2352.0,True
751,512.4,2352.0,True
752,457.8,2352.0,True
753,436.8,2352.0,True
754,386.4,2352.0,True
755,457.8,2352.0,True
756,453.6,2352.0,True
757,470.4,2352.0,False
758,424.2,2352.0,True
759,449.4,2352.0,True
760,478.8,2352.0,True
761,470.4,2352.0,False
762,470.4,2352.0,True
763,399.0,2352.0,False
764,394.8,2352.0,True
765,420.0,2352.0,True
766,428.4,2352.0,True
767,529.2,2352.0,True
768,445.2,2352.0,True
769,432.6,2352.0,True
770,495.6,2352.0,True
771,491.4,2352.0,True
772,407.4,2352.0,True
773,441.0,2352.0,True
774,432.6,2352.0,False
775,470.4,2352.0,True
776,474.6,2352.0,True
777,525.0,2352.0,False
778,525.0,2352.0,False
779,487.2,2352.0,True
780,441.0,2352.0,True
781,499.8,2352.0,False
782,600.6,2352.0,False
783,457.8,2352.0,True
784,533.4,2352.0,True
785,457.8,2352.0,True
786,541.8,2352.0,True
787,558.6,2352.0,False
788,533.4,2352.0,True
789,558.6,2352.0,True
790,462.0,2352.0,False
791,436.8,2352.0,True
792,609.0,2352.0,False
793,445.2,2352.0,True
794,525.0,2352.0,True
795,449.4,2352.0,True
796,550.2,2352.0,False
797,533.4,2352.0,True
798,466.2,2352.0,True
799,478.8,2352.0,False
800,483.0,2352.0,True
801,567.0,2352.0,True
802,474.6,2352.0,True
803,634.2,2352.0,False
804,415.8,2352.0,True
805,420.0,2352.0,True
806,466.2,2352.0,True
807,491.4,2352.0,True
808,394.8,2352.0,True
809,424.2,2352.0,True
810,449.4,2352.0,True
811,462.0,2352.0,True
812,470.4,2352.0,False
813,432.6,2352.0,False
814,441.0,2352.0,True
815,424.2,2352.0,True
816,457.8,2352.0,True
817,453.6,2352.0,False
818,394.8,2352.0,True
819,382.2,2352.0,False
820,323.4,2352.0,True
821,399.0,2352.0,True
822,428.4,2352.0,True
823,525.0,2352.0,True
824,436.8,2352.0,True
825,424.2,2352.0,True
826,457.8,2352.0,True
827,424.2,2352.0,True
828,667.8,2352.0,True
829,705.6,2352.0,True
830,680.4,2352.0,False
831,667.8,2352.0,True
832,709.8,2352.0,True
833,693.0,2352.0,True
834,663.6,2352.0,True
835,701.4,2352.0,False
836,680.4,2352.0,True
837,697.2,2352.0,False
838,676.2,2352.0,True
839,693.0,2352.0,False
840,676.2,2352.0,True
841,722.4,2352.0,True
842,709.8,2352.0,True
843,667.8,2352.0,True
844,701.4,2352.0,True
845,705.6,2352.0,True
846,697.2,2352.0,True
847,714.0,2352.0,True
848,688.8,2352.0,True
849,693.0,2352.0,False
850,709.8,2352.0,True
851,676.2,2352.0,True
852,646.8,2352.0,True
853,718.2,2352.0,False
854,688.8,2352.0,True
855,714.0,2352.0,True
856,680.4,2352.0,False
857,684.6,2352.0,True
858,705.6,2352.0,True
859,651.0,2352.0,True
860,730.8,2352.0,True
861,697.2,2352.0,True
862,697.2,2352.0,True
863,693.0,2352.0,True
864,680.4,2352.0,True
865,701.4,2352.0,False
866,659.4,2352.0,True
867,697.2,2352.0,True
868,693.0,2352.0,True
869,688.8,2352.0,True
870,701.4,2352.0,False
871,655.2,2352.0,False
872,672.0,2352.0,True
873,697.2,2352.0,False
874,655.2,2352.0,True
875,676.2,2352.0,False
876,684.6,2352.0,True
877,714.0,2352.0,False
878,701.4,2352.0,True
879,705.6,2352.0,True
880,688.8,2352.0,False
881,722.4,2352.0,False
882,642.6,2352.0,True
883,718.2,2352.0,True
884,688.8,2352.0,True
885,676.2,2352.0,True
886,672.0,2352.0,True
887,692.8,2352.0,True
888,735.0,2352.0,False
889,718.2,2352.0,True
890,684.6,2352.0,True
891,697.2,2352.0,False
892,686.6,2352.0,True
893,697.2,2352.0,True
894,575.4,2352.0,True
895,676.2,2352.0,True
896,672.0,2352.0,False
897,705.6,2352.0,True
898,705.6,2352.0,True
899,722.4,2352.0,False
900,709.8,2352.0,False
901,714.0,2352.0,True
902,722.4,2352.0,False
903,688.8,2352.0,True
904,722.4,2352.0,False
905,680.4,2352.0,False
906,701.4,2352.0,True
907,714.0,2352.0,True
908,676.2,2352.0,True
909,722.4,2352.0,False
910,709.8,2352.0,True
911,739.2,2352.0,True
912,709.8,2352.0,True
913,714.0,2352.0,False
914,667.8,2352.0,True
915,701.4,2352.0,True
916,722.4,2352.0,True
917,663.6,2352.0,False
918,718.2,2352.0,False
919,709.8,2352.0,False
920,701.4,2352.0,True
921,743.4,2352.0,True
922,693.0,2352.0,False
923,676.2,2352.0,True
924,659.4,2352.0,False
925,705.6,2352.0,False
926,693.0,2352.0,False
927,705.6,2352.0,True
928,705.6,2352.0,True
929,722.4,2352.0,True
930,693.0,2352.0,True
931,877.8,2352.0,False
932,714.0,2352.0,True
933,693.0,2352.0,False
934,693.0,2352.0,True
935,697.2,2352.0,False
936,705.6,2352.0,True
937,714.0,2352.0,True
938,697.2,2352.0,False
939,718.2,2352.0,False
940,709.8,2352.0,False
941,655.2,2352.0,False
942,726.6,2352.0,True
943,693.0,2352.0,True
944,655.2,2352.0,True
945,680.4,2352.0,True
946,709.6,2352.0,True
947,663.4,2352.0,False
948,684.6,2352.0,False
949,686.6,2352.0,True
950,672.0,2352.0,True
951,680.4,2352.0,True
952,701.2,2352.0,False
953,684.6,2352.0,True
954,669.8,2352.0,True
955,663.6,2352.0,False
956,684.6,2352.0,True
957,688.8,2352.0,True
958,697.2,2352.0,True
959,688.8,2352.0,True
960,705.6,2352.0,False
961,630.0,2352.0,True
962,697.2,2352.0,True
963,676.2,2352.0,True
964,701.4,2352.0,False
965,659.4,2352.0,True
966,680.4,2352.0,True
967,684.6,2352.0,False
968,735.0,2352.0,True
969,672.0,2352.0,True
970,730.8,2352.0,True
971,655.2,2352.0,True
972,709.8,2352.0,False
973,709.8,2352.0,True
974,659.4,2352.0,True
975,709.8,2352.0,True
976,714.0,2352.0,True
977,693.0,2352.0,True
978,701.4,2352.0,True
979,718.2,2352.0,True
980,701.4,2352.0,True
981,709.8,2352.0,True
982,693.0,2352.0,True
983,764.4,2352.0,True
984,672.0,2352.0,True
985,688.8,2352.0,True
986,714.0,2352.0,False
987,705.6,2352.0,True
988,684.6,2352.0,True
989,575.4,2352.0,True
990,680.4,2352.0,False
991,672.0,2352.0,True
992,714.0,2352.0,True
993,701.4,2352.0,False
994,630.0,2352.0,True
995,709.8,2352.0,True
996,709.8,2352.0,True
997,663.6,2352.0,True
998,705.6,2352.0,False
999,684.6,2352.0,True
1000,672.0,2352.0,True
1001,718.2,2352.0,False
1002,697.2,2352.0,True
1003,676.2,2352.0,False
1004,697.2,2352.0,True
1005,693.0,2352.0,True
1006,709.8,2352.0,True
1007,705.6,2352.0,True
1008,676.2,2352.0,False
1009,714.0,2352.0,True
1010,697.2,2352.0,True
1011,688.8,2352.0,True
1012,676.2,2352.0,True
1013,680.4,2352.0,True
1014,684.6,2352.0,False
1015,688.8,2352.0,False
1016,705.6,2352.0,True
1017,714.0,2352.0,True
1018,676.2,2352.0,True
1019,680.4,2352.0,False
1020,684.6,2352.0,True
1021,705.6,2352.0,True
1022,726.6,2352.0,True
1023,698.0,2352.0,True
1024,680.2,2352.0,True
1025,704.6,2352.0,True
1026,683.8,2352.0,False
1027,727.0,2352.0,False
1028,681.4,2352.0,True
1029,721.8,2352.0,True
1030,745.6,2352.0,True
1031,608.0,2352.0,False
1032,706.8,2352.0,False
1033,706.2,2352.0,False
1034,697.2,2352.0,True
1035,680.4,2352.0,False
1036,672.0,2352.0,True
1037,676.2,2352.0,True
1038,718.2,2352.0,False
1039,709.8,2352.0,False
1040,693.0,2352.0,True
1041,672.0,2352.0,True
1042,697.2,2352.0,False
1043,667.8,2352.0,True
1044,693.0,2352.0,True
1045,659.4,2352.0,False
1046,697.2,2352.0,True
1047,688.8,2352.0,True
1048,676.2,2352.0,False
1049,684.6,2352.0,True
1050,688.8,2352.0,True
1051,688.8,2352.0,True
1052,634.2,2352.0,False
1053,676.2,2352.0,True
1054,655.2,2352.0,True
1055,659.4,2352.0,True
1056,651.0,2352.0,True
1057,693.0,2352.0,True
1058,646.8,2352.0,True
1059,676.2,2352.0,False
1060,659.4,2352.0,True
1061,651.0,2352.0,True
1062,646.8,2352.0,True
1063,659.4,2352.0,True
1064,676.2,2352.0,False
1065,625.8,2352.0,True
1066,625.8,2352.0,True
1067,693.0,2352.0,True
1068,684.6,2352.0,True
1069,701.4,2352.0,False
1070,726.6,2352.0,True
1071,684.6,2352.0,True
1072,667.8,2352.0,True
1073,718.2,2352.0,False
1074,705.6,2352.0,False
1075,680.4,2352.0,False
1076,701.4,2352.0,True
1077,680.4,2352.0,True
1078,697.2,2352.0,False
1079,659.4,2352.0,True
1080,714.0,2352.0,True
1081,684.6,2352.0,True
1082,684.6,2352.0,False
1083,688.8,2352.0,True
1084,676.2,2352.0,True
1085,726.6,2352.0,True
1086,743.4,2352.0,True
1087,688.8,2352.0,True
1088,684.6,2352.0,False
1089,663.6,2352.0,True
1090,697.2,2352.0,True
1091,709.8,2352.0,True
1092,697.2,2352.0,True
1093,709.8,2352.0,False
1094,718.2,2352.0,False
1095,688.8,2352.0,False
1096,726.6,2352.0,True
1097,630.0,2352.0,True
1098,684.6,2352.0,True
1099,693.0,2352.0,True
1100,684.6,2352.0,False
1101,722.4,2352.0,True
1102,659.4,2352.0,True
1103,604.8,2352.0,True
1104,621.6,2352.0,True
1105,625.8,2352.0,False
1106,609.0,2352.0,True
1107,630.0,2352.0,True
1108,672.0,2352.0,True
1109,642.6,2352.0,True
1110,541.8,2352.0,True
1111,617.4,2352.0,True
1112,667.8,2352.0,False
1113,663.6,2352.0,True
1114,546.0,2352.0,True
1115,567.0,2352.0,False
1116,630.0,2352.0,True
1117,613.2,2352.0,False
1118,676.2,2352.0,True
1119,684.6,2352.0,False
1120,680.4,2352.0,True
1121,701.4,2352.0,False
1122,705.6,2352.0,True
1123,1008.0,2352.0,False
1124,688.8,2352.0,False
1125,613.2,2352.0,False
1126,667.8,2352.0,True
1127,709.8,2352.0,True
1128,697.2,2352.0,False
1129,684.6,2352.0,True
1130,684.6,2352.0,True
1131,705.6,2352.0,True
1132,684.6,2352.0,True
1133,718.2,2352.0,False
1134,667.8,2352.0,False
1135,747.6,2352.0,True
1136,747.6,2352.0,True
1137,688.8,2352.0,True
1138,693.0,2352.0,True
1139,667.8,2352.0,True
1140,705.6,2352.0,True
1141,663.6,2352.0,True
1142,676.2,2352.0,False
1143,667.8,2352.0,True
1144,894.6,2352.0,True
1145,705.6,2352.0,True
1146,680.4,2352.0,True
1147,945.0,2352.0,True
1148,705.6,2352.0,False
1149,726.6,2352.0,False
1150,709.8,2352.0,True
1151,705.6,2352.0,True
1152,688.8,2352.0,True
1153,684.6,2352.0,False
1154,676.2,2352.0,True
1155,722.4,2352.0,True
1156,726.6,2352.0,True
1157,705.6,2352.0,True
1158,689.0,2352.0,True
1159,664.2,2352.0,True
1160,714.0,2352.0,True
1161,684.6,2352.0,True
1162,714.0,2352.0,True
1163,705.6,2352.0,False
1164,684.6,2352.0,False
1165,688.8,2352.0,True
1166,663.6,2352.0,True
1167,684.6,2352.0,False
1168,684.6,2352.0,False
1169,676.2,2352.0,True
1170,684.6,2352.0,False
1171,667.8,2352.0,True
1172,676.2,2352.0,False
1173,630.0,2352.0,True
1174,583.8,2352.0,True
1175,651.0,2352.0,True
1176,667.8,2352.0,False
1177,600.6,2352.0,True
1178,638.4,2352.0,True
1179,688.8,2352.0,False
1180,659.4,2352.0,True
1181,667.8,2352.0,True
1182,667.8,2352.0,False
1183,684.6,2352.0,False
1184,667.8,2352.0,True
1185,659.4,2352.0,True
1186,680.4,2352.0,True
1187,667.8,2352.0,True
1188,680.4,2352.0,True
1189,655.2,2352.0,False
1190,688.8,2352.0,True
1191,697.2,2352.0,False
1192,693.0,2352.0,True
1193,697.2,2352.0,True
1194,663.6,2352.0,False
1195,684.6,2352.0,True
1196,672.0,2352.0,True
1197,684.6,2352.0,False
1198,680.4,2352.0,True
1199,655.2,2352.0,True
1200,676.2,2352.0,True
1201,659.4,2352.0,True
1202,684.6,2352.0,False
1203,680.4,2352.0,False
1204,676.2,2352.0,True
1205,634.2,2352.0,True
1206,642.6,2352.0,True
1207,646.8,2352.0,True
1208,697.2,2352.0,True
1209,667.8,2352.0,False
1210,684.6,2352.0,False
1211,672.0,2352.0,True
1212,676.2,2352.0,False
1213,680.4,2352.0,True
1214,680.4,2352.0,True
1215,680.4,2352.0,True
1216,651.0,2352.0,False
1217,604.8,2352.0,True
1218,697.2,2352.0,False
1219,638.4,2352.0,False
1220,499.8,2352.0,True
1221,621.6,2352.0,True
1222,655.2,2352.0,True
1223,634.2,2352.0,False
1224,638.4,2352.0,True
1225,588.0,2352.0,True
1226,516.6,2352.0,False
1227,525.0,2352.0,True
1228,642.6,2352.0,True
1229,672.0,2352.0,True
1230,680.4,2352.0,False
1231,684.6,2352.0,False
1232,697.2,2352.0,False
1233,718.2,2352.0,True
1234,609.0,2352.0,False
1235,714.0,2352.0,True
1236,693.0,2352.0,True
1237,709.8,2352.0,False
1238,718.2,2352.0,True
1239,672.0,2352.0,True
1240,680.4,2352.0,False
1241,688.8,2352.0,False
1242,693.0,2352.0,True
1243,667.8,2352.0,True
1244,693.0,2352.0,False
1245,688.8,2352.0,True
1246,718.2,2352.0,True
1247,693.0,2352.0,True
1248,709.8,2352.0,False
1249,697.2,2352.0,False
1250,667.8,2352.0,False
1251,684.6,2352.0,True
1252,663.6,2352.0,True
1253,688.8,2352.0,True
1254,701.4,2352.0,True
1255,693.0,2352.0,False
1256,697.2,2352.0,True
1257,693.0,2352.0,True
1258,709.8,2352.0,True
1259,701.4,2352.0,True
1260,680.4,2352.0,True
1261,693.0,2352.0,True
1262,714.0,2352.0,True
1263,684.6,2352.0,True
1264,688.8,2352.0,True
1265,697.2,2352.0,True
1266,735.0,2352.0,True
1267,751.8,2352.0,False
1268,709.8,2352.0,True
1269,672.0,2352.0,True
1270,722.4,2352.0,False
1271,697.2,2352.0,True
1272,701.4,2352.0,False
1273,697.2,2352.0,False
1274,693.0,2352.0,True
1275,688.8,2352.0,False
1276,684.6,2352.0,True
1277,680.4,2352.0,True
1278,688.8,2352.0,True
1279,735.0,2352.0,True
1280,680.4,2352.0,True
1281,705.6,2352.0,False
1282,684.6,2352.0,True
1283,667.8,2352.0,True
1284,705.6,2352.0,False
1285,693.0,2352.0,True
1286,688.8,2352.0,True
1287,705.6,2352.0,True
1288,701.4,2352.0,True
1289,705.6,2352.0,True
1290,684.6,2352.0,False
1291,680.4,2352.0,True
1292,705.6,2352.0,True
1293,697.2,2352.0,True
1294,697.2,2352.0,True
1295,663.6,2352.0,True
1296,714.0,2352.0,True
1297,709.8,2352.0,True
1298,705.6,2352.0,True
1299,714.0,2352.0,True
1300,680.4,2352.0,True
1301,697.2,2352.0,True
1302,714.0,2352.0,True
1303,722.4,2352.0,True
1304,676.2,2352.0,False
1305,684.6,2352.0,True
1306,680.4,2352.0,True
1307,680.4,2352.0,False
1308,701.4,2352.0,False
1309,693.0,2352.0,True
1310,714.0,2352.0,False
1311,701.4,2352.0,True
1312,701.4,2352.0,False
1313,667.8,2352.0,True
1314,676.2,2352.0,True
1315,709.8,2352.0,True
1316,718.2,2352.0,False
1317,697.2,2352.0,False
1318,667.8,2352.0,False
1319,672.0,2352.0,True
1320,709.8,2352.0,True
1321,697.2,2352.0,False
1322,688.8,2352.0,False
1323,676.2,2352.0,False
1324,684.6,2352.0,True
1325,705.6,2352.0,False
1326,688.8,2352.0,True
1327,743.4,2352.0,False
1328,684.6,2352.0,False
1329,756.0,2352.0,False
1330,697.2,2352.0,True
1331,688.8,2352.0,False
1332,693.0,2352.0,False
1333,676.2,2352.0,False
1334,697.2,2352.0,True
1335,667.8,2352.0,True
1336,697.2,2352.0,True
1337,672.0,2352.0,True
1338,701.4,2352.0,True
1339,630.0,2352.0,True
1340,701.4,2352.0,True
1341,663.6,2352.0,True
1342,697.2,2352.0,False
1343,693.0,2352.0,True
1344,693.0,2352.0,True
1345,718.2,2352.0,True
1346,680.4,2352.0,True
1347,709.8,2352.0,True
1348,705.6,2352.0,True
1349,705.6,2352.0,True
1350,709.8,2352.0,True
1351,693.0,2352.0,True
1352,961.8,2352.0,False
1353,693.0,2352.0,True
1354,684.6,2352.0,True
1355,693.0,2352.0,True
1356,672.0,2352.0,True
1357,701.4,2352.0,False
1358,735.0,2352.0,True
1359,693.0,2352.0,True
1360,684.6,2352.0,False
1361,693.0,2352.0,False
1362,688.8,2352.0,False
1363,701.4,2352.0,True
1364,705.6,2352.0,True
1365,701.4,2352.0,False
1366,550.2,2352.0,True
1367,705.6,2352.0,True
1368,701.4,2352.0,True
1369,646.8,2352.0,False
1370,701.4,2352.0,True
1371,705.2,2352.0,True
1372,686.4,2352.0,False
1373,693.0,2352.0,False
1374,720.0,2352.0,True
1375,680.4,2352.0,True
1376,741.2,2352.0,False
1377,665.6,2352.0,False
1378,684.6,2352.0,True
1379,701.4,2352.0,False
1380,732.4,2352.0,False
1381,684.6,2352.0,False
1382,684.6,2352.0,True
1383,684.6,2352.0,True
1384,672.0,2352.0,True
1385,604.8,2352.0,False
1386,709.8,2352.0,True
1387,709.8,2352.0,False
1388,663.6,2352.0,True
1389,676.2,2352.0,True
1390,701.4,2352.0,True
1391,693.0,2352.0,True
1392,667.8,2352.0,True
1393,680.4,2352.0,True
1394,709.8,2352.0,True
1395,708.6,2352.0,True
1396,717.2,2352.0,True
1397,980.0,2352.0,True
1398,1194.0,2352.0,True
1399,810.0,2352.0,False
1400,910.0,2352.0,True
1401,1024.0,2352.0,True
1402,1244.2,2352.0,False
1403,880.0,2352.0,True
1404,848.0,2352.0,True
1405,1048.0,2352.0,True
1406,1056.4,2352.0,False
1407,861.6,2352.0,True
1408,974.4,2352.0,False
1409,756.0,2352.0,False
1410,948.0,2352.0,True
1411,790.0,2352.0,False
1412,1292.0,2352.0,False
1413,834.0,2352.0,False
1414,880.0,2352.0,True
1415,980.6,2352.0,True
1416,886.0,2352.0,True
1417,844.0,2352.0,False
1418,1082.0,2352.0,True
1419,1210.0,2352.0,True
1420,890.2,2352.0,False
1421,1362.0,2352.0,False
1422,876.0,2352.0,True
1423,931.6,2352.0,False
1424,852.0,2352.0,False
1425,1382.0,2352.0,True
1426,1158.0,2352.0,True
1427,902.8,2352.0,False
1428,810.0,2352.0,False
1429,1064.0,2352.0,True
1430,968.0,2352.0,False
1431,916.0,2352.0,False
1432,848.0,2352.0,False
1433,816.0,2352.0,True
1434,1118.0,2352.0,True
1435,880.0,2352.0,True
1436,966.0,2352.0,True
1437,1002.0,2352.0,True
1438,1164.0,2352.0,False
1439,825.6,2352.0,False
1440,1186.0,2352.0,False
1441,1006.0,2352.0,False
1442,959.0,2352.0,False
1443,908.0,2352.0,False
1444,932.0,2352.0,False
1445,806.0,2352.0,False
1446,1052.0,2352.0,True
1447,930.0,2352.0,True
1448,898.0,2352.0,True
1449,974.2,2352.0,False
1450,1299.8,2352.0,True
1451,1208.2,2352.0,True
1452,1433.6,2352.0,True
1453,1303.2,2352.0,True
1454,1397.4,2352.0,True
1455,1105.2,2352.0,False
1456,1377.4,2352.0,False
1457,1127.4,2352.0,True
1458,1438.2,2352.0,True
1459,1164.0,2352.0,True
1460,1304.4,2352.0,True
1461,1200.2,2352.0,True
1462,1629.6,2473.0,True
1463,1399.2,2473.0,True
1464,1277.6,2473.0,False
1465,1378.2,2473.0,False
1466,913.2,2473.0,True
1467,1330.8,2473.0,True
1468,1265.6,2473.0,True
1469,1493.8,2473.0,True
1470,1380.0,2473.0,False
1471,1043.6,2473.0,True
1472,1336.4,2509.0,True
1473,1202.0,2509.0,True
1474,1599.6,2509.0,True
1475,952.8,2509.0,True
1476,1364.6,2509.0,True
1477,1537.2,2509.0,True
1478,1400.6,2509.0,True
1479,1742.4,2509.0,False
1480,1264.2,2509.0,True
1481,1478.4,2509.0,False
1482,1306.2,2509.0,True
1483,941.8,2509.0,False
1484,1415.0,2509.0,True
1485,1336.0,2509.0,True
1486,1193.0,2509.0,False
1487,1208.0,2509.0,False
1488,1194.6,2509.0,True
1489,1263.2,2509.0,True
1490,1320.2,2509.0,True
1491,1583.0,2509.0,True
1492,865.6,2509.0,False
1493,1376.8,2509.0,False
1494,1291.6,2509.0,False
1495,1228.0,2509.0,False
1496,1224.0,2509.0,False
1497,1222.2,2509.0,False
1498,1302.8,2509.0,True
1499,1238.2,2509.0,True
1500,1225.0,2509.0,False
1501,1224.2,2509.0,False
1502,1446.2,2509.0,False
1503,1582.0,2509.0,True
1504,1004.0,2509.0,True
1505,1304.2,2509.0,False
1506,1366.8,2509.0,True
1507,1478.8,2509.0,True
1508,1598.2,2509.0,True
1509,1246.4,2509.0,False
1510,1530.8,2509.0,True
1511,1590.6,2509.0,True
1512,1315.6,2509.0,False
1513,1208.4,2509.0,False
1514,1343.6,2509.0,True
1515,1316.2,2509.0,True
1516,1251.0,2509.0,True
1517,1343.2,2509.0,True
1518,1410.4,2509.0,True
1519,1127.8,2509.0,True
1520,1787.8,2509.0,True
1521,969.0,2509.0,True
1522,1329.4,2509.0,True
1523,1193.6,2509.0,False
1524,1152.4,2509.0,False
1525,1229.2,2509.0,False
1526,1332.6,2509.0,True
1527,1404.8,2509.0,True
1528,1156.0,2509.0,True
1529,1377.6,2509.0,True
1530,1259.4,2509.0,True
1531,1221.8,2509.0,False
1532,1134.0,2509.0,False
1533,1603.8,2509.0,True
1534,1736.4,2509.0,True
1535,1135.4,2509.0,True
1536,1322.4,2509.0,True
1537,1150.0,2509.0,True
1538,1704.6,2509.0,True
1539,1188.8,2509.0,True
1540,1025.2,2509.0,True
1541,1111.8,2509.0,False
1542,1108.4,2509.0,False
1543,1630.6,2509.0,True
1544,1090.4,2509.0,True
1545,1314.2,2509.0,True
1546,1160.6,2509.0,True
1547,1643.6,2509.0,True
1548,1234.2,2515.0,False
1549,1612.2,2515.0,False
1550,1255.0,2515.0,True
1551,1088.6,2515.0,False
1552,1168.2,2515.0,True
1553,1658.6,2515.0,False
1554,1047.4,2515.0,False
1555,1383.8,2515.0,True
1556,1457.2,2515.0,True
1557,1079.4,2515.0,False
1558,1280.8,2515.0,True
1559,1230.2,2515.0,False
1560,1278.8,2515.0,True
1561,1302.6,2515.0,True
1562,937.6,2515.0,True
1563,1618.4,2515.0,False
1564,1423.0,2515.0,True
1565,1517.8,2515.0,True
1566,1753.2,2603.0,True
1567,1635.4,2603.0,True
1568,1245.4,2603.0,False
1569,1141.2,2603.0,False
1570,1336.8,2603.0,False
1571,1503.0,2603.0,False
1572,1623.8,2603.0,False
1573,1174.6,2603.0,False
1574,1428.8,2603.0,False
1575,1095.0,2603.0,False
1576,1316.2,2603.0,True
1577,1564.4,2603.0,True
1578,1362.4,2603.0,True
1579,1104.0,2603.0,False
1580,1052.2,2603.0,False
1581,1291.6,2603.0,False
1582,1144.4,2603.0,True
1583,1089.6,2603.0,False
1584,1341.8,2603.0,True
1585,1373.8,2603.0,True
1586,1420.4,2603.0,True
1587,983.4,2603.0,False
1588,1221.6,2603.0,False
1589,1429.2,2603.0,True
1590,1338.2,2603.0,False
1591,1545.2,2603.0,False
1592,1271.0,2603.0,False
1593,879.6,2603.0,False
1594,991.6,2603.0,False
1595,1341.8,2603.0,True
1596,1563.6,2603.0,True
1597,1510.2,2603.0,False
1598,1412.4,2603.0,False
1599,1131.8,2603.0,True
1600,1413.6,2603.0,True
1601,1190.6,2603.0,True
1602,1764.6,2603.0,False
1603,1785.0,2603.0,True
1604,1375.0,2603.0,True
1605,1330.4,2603.0,True
1606,1120.4,2603.0,False
1607,1548.2,2603.0,True
1608,1467.0,2603.0,True
1609,1566.2,2603.0,True
1610,1366.8,2628.0,True
1611,1705.8,2628.0,True
1612,1088.6,2628.0,False
1613,1252.2,2628.0,False
1614,1247.8,2628.0,True
1615,1303.4,2628.0,True
1616,1170.0,2628.0,True
1617,1478.8,2628.0,True
1618,1250.6,2628.0,False
1619,1055.2,2628.0,False
1620,1291.4,2628.0,True
1621,1295.6,2628.0,False
1622,1462.8,2628.0,False
1623,1571.4,2628.0,True
1624,1356.0,2628.0,False
1625,1586.0,2628.0,False
1626,1250.2,2628.0,False
1627,1488.4,2628.0,False
1628,1563.8,2628.0,True
1629,1554.6,2628.0,True
1630,1105.4,2628.0,False
1631,1453.2,2628.0,True
1632,1484.4,2628.0,True
1633,1416.0,2628.0,True
1634,1601.2,2628.0,False
1635,1313.6,2628.0,True
1636,1303.0,2628.0,True
1637,1517.6,2628.0,True
1638,1464.4,2628.0,False
1639,1454.4,2628.0,False
1640,1179.6,2628.0,True
1641,1912.4,2628.0,True
1642,1616.8,2628.0,True
1643,1102.2,2628.0,True
1644,1306.8,2628.0,True
1645,1481.0,2628.0,True
1646,1234.6,2628.0,True
1647,1151.4,2628.0,True
1648,1309.6,2628.0,False
1649,1109.4,2628.0,False
1650,955.8,2628.0,False
1651,1107.0,2628.0,True
1652,1393.6,2628.0,False
1653,992.6,2628.0,False
1654,1270.0,2628.0,True
1655,1685.6,2628.0,False
1656,1555.8,2628.0,True
1657,1410.4,2628.0,False
1658,1302.2,2628.0,True
1659,1321.6,2628.0,True
1660,1768.6,2628.0,True
1661,1643.2,2628.0,True
1662,1333.4,2628.0,False
1663,1364.8,2628.0,False
1664,1165.6,2628.0,False
1665,1230.0,2628.0,True
1666,1383.0,2628.0,True
1667,1437.2,2628.0,True
1668,1397.0,2628.0,True
1669,1826.2,2628.0,True
1670,1348.2,2628.0,True
1671,1608.4,2628.0,True
1672,1332.0,2628.0,True
1673,1193.4,2628.0,True
1674,1232.4,2628.0,True
1675,1329.4,2628.0,True
1676,838.8,2628.0,False
1677,1190.8,2628.0,True
1678,972.2,2628.0,False
1679,898.4,2628.0,True
1680,1068.0,2628.0,True
1681,953.0,2628.0,False
1682,1293.2,2628.0,False
1683,1222.6,2628.0,True
1684,1108.8,2628.0,True
1685,1188.2,2628.0,False
1686,1043.4,2628.0,False
1687,1292.0,2628.0,True
1688,1267.2,2628.0,True
1689,1275.2,2628.0,True
1690,1184.6,2628.0,False
1691,1512.0,2628.0,True
1692,1382.2,2628.0,True
1693,1707.2,2628.0,True
1694,1231.4,2628.0,False
1695,1220.6,2628.0,False
1696,1353.4,2628.0,True
1697,1436.4,2628.0,True
1698,1314.0,2628.0,False
1699,1026.6,2628.0,False
1700,1398.2,2628.0,False
1701,1270.8,2628.0,True
1702,1442.6,2628.0,True
1703,1611.8,2628.0,True
1704,1222.6,2628.0,True
1705,1318.6,2628.0,False
1706,1330.2,2628.0,False
1707,1540.0,2628.0,False
1708,1157.2,2628.0,True
1709,1510.0,2628.0,True
1710,1425.8,2628.0,True
1711,1469.2,2628.0,True
1712,1658.8,2628.0,True
1713,1349.6,2628.0,True
1714,1402.4,2628.0,True
1715,1327.0,2628.0,False
1716,1314.4,2628.0,True
1717,1215.8,2628.0,True
1718,1454.6,2628.0,True
1719,1386.2,2628.0,False
1720,1147.8,2628.0,False
1721,1460.4,2628.0,True
1722,1529.8,2628.0,True
1723,1232.8,2628.0,True
1724,1174.2,2628.0,False
1725,1455.4,2628.0,True
1726,1433.8,2628.0,False
1727,1246.6,2628.0,True
1728,1474.4,2628.0,True
1729,1392.8,2628.0,False
1730,1544.4,2628.0,True
1731,1585.4,2628.0,True
1732,1163.0,2628.0,True
1733,1387.0,2628.0,True
1734,1426.8,2628.0,True
1735,1333.8,2628.0,True
1736,1218.0,2628.0,True
1737,1217.8,2628.0,True
1738,1647.6,2628.0,True
1739,1142.0,2628.0,True
1740,1230.2,2628.0,True
1741,1484.8,2628.0,True
1742,1509.0,2628.0,True
1743,1394.2,2628.0,False
1744,1190.8,2628.0,False
1745,1267.6,2628.0,True
1746,1025.2,2628.0,True
1747,1282.8,2628.0,False
1748,1252.6,2628.0,True
1749,1393.6,2628.0,True
1750,1285.0,2628.0,False
1751,1269.4,2628.0,True
1752,1146.4,2628.0,True
1753,1139.2,2628.0,True
1754,1135.6,2628.0,True
1755,1088.0,2628.0,True
1756,1122.4,2628.0,True
1757,925.2,2628.0,False
1758,1325.2,2628.0,True
1759,1184.6,2628.0,True
1760,1088.2,2628.0,True
1761,952.2,2628.0,False
1762,1038.4,2628.0,True
1763,1106.4,2628.0,True
1764,1026.2,2628.0,False
1765,827.0,2628.0,True
1766,1402.8,2628.0,True
1767,1200.0,2628.0,True
1768,1643.0,2628.0,True
1769,1464.4,2628.0,True
1770,1677.8,2628.0,True
1771,1591.2,2628.0,True
1772,1310.0,2628.0,False
1773,1479.6,2628.0,False
1774,1483.4,2628.0,False
1775,996.6,2628.0,False
1776,1430.8,2628.0,True
1777,1407.2,2628.0,True
1778,1570.4,2628.0,True
1779,1098.8,2628.0,True
1780,1708.6,2628.0,False
1781,1082.0,2628.0,False
1782,1691.4,2628.0,True
1783,1562.8,2628.0,False
1784,1387.8,2628.0,True
1785,1796.4,2628.0,True
1786,1388.8,2628.0,False
1787,1500.2,2628.0,True
1788,1216.2,2628.0,True
1789,1523.6,2659.0,True
1790,1432.8,2659.0,True
1791,1141.4,2659.0,True
1792,1621.6,2659.0,True
1793,1305.6,2659.0,True
1794,1088.0,2659.0,True
1795,1601.4,2659.0,False
1796,1546.8,2659.0,False
1797,1151.0,2659.0,True
1798,1271.4,2659.0,True
1799,1261.2,2659.0,False
1800,1632.6,2659.0,True
1801,1293.2,2659.0,True
1802,1404.2,2659.0,True
1803,1208.2,2659.0,False
1804,1248.0,2659.0,True
1805,1188.4,2659.0,True
1806,1298.2,2659.0,True
1807,1290.6,2659.0,False
1808,1525.4,2659.0,False
1809,1241.4,2659.0,True
1810,1138.8,2659.0,False
1811,1346.6,2659.0,True
1812,1406.0,2659.0,True
1813,1233.0,2659.0,True
1814,1612.0,2659.0,False
1815,1376.2,2659.0,True
1816,1410.0,2659.0,False
1817,1652.8,2659.0,False
1818,1328.6,2659.0,True
1819,1340.8,2659.0,True
1820,1253.2,2659.0,True
1821,1291.8,2659.0,False
1822,1047.6,2659.0,False
1823,1366.2,2659.0,True
1824,1395.2,2659.0,True
1825,1190.6,2659.0,False
1826,1228.2,2659.0,False
1827,1795.6,2659.0,True
1828,1202.8,2659.0,False
1829,1155.4,2659.0,False
1830,1245.8,2659.0,False
1831,1028.0,2659.0,False
1832,1115.4,2659.0,False
1833,1426.4,2659.0,False
1834,1516.8,2659.0,True
1835,1232.4,2659.0,False
1836,1445.8,2659.0,True
1837,1321.2,2659.0,False
1838,1397.2,2659.0,False
1839,1403.2,2659.0,True
1840,1562.4,2659.0,False
1841,1223.2,2659.0,True
1842,1267.8,2659.0,False
1843,1055.4,2659.0,True
1844,1204.2,2659.0,True
1845,1641.8,2659.0,False
1846,1550.6,2659.0,True
1847,1105.4,2659.0,False
1848,1577.2,2659.0,True
1849,1460.0,2659.0,False
1850,1403.0,2659.0,False
1851,1465.4,2659.0,False
1852,1211.4,2659.0,False
1853,1422.2,2659.0,False
1854,1239.4,2659.0,False
1855,1374.8,2659.0,False
1856,1608.4,2659.0,True
1857,1356.0,2659.0,True
1858,1392.4,2659.0,True
1859,1205.4,2659.0,False
1860,1315.6,2659.0,True
1861,1831.0,2659.0,True
1862,1261.0,2659.0,True
1863,1117.4,2659.0,False
1864,1816.8,2659.0,True
1865,1458.0,2659.0,True
1866,1450.2,2659.0,True
1867,1347.6,2659.0,False
1868,1103.2,2659.0,True
1869,1668.0,2659.0,False
1870,1479.0,2659.0,True
1871,1189.4,2659.0,True
1872,1512.0,2659.0,True
1873,1398.0,2659.0,False
1874,1108.2,2659.0,True
1875,1327.4,2659.0,True
1876,1187.2,2659.0,False
1877,1327.0,2659.0,False
1878,1447.6,2659.0,True
1879,1595.2,2659.0,True
1880,1437.2,2659.0,True
1881,1516.4,2659.0,False
1882,1356.0,2659.0,False
1883,1502.2,2659.0,False
1884,1451.0,2659.0,True
1885,1705.6,2659.0,True
1886,1427.8,2659.0,True
1887,1242.8,2659.0,True
1888,1392.2,2659.0,True
1889,1695.6,2659.0,True
1890,1595.6,2659.0,False
1891,1245.4,2659.0,False
1892,1254.0,2659.0,True
1893,1715.6,2659.0,True
1894,1340.6,2659.0,False
1895,1299.4,2659.0,True
1896,1165.4,2659.0,True
1897,1331.6,2659.0,True
1898,1102.4,2659.0,False
1899,1564.6,2659.0,False
1900,1414.0,2659.0,False
1901,1214.8,2659.0,True
1902,1259.0,2659.0,False
1903,1663.6,2659.0,True
1904,1244.8,2659.0,False
1905,1260.2,2659.0,True
1906,1556.0,2659.0,True
1907,1313.6,2659.0,True
1908,1184.0,2659.0,True
1909,1115.4,2659.0,False
1910,1403.4,2659.0,True
1911,1634.6,2659.0,True
1912,1279.8,2659.0,True
1913,1335.4,2659.0,False
1914,1133.6,2659.0,False
1915,1037.6,2659.0,False
1916,1444.6,2659.0,True
1917,1577.0,2659.0,False
1918,1410.6,2659.0,False
1919,1374.8,2659.0,True
1920,1199.8,2659.0,True
1921,938.0,2659.0,False
1922,1266.4,2659.0,False
1923,1221.0,2659.0,False
1924,1140.8,2659.0,False
1925,1350.6,2725.0,False
1926,1745.6,2725.0,False
1927,1490.2,2725.0,True
1928,1088.8,2725.0,False
1929,1375.8,2725.0,True
1930,1454.2,2725.0,False
1931,1158.6,2725.0,True
1932,1375.0,2725.0,False
1933,1444.8,2725.0,False
1934,1569.4,2725.0,False
1935,1245.8,2725.0,True
1936,1616.6,2725.0,True
1937,1420.0,2725.0,False
1938,1376.2,2725.0,False
1939,1467.8,2725.0,False
1940,1427.2,2725.0,True
1941,1200.6,2725.0,True
1942,1641.8,2725.0,True
1943,1295.8,2725.0,True
1944,1664.4,2725.0,True
1945,848.4,2725.0,False
1946,1311.2,2725.0,True
1947,966.2,2725.0,False
1948,1082.4,2725.0,False
1949,1053.2,2725.0,True
1950,1266.4,2725.0,True
1951,1225.2,2725.0,True
1952,1008.2,2725.0,False
1953,997.0,2725.0,False
1954,1508.4,2725.0,True
1955,1222.6,2725.0,True
1956,1057.2,2725.0,False
1957,1096.2,2725.0,True
1958,988.0,2725.0,True
1959,1202.4,2725.0,True
1960,1148.4,2725.0,True
1961,876.2,2725.0,False
1962,1011.4,2725.0,False
1963,794.6,2725.0,False
1964,950.8,2725.0,False
1965,1280.0,2725.0,False
1966,1150.6,2725.0,False
1967,1145.4,2725.0,True
1968,1117.2,2725.0,False
1969,971.4,2725.0,True
1970,830.4,2725.0,True
1971,1039.8,2725.0,True
1972,907.8,2725.0,True
1973,850.8,2725.0,True
1974,900.2,2725.0,True
1975,818.4,2725.0,False
1976,1001.8,2725.0,True
1977,967.8,2725.0,True
1978,1029.4,2725.0,True
1979,735.6,2725.0,False
1980,958.2,2725.0,True
1981,1528.2,2725.0,True
1982,1486.8,2725.0,True
1983,1186.6,2725.0,False
1984,1150.4,2725.0,False
1985,1526.0,2725.0,False
1986,1409.2,2725.0,True
1987,1199.8,2725.0,True
1988,1756.0,2725.0,True
1989,1454.6,2725.0,False
1990,1689.8,2725.0,True
1991,1112.8,2725.0,True
1992,1785.8,2725.0,False
1993,1368.2,2725.0,True
1994,1091.0,2725.0,True
1995,1356.8,2725.0,True
1996,1226.2,2725.0,True
1997,1243.8,2725.0,False
1998,1156.2,2725.0,True
1999,1403.4,2725.0,True
