0,30.0,30.0,True
1,30.0,30.0,True
2,30.0,30.0,True
3,30.0,30.0,True
4,30.0,30.0,True
5,30.0,30.0,True
6,30.0,30.0,True
7,30.0,30.0,True
8,30.0,30.0,True
9,30.0,30.0,True
10,30.0,30.0,True
11,30.0,30.0,True
12,30.0,30.0,True
13,30.0,30.0,True
14,30.0,30.0,True
15,30.0,30.0,True
16,30.0,30.0,True
17,30.0,30.0,True
18,30.0,30.0,True
19,30.0,30.0,True
20,30.0,30.0,True
21,30.0,30.0,True
22,30.0,30.0,True
23,30.0,30.0,True
24,30.0,30.0,True
25,30.0,30.0,True
26,30.0,30.0,True
27,30.0,30.0,True
28,30.0,30.0,True
29,30.0,30.0,True
30,30.0,30.0,True
31,30.0,30.0,True
32,30.0,30.0,True
33,30.0,30.0,True
34,30.0,30.0,True
35,30.0,30.0,True
36,30.0,30.0,True
37,30.0,30.0,True
38,30.0,30.0,True
39,30.0,30.0,True
40,30.0,30.0,True
41,30.0,30.0,True
42,30.0,30.0,True
43,30.0,30.0,True
44,30.0,30.0,True
45,30.0,30.0,True
46,30.6,33.0,True
47,31.2,33.0,False
48,31.8,36.0,True
49,67.8,83.0,True
50,65.8,83.0,True
51,71.6,83.0,True
52,75.6,90.0,True
53,77.0,90.0,True
54,80.8,91.0,False
55,89.0,107.0,True
56,90.0,107.0,False
57,83.2,107.0,False
58,82.4,107.0,True
59,78.4,107.0,True
60,77.2,107.0,False
61,80.4,107.0,True
62,81.2,107.0,True
63,84.0,119.0,True
64,86.8,119.0,True
65,92.8,119.0,True
66,88.6,119.0,False
67,82.4,119.0,True
68,86.6,119.0,False
69,87.0,119.0,True
70,79.8,119.0,False
71,87.8,119.0,False
72,82.4,119.0,True
73,84.2,125.0,False
74,88.6,125.0,True
75,84.2,125.0,True
76,78.4,125.0,False
77,68.4,125.0,True
78,85.0,125.0,False
79,79.0,125.0,True
80,81.0,125.0,True
81,81.2,125.0,False
82,75.6,125.0,True
83,78.0,125.0,True
84,79.0,125.0,False
85,75.6,125.0,True
86,75.8,125.0,True
87,77.8,125.0,True
88,69.6,125.0,True
89,72.2,125.0,True
90,75.6,125.0,True
91,86.4,125.0,False
92,78.8,125.0,True
93,79.4,125.0,True
94,82.6,125.0,False
95,77.2,125.0,True
96,80.4,125.0,True
97,81.0,125.0,True
98,85.8,125.0,True
99,76.8,125.0,True
100,78.6,125.0,True
101,77.0,125.0,False
102,74.4,125.0,False
103,93.0,125.0,True
104,81.0,125.0,True
105,82.0,125.0,True
106,82.4,125.0,True
107,82.0,127.0,True
108,80.6,127.0,True
109,83.4,127.0,True
110,84.2,127.0,False
111,85.4,127.0,True
112,80.8,127.0,True
113,82.2,127.0,True
114,70.8,127.0,True
115,80.0,127.0,True
116,81.0,127.0,True
117,82.0,127.0,True
118,81.6,127.0,False
119,72.4,127.0,True
120,84.0,127.0,False
121,77.6,127.0,False
122,83.4,127.0,True
123,79.2,127.0,True
124,74.2,127.0,False
125,88.8,127.0,True
126,77.4,127.0,False
127,81.0,127.0,True
128,72.6,127.0,True
129,88.2,127.0,True
130,87.2,127.0,True
131,81.2,127.0,False
132,77.2,127.0,False
133,87.4,127.0,True
134,90.2,127.0,True
135,77.2,127.0,True
136,80.8,127.0,False
137,84.8,127.0,True
138,80.8,127.0,False
139,82.6,127.0,True
140,84.2,127.0,True
141,83.8,127.0,False
142,76.0,127.0,True
143,97.8,127.0,False
144,81.0,127.0,False
145,84.4,127.0,True
146,72.4,127.0,False
147,83.0,127.0,False
148,86.2,127.0,True
149,84.8,127.0,True
150,81.4,127.0,False
151,78.8,127.0,True
152,80.8,127.0,False
153,78.6,127.0,True
154,76.4,127.0,False
155,80.6,127.0,True
156,74.2,127.0,False
157,67.2,127.0,True
158,81.6,127.0,False
159,74.2,127.0,False
160,79.6,127.0,False
161,77.0,127.0,True
162,75.4,127.0,True
163,75.4,127.0,False
164,77.4,127.0,False
165,84.6,127.0,True
166,79.6,127.0,True
167,82.8,127.0,True
168,83.8,127.0,False
169,78.4,127.0,False
170,78.2,127.0,True
171,78.8,127.0,True
172,64.0,127.0,True
173,80.2,127.0,False
174,72.8,127.0,False
175,77.6,127.0,True
176,78.6,127.0,True
177,74.0,127.0,False
178,80.2,127.0,False
179,80.2,127.0,False
180,84.0,127.0,True
181,71.8,127.0,True
182,79.4,127.0,True
183,85.0,127.0,True
184,81.0,127.0,True
185,79.0,127.0,True
186,82.4,127.0,False
187,81.6,127.0,True
188,73.0,127.0,True
189,85.6,127.0,True
190,76.2,127.0,False
191,84.2,127.0,True
192,81.6,127.0,False
193,78.4,127.0,False
194,87.2,129.0,True
195,84.2,129.0,True
196,71.0,129.0,True
197,69.2,129.0,False
198,70.0,129.0,False
199,76.2,129.0,True
200,78.0,129.0,True
201,78.0,129.0,True
202,80.6,129.0,True
203,78.4,129.0,False
204,80.6,129.0,True
205,82.4,129.0,False
206,78.6,129.0,True
207,75.8,129.0,False
208,88.4,129.0,True
209,83.4,129.0,False
210,76.2,129.0,False
211,81.4,129.0,True
212,79.4,129.0,False
213,76.8,129.0,True
214,74.2,129.0,True
215,80.2,129.0,False
216,82.6,129.0,True
217,85.6,129.0,False
218,78.0,129.0,False
219,74.4,129.0,True
220,85.2,129.0,False
221,75.4,129.0,True
222,86.2,129.0,False
223,86.8,129.0,False
224,85.2,129.0,True
225,65.8,129.0,False
226,77.8,129.0,True
227,84.8,129.0,False
228,71.8,129.0,True
229,64.2,129.0,False
230,75.4,129.0,True
231,76.6,129.0,False
232,82.2,129.0,False
233,85.8,129.0,False
234,80.4,129.0,True
235,79.2,129.0,False
236,74.2,129.0,True
237,87.6,129.0,True
238,79.4,129.0,False
239,81.4,129.0,True
240,87.6,129.0,False
241,77.8,129.0,True
242,81.0,129.0,True
243,87.6,129.0,True
244,76.0,129.0,True
245,75.0,129.0,True
246,79.8,129.0,True
247,77.8,129.0,True
248,98.0,129.0,False
249,88.4,129.0,True
250,82.0,129.0,True
251,79.0,129.0,False
252,78.2,129.0,True
253,79.0,129.0,True
254,84.0,129.0,True
255,80.6,129.0,True
256,81.0,129.0,True
257,70.8,129.0,False
258,74.2,129.0,True
259,76.2,129.0,False
260,80.8,129.0,True
261,78.0,129.0,True
262,84.8,129.0,False
263,81.2,129.0,True
264,84.8,129.0,True
265,83.4,129.0,True
266,80.6,129.0,False
267,88.0,129.0,False
268,73.8,129.0,True
269,77.0,129.0,False
270,82.8,129.0,False
271,80.4,129.0,True
272,72.2,129.0,False
273,75.2,129.0,True
274,75.8,129.0,True
275,72.4,129.0,True
276,76.4,129.0,True
277,81.6,129.0,True
278,84.2,129.0,True
279,75.4,129.0,False
280,81.0,129.0,True
281,77.0,129.0,True
282,81.6,129.0,True
283,83.6,129.0,False
284,80.4,129.0,True
285,80.6,129.0,True
286,74.6,129.0,True
287,80.0,129.0,False
288,80.4,129.0,True
289,75.0,129.0,True
290,88.0,129.0,True
291,80.0,129.0,False
292,75.8,129.0,False
293,85.4,129.0,False
294,86.2,129.0,True
295,79.6,129.0,True
296,86.6,129.0,True
297,86.2,129.0,True
298,76.0,129.0,False
299,85.8,129.0,True
300,88.2,129.0,True
301,89.4,134.0,True
302,81.8,134.0,True
303,71.0,134.0,True
304,80.8,134.0,True
305,82.6,134.0,False
306,85.2,134.0,True
307,70.0,134.0,True
308,85.6,134.0,True
309,85.8,134.0,True
310,70.8,134.0,False
311,75.4,134.0,False
312,78.6,134.0,True
313,79.8,134.0,False
314,76.8,134.0,True
315,87.0,134.0,True
316,80.0,134.0,False
317,74.8,134.0,False
318,78.2,134.0,True
319,67.8,134.0,False
320,76.2,134.0,False
321,80.2,134.0,False
322,81.2,134.0,True
323,75.0,134.0,False
324,84.6,134.0,True
325,80.4,134.0,True
326,78.0,134.0,True
327,77.2,134.0,False
328,73.2,134.0,True
329,84.2,134.0,True
330,78.4,134.0,False
331,76.2,134.0,False
332,83.4,134.0,True
333,94.0,134.0,False
334,96.8,134.0,False
335,99.8,134.0,False
336,100.4,134.0,False
337,93.4,134.0,False
338,102.2,136.0,False
339,90.4,136.0,False
340,100.4,136.0,False
341,98.2,136.0,False
342,94.6,136.0,False
343,95.8,136.0,True
344,106.6,154.0,True
345,91.2,154.0,False
346,106.2,154.0,True
347,95.6,154.0,True
348,102.0,154.0,False
349,88.4,154.0,True
350,88.4,154.0,False
351,83.6,154.0,True
352,91.2,154.0,False
353,86.2,154.0,True
354,86.2,154.0,False
355,80.8,154.0,False
356,85.6,154.0,False
357,98.8,154.0,False
358,93.8,154.0,False
359,89.4,154.0,True
360,78.4,154.0,False
361,77.0,154.0,True
362,88.2,154.0,True
363,74.2,154.0,True
364,82.4,154.0,True
365,90.6,154.0,False
366,82.0,154.0,True
367,74.2,154.0,False
368,79.4,154.0,True
369,77.2,154.0,True
370,80.2,154.0,False
371,89.0,154.0,True
372,75.2,154.0,True
373,75.4,154.0,True
374,81.8,154.0,True
375,78.4,154.0,False
376,76.8,154.0,True
377,79.6,154.0,True
378,76.2,154.0,True
379,85.2,154.0,True
380,72.6,154.0,True
381,75.6,154.0,True
382,74.8,154.0,False
383,74.8,154.0,False
384,82.4,154.0,True
385,71.4,154.0,False
386,77.2,154.0,True
387,80.0,154.0,True
388,76.4,154.0,True
389,76.2,154.0,False
390,70.6,154.0,False
391,87.0,154.0,True
392,79.8,154.0,True
393,77.8,154.0,False
394,83.0,154.0,True
395,75.8,154.0,True
396,77.4,154.0,True
397,69.2,154.0,False
398,74.6,154.0,True
399,84.2,154.0,True
400,79.2,154.0,True
401,82.2,154.0,True
402,75.8,154.0,False
403,75.0,154.0,True
404,81.4,154.0,False
405,82.8,154.0,True
406,93.2,154.0,False
407,82.6,154.0,True
408,87.8,154.0,False
409,73.0,154.0,True
410,64.0,154.0,False
411,83.8,154.0,True
412,82.0,154.0,False
413,82.8,154.0,True
414,84.4,154.0,True
415,77.6,154.0,False
416,84.2,154.0,False
417,82.6,154.0,True
418,83.0,154.0,False
419,72.6,154.0,False
420,79.0,154.0,False
421,81.6,154.0,True
422,77.0,154.0,True
423,85.6,154.0,True
424,69.4,154.0,True
425,79.4,154.0,True
426,73.2,154.0,True
427,83.2,154.0,True
428,81.0,154.0,True
429,76.2,154.0,True
430,77.6,154.0,False
431,73.4,154.0,False
432,72.0,154.0,False
433,79.8,154.0,True
434,75.6,154.0,True
435,90.4,154.0,False
436,82.8,154.0,True
437,73.8,154.0,True
438,72.6,154.0,False
439,82.4,154.0,False
440,80.2,154.0,True
441,74.0,154.0,True
442,74.6,154.0,False
443,76.0,154.0,True
444,78.0,154.0,False
445,74.4,154.0,True
446,77.6,154.0,True
447,75.6,154.0,True
448,74.6,154.0,False
449,80.2,154.0,True
450,85.0,154.0,True
451,83.8,154.0,True
452,81.4,154.0,True
453,68.6,154.0,False
454,79.8,154.0,False
455,82.6,154.0,True
456,81.8,154.0,False
457,67.4,154.0,False
458,80.8,154.0,True
459,82.6,154.0,True
460,87.4,154.0,True
461,73.8,154.0,True
462,86.4,154.0,False
463,87.0,154.0,True
464,80.2,154.0,True
465,82.6,154.0,False
466,75.4,154.0,False
467,88.0,154.0,True
468,89.2,154.0,True
469,88.6,154.0,True
470,84.0,154.0,False
471,72.4,154.0,True
472,73.8,154.0,False
473,80.4,154.0,True
474,85.8,154.0,True
475,78.2,154.0,True
476,75.6,154.0,True
477,78.6,154.0,True
478,77.4,154.0,True
479,74.6,154.0,False
480,71.4,154.0,False
481,79.6,154.0,False
482,85.6,154.0,True
483,80.4,154.0,False
484,86.4,154.0,False
485,74.2,154.0,False
486,83.8,154.0,True
487,77.8,154.0,True
488,74.6,154.0,True
489,70.8,154.0,True
490,76.0,154.0,False
491,82.8,154.0,False
492,81.6,154.0,True
493,77.2,154.0,True
494,75.6,154.0,False
495,77.6,154.0,False
496,84.0,154.0,False
497,82.0,154.0,True
498,90.0,154.0,True
499,76.4,154.0,True
500,80.8,154.0,False
501,86.4,154.0,True
502,80.6,154.0,True
503,79.8,154.0,False
504,76.4,154.0,True
505,76.8,154.0,True
506,77.0,154.0,True
507,83.6,154.0,False
508,77.0,154.0,False
509,81.2,154.0,False
510,82.6,154.0,True
511,75.2,154.0,False
512,87.6,154.0,True
513,81.2,154.0,True
514,71.6,154.0,True
515,86.2,154.0,True
516,80.4,154.0,False
517,78.0,154.0,True
518,80.4,154.0,False
519,76.2,154.0,False
520,86.4,154.0,False
521,77.6,154.0,True
522,77.4,154.0,False
523,73.2,154.0,True
524,83.8,154.0,True
525,77.8,154.0,False
526,76.4,154.0,True
527,75.6,154.0,False
528,79.2,154.0,True
529,76.4,154.0,False
530,76.8,154.0,True
531,85.2,154.0,True
532,77.6,154.0,False
533,78.4,154.0,True
534,81.0,154.0,False
535,83.6,154.0,False
536,86.4,154.0,True
537,81.8,154.0,False
538,78.8,154.0,True
539,74.4,154.0,True
540,80.2,154.0,True
541,81.4,154.0,True
542,74.2,154.0,False
543,83.8,154.0,True
544,80.4,154.0,True
545,85.8,154.0,False
546,75.4,154.0,False
547,88.4,154.0,True
548,71.4,154.0,True
549,77.8,154.0,False
550,85.4,154.0,True
551,81.8,154.0,True
552,92.8,154.0,True
553,75.4,154.0,False
554,85.6,154.0,False
555,80.0,154.0,True
556,86.2,154.0,True
557,83.6,154.0,True
558,81.2,154.0,True
559,79.6,154.0,True
560,78.2,154.0,True
561,78.0,154.0,True
562,79.0,154.0,True
563,84.6,154.0,True
564,72.6,154.0,False
565,83.0,154.0,False
566,74.0,154.0,True
567,86.0,154.0,False
568,84.0,154.0,True
569,68.2,154.0,True
570,76.4,154.0,True
571,85.8,154.0,True
572,82.4,154.0,True
573,77.2,154.0,False
574,82.6,154.0,True
575,75.0,154.0,True
576,80.0,154.0,True
577,80.0,154.0,True
578,76.0,154.0,False
579,85.8,154.0,False
580,80.2,154.0,False
581,78.0,154.0,True
582,85.8,154.0,False
583,86.4,154.0,True
584,78.8,154.0,True
585,80.0,154.0,True
586,81.2,154.0,False
587,92.2,154.0,True
588,83.2,154.0,False
589,80.6,154.0,False
590,74.2,154.0,False
591,75.4,154.0,True
592,71.8,154.0,False
593,78.2,154.0,True
594,82.8,154.0,True
595,88.0,154.0,False
596,77.2,154.0,False
597,81.4,154.0,True
598,78.6,154.0,True
599,80.8,154.0,False
600,81.0,154.0,False
601,67.8,154.0,False
602,80.8,154.0,False
603,76.2,154.0,True
604,78.6,154.0,True
605,71.4,154.0,True
606,87.2,154.0,True
607,82.0,154.0,True
608,83.2,154.0,True
609,86.0,154.0,True
610,88.8,154.0,True
611,73.8,154.0,True
612,77.6,154.0,False
613,76.4,154.0,True
614,89.4,154.0,False
615,84.0,154.0,True
616,78.2,154.0,True
617,79.2,154.0,True
618,83.6,154.0,False
619,75.4,154.0,True
620,71.4,154.0,False
621,73.8,154.0,False
622,85.4,154.0,True
623,80.4,154.0,True
624,80.2,154.0,False
625,79.2,154.0,True
626,78.8,154.0,True
627,74.6,154.0,False
628,78.8,154.0,False
629,83.6,154.0,False
630,80.8,154.0,False
631,81.4,154.0,False
632,80.2,154.0,True
633,78.6,154.0,True
634,81.2,154.0,True
635,76.2,154.0,True
636,86.2,154.0,False
637,84.2,154.0,False
638,74.6,154.0,True
639,75.6,154.0,False
640,79.6,154.0,True
641,77.8,154.0,False
642,78.8,154.0,False
643,78.2,154.0,True
644,78.0,154.0,True
645,74.4,154.0,True
646,69.0,154.0,False
647,83.4,154.0,False
648,71.8,154.0,False
649,78.8,154.0,True
650,80.4,154.0,True
651,78.4,154.0,False
652,75.4,154.0,False
653,90.8,154.0,False
654,83.8,154.0,True
655,80.4,154.0,True
656,79.6,154.0,False
657,87.2,154.0,True
658,81.8,154.0,True
659,76.0,154.0,False
660,73.0,154.0,True
661,83.0,154.0,True
662,89.8,154.0,True
663,74.0,154.0,False
664,83.8,154.0,True
665,77.4,154.0,False
666,71.8,154.0,True
667,70.8,154.0,False
668,86.6,154.0,True
669,73.0,154.0,True
670,72.0,154.0,True
671,71.0,154.0,False
672,78.2,154.0,True
673,78.8,154.0,True
674,84.8,154.0,True
675,83.0,154.0,False
676,75.2,154.0,True
677,81.4,154.0,False
678,79.6,154.0,True
679,93.0,154.0,False
680,75.0,154.0,True
681,80.0,154.0,True
682,80.2,154.0,False
683,81.6,154.0,True
684,81.4,154.0,True
685,87.8,154.0,True
686,83.4,154.0,False
687,83.6,154.0,False
688,74.8,154.0,True
689,85.2,154.0,True
690,83.8,154.0,True
691,80.6,154.0,True
692,88.8,154.0,True
693,75.2,154.0,False
694,73.2,154.0,True
695,72.6,154.0,False
696,75.8,154.0,True
697,77.0,154.0,True
698,79.0,154.0,True
699,79.6,154.0,True
700,72.4,154.0,False
701,84.0,154.0,False
702,80.6,154.0,False
703,74.8,154.0,True
704,81.4,154.0,True
705,69.8,154.0,False
706,77.6,154.0,True
707,74.0,154.0,True
708,74.4,154.0,False
709,75.4,154.0,False
710,76.4,154.0,True
711,78.0,154.0,True
712,87.4,154.0,True
713,79.2,154.0,True
714,82.4,154.0,False
715,74.4,154.0,True
716,81.6,154.0,True
717,78.2,154.0,False
718,74.4,154.0,True
719,75.4,154.0,True
720,78.4,154.0,True
721,89.4,154.0,True
722,79.8,154.0,True
723,81.2,154.0,True
724,92.4,154.0,True
725,75.4,154.0,False
726,85.4,154.0,True
727,79.0,154.0,False
728,73.8,154.0,True
729,89.6,154.0,True
730,77.0,154.0,True
731,76.6,154.0,True
732,83.8,154.0,True
733,84.4,154.0,False
734,88.0,154.0,False
735,75.8,154.0,False
736,93.2,154.0,True
737,83.0,154.0,False
738,78.4,154.0,False
739,77.8,154.0,True
740,72.4,154.0,True
741,80.6,154.0,False
742,75.8,154.0,True
743,83.2,154.0,True
744,84.8,154.0,True
745,88.0,154.0,True
746,79.8,154.0,True
747,81.0,154.0,True
748,78.4,154.0,True
749,84.0,154.0,True
750,71.4,154.0,True
751,85.8,154.0,True
752,86.6,154.0,True
753,87.8,154.0,False
754,81.8,154.0,True
755,73.4,154.0,True
756,89.8,154.0,False
757,80.4,154.0,False
758,80.2,154.0,False
759,84.4,154.0,True
760,76.4,154.0,True
761,76.0,154.0,False
762,81.6,154.0,True
763,72.6,154.0,True
764,84.6,154.0,True
765,77.2,154.0,False
766,77.8,154.0,True
767,77.0,154.0,True
768,77.0,154.0,True
769,81.6,154.0,False
770,79.4,154.0,True
771,80.6,154.0,True
772,81.0,154.0,True
773,78.4,154.0,True
774,83.0,154.0,True
775,77.8,154.0,True
776,82.0,154.0,False
777,87.8,154.0,True
778,85.6,154.0,False
779,87.4,154.0,True
780,81.6,154.0,False
781,80.6,154.0,False
782,73.8,154.0,True
783,79.2,154.0,True
784,86.2,154.0,True
785,83.6,154.0,True
786,86.6,154.0,True
787,82.6,154.0,True
788,82.2,154.0,True
789,74.4,154.0,True
790,87.0,154.0,True
791,86.8,154.0,True
792,82.8,154.0,True
793,82.2,154.0,False
794,77.6,154.0,True
795,82.4,154.0,True
796,74.8,154.0,True
797,84.0,154.0,False
798,78.4,154.0,True
799,79.8,154.0,True
800,83.4,154.0,False
801,78.6,154.0,True
802,83.0,154.0,False
803,83.6,154.0,True
804,87.0,154.0,True
805,76.2,154.0,False
806,87.6,154.0,False
807,85.0,154.0,True
808,78.6,154.0,False
809,75.0,154.0,True
810,90.0,154.0,False
811,78.6,154.0,True
812,83.2,154.0,True
813,82.2,154.0,False
814,78.6,154.0,True
815,76.8,154.0,True
816,78.8,154.0,False
817,74.8,154.0,False
818,80.6,154.0,False
819,86.6,154.0,False
820,75.2,154.0,True
821,88.8,154.0,False
822,82.6,154.0,False
823,83.8,154.0,True
824,83.6,154.0,True
825,79.6,154.0,True
826,86.2,154.0,True
827,78.6,154.0,True
828,82.8,154.0,False
829,81.8,154.0,True
830,85.2,154.0,True
831,73.6,154.0,True
832,86.0,154.0,False
833,76.0,154.0,True
834,84.0,154.0,True
835,86.4,154.0,True
836,83.6,154.0,True
837,76.2,154.0,True
838,81.8,154.0,False
839,78.4,154.0,False
840,81.8,154.0,True
841,79.6,154.0,True
842,73.2,154.0,True
843,82.0,154.0,False
844,88.4,154.0,True
845,74.0,154.0,True
846,94.6,154.0,False
847,80.0,154.0,False
848,81.2,154.0,False
849,78.8,154.0,False
850,80.0,154.0,False
851,86.0,154.0,True
852,89.8,154.0,True
853,81.6,154.0,True
854,79.4,154.0,True
855,81.6,154.0,True
856,74.0,154.0,True
857,85.4,154.0,True
858,76.8,154.0,False
859,84.0,154.0,True
860,76.0,154.0,True
861,76.2,154.0,True
862,80.8,154.0,True
863,81.4,154.0,True
864,77.6,154.0,True
865,81.4,154.0,True
866,77.4,154.0,False
867,78.8,154.0,True
868,84.2,154.0,True
869,89.2,154.0,False
870,81.8,154.0,True
871,81.6,154.0,False
872,82.0,154.0,True
873,77.4,154.0,True
874,76.6,154.0,False
875,86.2,154.0,False
876,69.6,154.0,False
877,79.0,154.0,False
878,76.4,154.0,False
879,79.2,154.0,True
880,80.6,154.0,True
881,73.0,154.0,False
882,79.4,154.0,True
883,93.8,154.0,True
884,85.4,154.0,True
885,83.4,154.0,True
886,78.8,154.0,True
887,79.2,154.0,True
888,80.4,154.0,False
889,78.2,154.0,True
890,77.0,154.0,True
891,87.6,154.0,True
892,77.6,154.0,False
893,77.8,154.0,True
894,76.2,154.0,False
895,73.2,154.0,False
896,79.0,154.0,False
897,82.4,154.0,True
898,90.0,154.0,False
899,79.0,154.0,True
900,86.6,154.0,False
901,76.8,154.0,False
902,82.8,154.0,True
903,76.2,154.0,False
904,87.4,154.0,True
905,84.4,154.0,True
906,75.0,154.0,True
907,92.2,154.0,False
908,82.6,154.0,False
909,87.6,154.0,True
910,81.6,154.0,True
911,81.4,154.0,False
912,77.6,154.0,True
913,88.0,154.0,True
914,74.0,154.0,False
915,79.8,154.0,True
916,76.4,154.0,True
917,82.8,154.0,False
918,75.6,154.0,True
919,78.4,154.0,True
920,80.4,154.0,True
921,73.6,154.0,False
922,81.8,154.0,True
923,81.8,154.0,True
924,83.4,154.0,False
925,83.2,154.0,False
926,78.6,154.0,True
927,86.2,154.0,True
928,93.4,154.0,True
929,79.6,154.0,True
930,84.0,154.0,True
931,73.4,154.0,True
932,75.2,154.0,True
933,78.4,154.0,True
934,78.8,154.0,True
935,80.2,154.0,True
936,67.4,154.0,False
937,77.6,154.0,True
938,77.0,154.0,False
939,78.0,154.0,True
940,82.2,154.0,False
941,82.4,154.0,True
942,77.8,154.0,True
943,78.8,154.0,True
944,86.6,154.0,False
945,73.6,154.0,True
946,84.0,154.0,True
947,76.8,154.0,True
948,81.4,154.0,True
949,80.2,154.0,True
950,84.2,154.0,True
951,80.6,154.0,True
952,82.6,154.0,False
953,82.0,154.0,True
954,78.8,154.0,False
955,79.8,154.0,True
956,76.6,154.0,True
957,85.8,154.0,True
958,85.6,154.0,True
959,83.0,154.0,True
960,80.4,154.0,False
961,82.0,154.0,True
962,80.8,154.0,True
963,78.6,154.0,True
964,78.4,154.0,True
965,78.0,154.0,True
966,85.6,154.0,False
967,82.2,154.0,False
968,70.8,154.0,False
969,88.8,154.0,True
970,99.6,154.0,True
971,77.4,154.0,False
972,83.6,154.0,True
973,80.2,154.0,True
974,83.8,154.0,True
975,84.2,154.0,True
976,77.6,154.0,True
977,85.8,154.0,True
978,73.6,154.0,False
979,83.8,154.0,False
980,85.6,154.0,True
981,72.6,154.0,True
982,74.0,154.0,False
983,79.8,154.0,True
984,74.6,154.0,True
985,92.0,154.0,False
986,79.6,154.0,False
987,81.8,154.0,False
988,82.6,154.0,True
989,82.6,154.0,True
990,80.8,154.0,True
991,86.4,154.0,True
992,81.4,154.0,True
993,76.4,154.0,True
994,90.2,154.0,True
995,93.0,154.0,False
996,76.0,154.0,True
997,76.8,154.0,False
998,90.0,154.0,True
999,79.0,154.0,True
1000,80.0,154.0,False
1001,88.0,154.0,True
1002,74.8,154.0,True
1003,84.6,154.0,True
1004,89.4,154.0,False
1005,78.2,154.0,True
1006,79.6,154.0,True
1007,79.8,154.0,False
1008,88.2,154.0,True
1009,89.8,154.0,True
1010,74.4,154.0,True
1011,81.4,154.0,True
1012,84.0,154.0,True
1013,91.8,154.0,False
1014,84.4,154.0,True
1015,75.4,154.0,False
1016,76.6,154.0,False
1017,89.2,154.0,True
1018,80.2,154.0,True
1019,80.2,154.0,True
1020,80.0,154.0,True
1021,85.4,154.0,False
1022,80.8,154.0,True
1023,81.4,154.0,True
1024,85.0,154.0,True
1025,85.0,154.0,True
1026,75.4,154.0,True
1027,85.4,154.0,True
1028,81.4,154.0,True
1029,77.4,154.0,False
1030,79.0,154.0,False
1031,80.6,154.0,True
1032,78.8,154.0,True
1033,72.0,154.0,False
1034,81.4,154.0,False
1035,74.8,154.0,True
1036,82.2,154.0,True
1037,77.6,154.0,True
1038,84.2,154.0,True
1039,73.8,154.0,False
1040,69.8,154.0,True
1041,82.0,154.0,True
1042,86.8,154.0,False
1043,87.6,154.0,False
1044,80.6,154.0,True
1045,79.6,154.0,True
1046,82.8,154.0,False
1047,84.0,154.0,True
1048,74.8,154.0,False
1049,76.6,154.0,True
1050,73.2,154.0,True
1051,87.0,154.0,False
1052,82.0,154.0,True
1053,75.4,154.0,False
1054,87.4,154.0,True
1055,83.8,154.0,True
1056,75.2,154.0,True
1057,81.8,154.0,True
1058,74.8,154.0,False
1059,79.4,154.0,True
1060,73.8,154.0,True
1061,78.4,154.0,False
1062,88.2,154.0,True
1063,79.0,154.0,False
1064,75.8,154.0,True
1065,73.0,154.0,False
1066,74.8,154.0,True
1067,75.2,154.0,True
1068,72.8,154.0,False
1069,79.2,154.0,True
1070,85.4,154.0,True
1071,70.4,154.0,True
1072,81.0,154.0,False
1073,80.0,154.0,True
1074,71.0,154.0,False
1075,81.4,154.0,True
1076,91.4,154.0,True
1077,74.6,154.0,True
1078,77.6,154.0,True
1079,83.6,154.0,True
1080,74.4,154.0,False
1081,81.2,154.0,True
1082,77.4,154.0,False
1083,75.8,154.0,False
1084,71.8,154.0,False
1085,70.8,154.0,False
1086,69.8,154.0,True
1087,72.4,154.0,True
1088,72.2,154.0,True
1089,66.6,154.0,True
1090,76.0,154.0,True
1091,69.8,154.0,True
1092,70.4,154.0,True
1093,75.6,154.0,True
1094,74.2,154.0,False
1095,65.6,154.0,True
1096,73.2,154.0,True
1097,77.0,154.0,False
1098,74.8,154.0,False
1099,83.0,154.0,True
1100,84.0,154.0,True
1101,75.2,154.0,True
1102,80.6,154.0,False
1103,74.0,154.0,False
1104,76.6,154.0,True
1105,78.8,154.0,False
1106,74.4,154.0,False
1107,87.6,154.0,False
1108,73.0,154.0,True
1109,76.0,154.0,False
1110,72.8,154.0,False
1111,86.6,154.0,False
1112,80.8,154.0,True
1113,82.6,154.0,True
1114,82.8,154.0,True
1115,86.8,154.0,True
1116,82.8,154.0,False
1117,76.8,154.0,False
1118,82.2,154.0,False
1119,84.4,154.0,True
1120,85.6,154.0,False
1121,76.0,154.0,True
1122,77.6,154.0,True
1123,78.2,154.0,True
1124,72.4,154.0,False
1125,77.8,154.0,True
1126,83.0,154.0,True
1127,74.2,154.0,False
1128,78.4,154.0,True
1129,80.0,154.0,True
1130,87.2,154.0,True
1131,77.4,154.0,True
1132,74.4,154.0,True
1133,84.8,154.0,False
1134,78.0,154.0,False
1135,73.6,154.0,True
1136,83.0,154.0,True
1137,81.2,154.0,True
1138,77.0,154.0,True
1139,78.6,154.0,True
1140,77.6,154.0,True
1141,79.0,154.0,True
1142,83.0,154.0,True
1143,76.6,154.0,False
1144,81.6,154.0,True
1145,79.2,154.0,False
1146,84.8,154.0,True
1147,78.8,154.0,True
1148,80.4,154.0,True
1149,77.6,154.0,True
1150,80.4,154.0,False
1151,74.2,154.0,False
1152,78.2,154.0,True
1153,76.6,154.0,True
1154,77.0,154.0,False
1155,73.2,154.0,False
1156,79.2,154.0,True
1157,73.4,154.0,True
1158,78.2,154.0,False
1159,81.2,154.0,True
1160,81.8,154.0,True
1161,78.4,154.0,True
1162,78.8,154.0,True
1163,82.8,154.0,True
1164,82.6,154.0,False
1165,83.2,154.0,False
1166,82.4,154.0,True
1167,74.6,154.0,True
1168,75.6,154.0,False
1169,78.8,154.0,True
1170,73.4,154.0,True
1171,97.8,154.0,True
1172,77.0,154.0,True
1173,80.6,154.0,True
1174,77.0,154.0,True
1175,78.4,154.0,False
1176,84.2,154.0,True
1177,77.4,154.0,False
1178,80.4,154.0,False
1179,81.0,154.0,True
1180,82.2,154.0,True
1181,76.4,154.0,True
1182,80.0,154.0,True
1183,80.6,154.0,True
1184,91.0,154.0,False
1185,76.8,154.0,True
1186,74.8,154.0,False
1187,74.0,154.0,False
1188,74.0,154.0,False
1189,85.2,154.0,True
1190,80.6,154.0,False
1191,83.4,154.0,True
1192,77.6,154.0,True
1193,77.4,154.0,True
1194,85.2,154.0,True
1195,77.2,154.0,True
1196,73.6,154.0,True
1197,84.4,154.0,False
1198,76.8,154.0,True
1199,77.0,154.0,True
1200,80.4,154.0,True
1201,78.2,154.0,False
1202,82.2,154.0,True
1203,73.2,154.0,True
1204,82.6,154.0,True
1205,80.2,154.0,True
1206,73.4,154.0,False
1207,86.0,154.0,True
1208,78.4,154.0,False
1209,70.8,154.0,False
1210,89.8,154.0,True
1211,79.2,154.0,False
1212,80.0,154.0,True
1213,87.0,154.0,True
1214,81.8,154.0,True
1215,75.6,154.0,True
1216,79.4,154.0,False
1217,79.0,154.0,True
1218,79.8,154.0,True
1219,82.0,154.0,True
1220,83.0,154.0,False
1221,79.2,154.0,False
1222,83.4,154.0,True
1223,95.6,154.0,False
1224,83.4,154.0,True
1225,79.4,154.0,False
1226,80.0,154.0,True
1227,74.6,154.0,True
1228,80.4,154.0,True
1229,79.6,154.0,True
1230,67.6,154.0,False
1231,73.2,154.0,False
1232,71.4,154.0,False
1233,71.6,154.0,True
1234,72.8,154.0,False
1235,76.2,154.0,True
1236,78.4,154.0,False
1237,75.8,154.0,True
1238,76.6,154.0,True
1239,69.4,154.0,False
1240,76.4,154.0,True
1241,81.0,154.0,False
1242,75.4,154.0,True
1243,84.4,154.0,True
1244,84.0,154.0,False
1245,79.4,154.0,True
1246,89.4,154.0,False
1247,75.8,154.0,True
1248,81.6,154.0,True
1249,80.4,154.0,True
1250,77.4,154.0,True
1251,78.2,154.0,True
1252,86.4,154.0,True
1253,75.0,154.0,True
1254,78.4,154.0,False
1255,86.0,154.0,True
1256,87.2,154.0,True
1257,83.4,154.0,True
1258,75.0,154.0,False
1259,77.4,154.0,True
1260,78.2,154.0,True
1261,81.4,154.0,True
1262,80.4,154.0,True
1263,76.0,154.0,True
1264,80.8,154.0,True
1265,84.8,154.0,True
1266,77.4,154.0,True
1267,81.0,154.0,True
1268,84.4,154.0,False
1269,84.8,154.0,False
1270,83.6,154.0,True
1271,77.4,154.0,True
1272,83.2,154.0,True
1273,76.0,154.0,True
1274,65.0,154.0,True
1275,72.6,154.0,True
1276,79.8,154.0,False
1277,72.0,154.0,True
1278,72.6,154.0,True
1279,77.0,154.0,False
1280,78.0,154.0,True
1281,84.0,154.0,False
1282,78.2,154.0,True
1283,83.2,154.0,True
1284,80.2,154.0,True
1285,65.8,154.0,False
1286,73.8,154.0,True
1287,71.8,154.0,True
1288,88.2,154.0,True
1289,83.0,154.0,True
1290,78.2,154.0,True
1291,85.4,154.0,False
1292,82.6,154.0,False
1293,90.0,154.0,False
1294,70.0,154.0,True
1295,85.4,154.0,True
1296,72.8,154.0,False
1297,79.2,154.0,False
1298,79.8,154.0,True
1299,78.4,154.0,True
1300,80.4,154.0,True
1301,78.8,154.0,True
1302,81.4,154.0,True
1303,80.2,154.0,True
1304,76.8,154.0,False
1305,83.4,154.0,True
1306,78.8,154.0,True
1307,78.0,154.0,False
1308,71.8,154.0,False
1309,83.0,154.0,False
1310,76.0,154.0,True
1311,85.0,154.0,True
1312,71.2,154.0,False
1313,79.0,154.0,True
1314,82.0,154.0,True
1315,80.8,154.0,True
1316,77.2,154.0,False
1317,88.4,154.0,False
1318,76.6,154.0,True
1319,83.0,154.0,True
1320,74.8,154.0,True
1321,77.8,154.0,True
1322,78.2,154.0,False
1323,80.8,154.0,True
1324,81.0,154.0,False
1325,82.4,154.0,False
1326,76.6,154.0,False
1327,79.8,154.0,False
1328,74.6,154.0,True
1329,81.4,154.0,False
1330,87.0,154.0,True
1331,93.2,154.0,True
1332,77.6,154.0,True
1333,93.4,154.0,True
1334,81.0,154.0,False
1335,91.0,154.0,False
1336,81.8,154.0,True
1337,74.4,154.0,False
1338,78.4,154.0,True
1339,87.6,154.0,True
1340,77.6,154.0,False
1341,78.4,154.0,True
1342,76.6,154.0,False
1343,78.8,154.0,True
1344,78.2,154.0,True
1345,78.2,154.0,True
1346,77.6,154.0,True
1347,84.6,154.0,True
1348,71.8,154.0,False
1349,82.0,154.0,False
1350,78.8,154.0,True
1351,82.4,154.0,True
1352,79.6,154.0,True
1353,75.6,154.0,False
1354,89.6,154.0,True
1355,79.2,154.0,False
1356,77.8,154.0,False
1357,81.2,154.0,True
1358,82.0,154.0,False
1359,71.4,154.0,True
1360,80.4,154.0,True
1361,80.6,154.0,False
1362,92.2,154.0,True
1363,83.0,154.0,True
1364,74.8,154.0,True
1365,81.4,154.0,False
1366,88.8,154.0,True
1367,83.2,154.0,True
1368,78.8,154.0,True
1369,79.2,154.0,True
1370,79.2,154.0,False
1371,85.2,154.0,True
1372,80.0,154.0,False
1373,78.6,154.0,True
1374,77.4,154.0,False
1375,80.4,154.0,False
1376,82.0,154.0,False
1377,81.0,154.0,True
1378,74.8,154.0,True
1379,76.2,154.0,False
1380,79.4,154.0,True
1381,82.2,154.0,False
1382,87.0,154.0,False
1383,78.2,154.0,True
1384,77.6,154.0,False
1385,74.2,154.0,True
1386,85.2,154.0,True
1387,69.2,154.0,False
1388,84.4,154.0,True
1389,89.6,154.0,False
1390,75.8,154.0,True
1391,74.2,154.0,True
1392,76.4,154.0,False
1393,86.2,154.0,True
1394,83.2,154.0,True
1395,85.0,154.0,True
1396,81.8,154.0,True
1397,78.2,154.0,True
1398,85.0,154.0,False
1399,73.4,154.0,True
1400,83.0,154.0,True
1401,78.6,154.0,True
1402,78.2,154.0,True
1403,85.6,154.0,True
1404,87.2,154.0,True
1405,81.0,154.0,True
1406,87.0,154.0,True
1407,80.2,154.0,False
1408,83.0,154.0,True
1409,78.8,154.0,False
1410,83.0,154.0,True
1411,81.4,154.0,True
1412,90.4,154.0,True
1413,80.0,154.0,True
1414,82.0,154.0,True
1415,79.4,154.0,True
1416,82.4,154.0,True
1417,85.4,154.0,False
1418,76.8,154.0,True
1419,90.8,154.0,True
1420,81.8,154.0,True
1421,80.0,154.0,True
1422,82.4,154.0,True
1423,80.0,154.0,True
1424,84.0,154.0,True
1425,76.0,154.0,True
1426,79.2,154.0,True
1427,75.4,154.0,False
1428,83.8,154.0,False
1429,82.8,154.0,False
1430,70.8,154.0,True
1431,85.0,154.0,True
1432,78.0,154.0,True
1433,84.8,154.0,True
1434,79.0,154.0,False
1435,76.2,154.0,False
1436,73.6,154.0,True
1437,89.8,154.0,True
1438,69.4,154.0,False
1439,79.8,154.0,True
1440,89.8,154.0,False
1441,71.0,154.0,True
1442,80.4,154.0,True
1443,85.6,154.0,True
1444,75.6,154.0,True
1445,77.4,154.0,False
1446,83.6,154.0,True
1447,79.0,154.0,False
1448,80.6,154.0,True
1449,88.0,154.0,True
1450,82.8,154.0,True
1451,76.4,154.0,True
1452,76.4,154.0,True
1453,74.4,154.0,True
1454,80.8,154.0,True
1455,83.0,154.0,False
1456,88.2,154.0,True
1457,79.0,154.0,True
1458,75.8,154.0,True
1459,80.6,154.0,True
1460,84.6,154.0,True
1461,79.6,154.0,False
1462,82.4,154.0,True
1463,82.4,154.0,True
1464,87.0,154.0,True
1465,84.0,154.0,True
1466,79.4,154.0,True
1467,87.8,154.0,True
1468,81.0,154.0,True
1469,78.0,154.0,True
1470,69.6,154.0,False
1471,82.8,154.0,True
1472,94.4,154.0,True
1473,78.8,154.0,True
1474,87.0,154.0,False
1475,78.4,154.0,False
1476,77.8,154.0,True
1477,80.6,154.0,True
1478,81.0,154.0,True
1479,82.0,154.0,False
1480,75.4,154.0,False
1481,78.4,154.0,False
1482,79.8,154.0,True
1483,91.6,154.0,True
1484,78.6,154.0,True
1485,80.4,154.0,False
1486,82.0,154.0,False
1487,79.8,154.0,True
1488,74.2,154.0,False
1489,92.2,154.0,False
1490,87.6,154.0,False
1491,76.0,154.0,True
1492,76.2,154.0,True
1493,78.6,154.0,True
1494,74.8,154.0,False
1495,85.6,154.0,True
1496,74.4,154.0,True
1497,81.6,154.0,True
1498,75.0,154.0,False
1499,75.8,154.0,True
1500,72.2,154.0,True
1501,73.2,154.0,True
1502,81.2,154.0,True
1503,76.4,154.0,True
1504,82.2,154.0,False
1505,84.0,154.0,False
1506,79.0,154.0,True
1507,80.0,154.0,False
1508,82.0,154.0,True
1509,72.2,154.0,False
1510,86.8,154.0,True
1511,78.8,154.0,True
1512,82.6,154.0,True
1513,93.6,154.0,True
1514,78.2,154.0,False
1515,82.0,154.0,True
1516,81.4,154.0,False
1517,76.4,154.0,True
1518,82.8,154.0,True
1519,86.0,154.0,False
1520,81.8,154.0,True
1521,82.2,154.0,True
1522,82.0,154.0,True
1523,79.2,154.0,True
1524,81.4,154.0,False
1525,79.4,154.0,False
1526,80.4,154.0,False
1527,76.8,154.0,True
1528,76.8,154.0,False
1529,73.4,154.0,True
1530,70.2,154.0,False
1531,75.4,154.0,True
1532,68.6,154.0,False
1533,78.2,154.0,True
1534,76.0,154.0,True
1535,77.6,154.0,False
1536,77.0,154.0,True
1537,77.4,154.0,True
1538,82.6,154.0,True
1539,78.4,154.0,True
1540,83.8,154.0,False
1541,87.0,154.0,True
1542,89.2,154.0,True
1543,85.2,154.0,False
1544,84.4,154.0,True
1545,78.6,154.0,True
1546,74.8,154.0,False
1547,83.4,154.0,True
1548,74.2,154.0,False
1549,82.2,154.0,True
1550,73.4,154.0,True
1551,78.0,154.0,True
1552,80.6,154.0,True
1553,68.8,154.0,False
1554,85.8,154.0,True
1555,85.6,154.0,False
1556,71.6,154.0,False
1557,87.2,154.0,False
1558,79.2,154.0,True
1559,77.0,154.0,True
1560,76.2,154.0,True
1561,75.2,154.0,True
1562,80.2,154.0,False
1563,88.2,154.0,True
1564,79.4,154.0,True
1565,92.4,154.0,True
1566,81.0,154.0,False
1567,72.6,154.0,True
1568,79.2,154.0,True
1569,83.0,154.0,True
1570,85.8,154.0,True
1571,91.0,154.0,True
1572,76.6,154.0,True
1573,78.0,154.0,True
1574,74.8,154.0,True
1575,82.2,154.0,True
1576,86.4,154.0,False
1577,75.2,154.0,False
1578,80.6,154.0,False
1579,79.6,154.0,True
1580,84.0,154.0,True
1581,80.2,154.0,True
1582,84.0,154.0,True
1583,81.8,154.0,True
1584,97.2,154.0,True
1585,82.0,154.0,True
1586,78.4,154.0,False
1587,82.6,154.0,False
1588,74.8,154.0,False
1589,78.0,154.0,False
1590,77.4,154.0,True
1591,83.8,154.0,True
1592,80.0,154.0,True
1593,77.2,154.0,True
1594,81.2,154.0,True
1595,83.6,154.0,True
1596,94.2,154.0,True
1597,76.2,154.0,True
1598,83.0,154.0,False
1599,73.4,154.0,True
1600,82.0,154.0,True
1601,80.8,154.0,False
1602,79.2,154.0,True
1603,84.6,154.0,False
1604,88.8,154.0,True
1605,78.0,154.0,True
1606,75.0,154.0,True
1607,73.4,154.0,False
1608,76.8,154.0,True
1609,83.4,154.0,True
1610,79.0,154.0,True
1611,78.6,154.0,True
1612,74.6,154.0,True
1613,74.4,154.0,True
1614,87.0,154.0,True
1615,82.4,154.0,False
1616,78.0,154.0,False
1617,81.2,154.0,True
1618,75.2,154.0,False
1619,88.0,154.0,True
1620,79.2,154.0,False
1621,71.4,154.0,False
1622,82.4,154.0,True
1623,83.6,154.0,True
1624,84.0,154.0,False
1625,85.2,154.0,True
1626,76.8,154.0,True
1627,82.8,154.0,True
1628,89.2,154.0,True
1629,92.8,154.0,False
1630,81.4,154.0,False
1631,81.2,154.0,False
1632,79.0,154.0,True
1633,75.0,154.0,True
1634,78.0,154.0,True
1635,79.0,154.0,True
1636,84.4,154.0,False
1637,77.8,154.0,True
1638,81.2,154.0,False
1639,84.2,154.0,True
1640,86.0,154.0,False
1641,78.6,154.0,True
1642,82.8,154.0,True
1643,81.4,154.0,True
1644,84.2,154.0,True
1645,81.2,154.0,False
1646,80.2,154.0,True
1647,76.0,154.0,False
1648,77.2,154.0,False
1649,78.4,154.0,False
1650,71.8,154.0,True
1651,78.8,154.0,False
1652,76.8,154.0,True
1653,82.0,154.0,True
1654,77.2,154.0,True
1655,83.4,154.0,True
1656,80.0,154.0,True
1657,74.8,154.0,True
1658,84.2,154.0,True
1659,78.8,154.0,True
1660,80.0,154.0,False
1661,87.0,154.0,False
1662,70.8,154.0,False
1663,76.4,154.0,True
1664,85.2,154.0,True
1665,82.4,154.0,False
1666,86.6,154.0,True
1667,82.8,154.0,True
1668,78.4,154.0,True
1669,69.8,154.0,False
1670,86.0,154.0,False
1671,78.4,154.0,True
1672,78.2,154.0,True
1673,76.8,154.0,False
1674,80.2,154.0,True
1675,78.0,154.0,True
1676,85.4,154.0,False
1677,77.2,154.0,False
1678,80.8,154.0,False
1679,86.0,154.0,False
1680,75.4,154.0,False
1681,82.8,154.0,True
1682,77.0,154.0,True
1683,84.6,154.0,False
1684,79.0,154.0,True
1685,78.8,154.0,True
1686,85.4,154.0,True
1687,74.0,154.0,True
1688,85.2,154.0,True
1689,79.0,154.0,False
1690,89.4,154.0,False
1691,77.8,154.0,False
1692,81.0,154.0,True
1693,76.2,154.0,False
1694,97.4,154.0,True
1695,93.8,154.0,True
1696,75.6,154.0,True
1697,77.4,154.0,False
1698,80.6,154.0,True
1699,74.8,154.0,True
1700,85.8,154.0,True
1701,80.0,154.0,True
1702,84.6,154.0,True
1703,83.6,154.0,False
1704,83.4,154.0,False
1705,84.2,154.0,False
1706,71.8,154.0,True
1707,77.8,154.0,False
1708,80.0,154.0,True
1709,77.0,154.0,True
1710,83.2,154.0,True
1711,82.8,154.0,True
1712,83.0,154.0,True
1713,74.2,154.0,True
1714,81.0,154.0,True
1715,76.6,154.0,False
1716,82.0,154.0,True
1717,81.4,154.0,True
1718,79.4,154.0,False
1719,91.0,154.0,True
1720,73.6,154.0,True
1721,84.0,154.0,False
1722,81.0,154.0,True
1723,83.0,154.0,False
1724,84.8,154.0,True
1725,79.2,154.0,True
1726,74.4,154.0,True
1727,75.8,154.0,False
1728,78.6,154.0,True
1729,74.8,154.0,True
1730,83.4,154.0,True
1731,79.6,154.0,False
1732,79.2,154.0,True
1733,82.6,154.0,True
1734,83.0,154.0,True
1735,77.8,154.0,True
1736,80.4,154.0,False
1737,79.0,154.0,False
1738,78.2,154.0,False
1739,82.6,154.0,False
1740,76.6,154.0,True
1741,80.6,154.0,True
1742,75.8,154.0,False
1743,78.8,154.0,False
1744,77.0,154.0,False
1745,81.6,154.0,True
1746,81.4,154.0,True
1747,71.0,154.0,True
1748,78.4,154.0,False
1749,85.4,154.0,True
1750,75.4,154.0,True
1751,84.4,154.0,True
1752,79.6,154.0,False
1753,82.4,154.0,True
1754,85.6,154.0,True
1755,79.0,154.0,True
1756,74.6,154.0,True
1757,75.6,154.0,True
1758,77.6,154.0,False
1759,73.0,154.0,False
1760,83.4,154.0,False
1761,82.8,154.0,True
1762,79.4,154.0,True
1763,82.6,154.0,False
1764,88.4,154.0,True
1765,83.4,154.0,False
1766,76.0,154.0,True
1767,92.6,154.0,False
1768,86.4,154.0,False
1769,82.8,154.0,True
1770,85.6,154.0,False
1771,87.4,154.0,True
1772,75.2,154.0,True
1773,82.4,154.0,True
1774,80.2,154.0,True
1775,82.4,154.0,True
1776,77.4,154.0,True
1777,79.8,154.0,True
1778,66.2,154.0,True
1779,80.8,154.0,False
1780,84.2,154.0,False
1781,82.0,154.0,False
1782,82.8,154.0,True
1783,80.6,154.0,True
1784,80.4,154.0,True
1785,77.8,154.0,False
1786,87.4,154.0,True
1787,76.8,154.0,True
1788,78.4,154.0,False
1789,83.0,154.0,False
1790,76.4,154.0,True
1791,82.2,154.0,True
1792,76.6,154.0,False
1793,74.4,154.0,True
1794,78.2,154.0,True
1795,70.2,154.0,True
1796,72.0,154.0,True
1797,67.2,154.0,False
1798,75.6,154.0,True
1799,70.2,154.0,True
1800,73.4,154.0,False
1801,75.8,154.0,True
1802,74.8,154.0,False
1803,75.4,154.0,False
1804,76.0,154.0,False
1805,72.6,154.0,False
1806,90.6,154.0,True
1807,74.2,154.0,True
1808,67.4,154.0,True
1809,77.2,154.0,True
1810,74.8,154.0,True
1811,80.4,154.0,True
1812,73.8,154.0,True
1813,66.6,154.0,False
1814,75.0,154.0,False
1815,78.0,154.0,True
1816,78.8,154.0,True
1817,83.8,154.0,True
1818,70.4,154.0,False
1819,77.0,154.0,True
1820,81.0,154.0,False
1821,69.4,154.0,False
1822,75.0,154.0,True
1823,78.2,154.0,False
1824,73.0,154.0,True
1825,84.8,154.0,True
1826,77.6,154.0,True
1827,78.6,154.0,False
1828,80.0,154.0,False
1829,77.2,154.0,True
1830,68.8,154.0,True
1831,73.0,154.0,False
1832,76.0,154.0,False
1833,82.2,154.0,True
1834,77.8,154.0,True
1835,77.0,154.0,False
1836,82.6,154.0,False
1837,81.6,154.0,False
1838,72.2,154.0,True
1839,68.2,154.0,False
1840,76.0,154.0,True
1841,68.0,154.0,False
1842,76.0,154.0,True
1843,71.4,154.0,False
1844,84.8,154.0,True
1845,79.8,154.0,True
1846,77.2,154.0,True
1847,73.6,154.0,True
1848,78.2,154.0,False
1849,77.0,154.0,False
1850,80.6,154.0,True
1851,80.2,154.0,True
1852,73.2,154.0,True
1853,77.4,154.0,True
1854,85.2,154.0,True
1855,71.6,154.0,True
1856,76.8,154.0,True
1857,75.6,154.0,False
1858,76.2,154.0,True
1859,76.6,154.0,True
1860,83.4,154.0,True
1861,77.6,154.0,False
1862,75.8,154.0,True
1863,84.2,154.0,True
1864,77.6,154.0,False
1865,83.4,154.0,True
1866,84.8,154.0,False
1867,79.6,154.0,True
1868,89.2,154.0,False
1869,88.2,154.0,True
1870,77.4,154.0,True
1871,77.6,154.0,True
1872,85.2,154.0,True
1873,78.0,154.0,False
1874,85.2,154.0,False
1875,75.8,154.0,True
1876,74.8,154.0,True
1877,85.0,154.0,True
1878,85.4,154.0,True
1879,79.2,154.0,True
1880,81.2,154.0,True
1881,86.8,154.0,False
1882,80.2,154.0,True
1883,82.6,154.0,False
1884,89.6,154.0,False
1885,85.8,154.0,True
1886,85.4,154.0,False
1887,78.0,154.0,True
1888,89.2,154.0,True
1889,78.4,154.0,True
1890,76.2,154.0,False
1891,80.6,154.0,False
1892,82.4,154.0,True
1893,82.0,154.0,True
1894,85.8,154.0,True
1895,82.6,154.0,False
1896,80.8,154.0,False
1897,72.4,154.0,True
1898,83.2,154.0,True
1899,77.8,154.0,True
1900,85.2,154.0,True
1901,81.6,154.0,True
1902,71.4,154.0,True
1903,83.0,154.0,True
1904,78.6,154.0,True
1905,85.6,154.0,True
1906,72.6,154.0,True
1907,76.4,154.0,False
1908,78.2,154.0,True
1909,85.8,154.0,True
1910,74.4,154.0,False
1911,77.8,154.0,False
1912,79.4,154.0,True
1913,72.6,154.0,True
1914,78.4,154.0,True
1915,71.8,154.0,False
1916,69.2,154.0,False
1917,79.8,154.0,True
1918,77.8,154.0,False
1919,78.0,154.0,False
1920,74.0,154.0,True
1921,79.2,154.0,True
1922,77.0,154.0,True
1923,76.2,154.0,True
1924,79.8,154.0,True
1925,70.4,154.0,True
1926,81.0,154.0,False
1927,74.8,154.0,True
1928,83.0,154.0,True
1929,79.2,154.0,True
1930,79.2,154.0,False
1931,82.6,154.0,False
1932,80.8,154.0,False
1933,74.0,154.0,True
1934,80.8,154.0,True
1935,79.0,154.0,True
1936,80.4,154.0,True
1937,84.2,154.0,True
1938,78.6,154.0,True
1939,76.4,154.0,True
1940,82.4,154.0,True
1941,74.6,154.0,False
1942,83.6,154.0,True
1943,80.2,154.0,False
1944,79.4,154.0,False
1945,86.8,154.0,True
1946,70.2,154.0,False
1947,80.2,154.0,False
1948,80.6,154.0,False
1949,84.0,154.0,True
1950,74.4,154.0,True
1951,84.2,154.0,True
1952,73.2,154.0,True
1953,79.4,154.0,False
1954,78.0,154.0,False
1955,90.8,154.0,True
1956,78.2,154.0,True
1957,80.0,154.0,True
1958,83.8,154.0,True
1959,81.8,154.0,True
1960,84.2,154.0,True
1961,82.4,154.0,False
1962,78.0,154.0,True
1963,77.4,154.0,True
1964,86.8,154.0,True
1965,87.4,154.0,False
1966,81.6,154.0,True
1967,81.8,154.0,False
1968,84.8,154.0,True
1969,80.4,154.0,False
1970,80.6,154.0,True
1971,84.8,154.0,False
1972,78.6,154.0,True
1973,76.8,154.0,False
1974,83.8,154.0,False
1975,74.8,154.0,True
1976,80.6,154.0,True
1977,84.8,154.0,True
1978,77.0,154.0,True
1979,67.8,154.0,True
1980,65.8,154.0,False
1981,70.0,154.0,False
1982,72.6,154.0,True
1983,68.6,154.0,False
1984,76.4,154.0,False
1985,79.6,154.0,False
1986,75.6,154.0,True
1987,74.4,154.0,True
1988,82.6,154.0,False
1989,70.6,154.0,False
1990,73.6,154.0,False
1991,77.0,154.0,True
1992,84.4,154.0,False
1993,82.4,154.0,False
1994,75.0,154.0,False
1995,81.0,154.0,False
1996,80.2,154.0,False
1997,81.0,154.0,False
1998,81.6,154.0,True
1999,67.2,154.0,False
