0,-33.0,0,False
1,-24.0,0,True
2,-23.8,0,True
3,-23.6,0,True
4,-9.8,3.0,True
5,3.6,16.0,True
6,-1.6,16.0,True
7,-1.6,16.0,False
8,-0.6,20.0,False
9,1.6,20.0,False
10,2.0,20.0,True
11,-1.2,20.0,False
12,4.4,20.0,True
13,3.2,20.0,True
14,-7.0,20.0,True
15,1.0,20.0,False
16,1.8,20.0,True
17,6.2,20.0,False
18,6.6,20.0,True
19,2.2,20.0,True
20,0.6,20.0,False
21,2.0,20.0,True
22,6.6,20.0,True
23,5.4,20.0,False
24,4.8,20.0,True
25,-4.2,20.0,False
26,-9.6,20.0,True
27,1.4,20.0,True
28,0.6,20.0,True
29,4.4,20.0,True
30,3.8,20.0,True
31,-7.6,20.0,False
32,-8.4,20.0,False
33,2.8,20.0,True
34,3.6,20.0,False
35,5.6,20.0,True
36,-2.8,20.0,False
37,6.8,20.0,False
38,-0.2,20.0,True
39,-15.0,20.0,False
40,-2.6,20.0,True
41,-1.6,22.0,True
42,0.0,22.0,True
43,1.6,22.0,False
44,4.6,22.0,True
45,3.4,22.0,True
46,3.4,22.0,True
47,6.4,22.0,False
48,-9.4,22.0,False
49,3.6,22.0,False
50,4.0,22.0,False
51,1.0,22.0,True
52,5.2,22.0,False
53,5.4,22.0,False
54,2.4,22.0,False
55,4.2,22.0,True
56,2.6,22.0,True
57,6.4,22.0,False
58,6.2,25.0,False
59,3.4,25.0,False
60,-10.4,25.0,False
61,6.2,29.0,False
62,2.0,35.0,True
63,-1.0,35.0,True
64,5.8,35.0,True
65,5.2,35.0,True
66,-1.0,35.0,True
67,5.6,35.0,True
68,2.8,35.0,True
69,3.6,35.0,False
70,-0.2,35.0,True
71,-2.0,35.0,True
72,0.6,35.0,True
73,0.8,35.0,True
74,3.8,35.0,True
75,-1.8,35.0,True
76,4.8,35.0,True
77,-1.6,35.0,False
78,-0.8,35.0,True
79,4.4,35.0,True
80,2.6,35.0,True
81,3.4,35.0,True
82,3.4,35.0,True
83,0.0,35.0,True
84,4.8,35.0,True
85,0.0,35.0,True
86,4.8,35.0,False
87,6.8,35.0,False
88,-2.0,35.0,True
89,-1.8,35.0,True
90,2.6,35.0,False
91,-7.4,35.0,True
92,0.4,35.0,True
93,4.6,35.0,True
94,2.2,35.0,True
95,0.6,35.0,True
96,-6.4,35.0,False
97,7.0,35.0,True
98,8.2,35.0,False
99,-2.4,35.0,True
100,0.8,35.0,True
101,9.2,35.0,True
102,3.2,35.0,True
103,3.4,35.0,False
104,4.8,35.0,True
105,4.6,35.0,True
106,2.4,35.0,True
107,7.2,35.0,True
108,5.0,35.0,False
109,5.8,35.0,True
110,-4.0,35.0,True
111,0.6,35.0,False
112,-2.0,35.0,False
113,2.2,35.0,False
114,4.0,35.0,False
115,-1.8,35.0,True
116,5.6,35.0,True
117,-3.4,35.0,True
118,4.8,35.0,True
119,-10.2,35.0,False
120,-4.0,35.0,True
121,-0.6,35.0,True
122,-5.6,35.0,False
123,-0.4,35.0,True
124,2.6,35.0,True
125,10.4,35.0,True
126,5.4,35.0,False
127,6.0,35.0,False
128,3.6,35.0,False
129,7.0,35.0,False
130,-11.6,35.0,False
131,0.6,35.0,False
132,1.2,35.0,False
133,-2.0,35.0,False
134,3.4,35.0,False
135,5.0,35.0,False
136,1.4,35.0,False
137,-4.0,35.0,True
138,3.0,35.0,False
139,-11.0,35.0,True
140,-16.0,35.0,False
141,-2.4,35.0,False
142,-1.4,35.0,False
143,2.2,35.0,True
144,4.0,35.0,True
145,-4.8,35.0,True
146,7.0,35.0,True
147,-4.6,35.0,True
148,3.4,35.0,False
149,9.8,35.0,False
150,3.2,35.0,True
151,-8.4,35.0,False
152,2.0,35.0,True
153,-3.4,35.0,True
154,2.4,35.0,True
155,3.4,35.0,True
156,2.8,35.0,True
157,8.8,35.0,True
158,1.8,35.0,True
159,1.4,35.0,False
160,3.2,35.0,True
161,7.2,35.0,True
162,4.0,35.0,False
163,1.6,35.0,False
164,-3.4,35.0,True
165,-8.2,35.0,False
166,-5.0,35.0,False
167,-2.4,35.0,True
168,1.2,35.0,True
169,-5.8,35.0,True
170,2.6,35.0,True
171,4.4,35.0,True
172,5.8,35.0,False
173,3.0,35.0,True
174,3.2,35.0,False
175,3.8,35.0,True
176,-9.0,35.0,True
177,3.6,35.0,True
178,4.0,35.0,True
179,3.4,35.0,False
180,7.0,35.0,False
181,3.6,35.0,True
182,-6.8,35.0,False
183,1.8,35.0,False
184,-0.6,35.0,False
185,2.2,35.0,False
186,-2.4,35.0,True
187,4.4,35.0,True
188,5.2,35.0,True
189,2.2,35.0,True
190,4.6,35.0,True
191,5.8,35.0,False
192,5.2,35.0,True
193,3.4,35.0,False
194,1.0,35.0,True
195,6.0,35.0,True
196,2.2,35.0,True
197,-6.0,35.0,True
198,3.8,35.0,True
199,-0.4,35.0,True
200,4.8,35.0,True
201,3.0,35.0,True
202,-1.0,35.0,True
203,1.8,35.0,False
204,-2.8,35.0,False
205,7.2,35.0,True
206,4.0,35.0,False
207,-1.4,35.0,True
208,6.2,35.0,False
209,2.8,35.0,False
210,12.0,35.0,True
211,15.0,48.0,True
212,12.4,48.0,False
213,19.2,48.0,False
214,12.4,48.0,True
215,14.4,48.0,True
216,13.0,48.0,False
217,23.2,48.0,False
218,19.0,48.0,True
219,19.0,48.0,False
220,17.4,48.0,False
221,8.4,48.0,False
222,15.0,48.0,True
223,21.4,48.0,False
224,19.6,48.0,True
225,21.0,48.0,False
226,17.6,48.0,False
227,12.6,48.0,True
228,12.0,48.0,True
229,17.0,48.0,False
230,24.2,53.0,True
231,19.6,53.0,False
232,14.6,53.0,True
233,6.8,53.0,True
234,13.6,53.0,True
235,7.8,53.0,False
236,2.4,53.0,False
237,9.8,53.0,True
238,5.0,53.0,True
239,3.8,53.0,True
240,9.8,53.0,True
241,9.8,53.0,False
242,7.0,53.0,True
243,5.0,53.0,True
244,7.6,53.0,False
245,4.0,53.0,False
246,1.4,53.0,True
247,6.0,53.0,True
248,9.6,53.0,True
249,7.2,53.0,False
250,10.0,53.0,False
251,6.8,53.0,False
252,11.4,53.0,True
253,8.2,53.0,False
254,12.8,53.0,False
255,11.2,53.0,False
256,8.6,53.0,True
257,12.6,53.0,True
258,7.6,53.0,True
259,4.6,53.0,True
260,8.4,53.0,True
261,9.8,53.0,True
262,9.8,53.0,True
263,14.0,53.0,True
264,15.6,53.0,True
265,13.4,53.0,False
266,7.8,53.0,False
267,10.6,53.0,True
268,19.4,53.0,False
269,10.0,53.0,True
270,10.4,53.0,True
271,12.8,53.0,True
272,7.2,53.0,False
273,11.2,53.0,False
274,12.0,53.0,True
275,8.4,53.0,True
276,7.0,53.0,True
277,6.4,53.0,True
278,5.6,53.0,True
279,8.0,53.0,False
280,18.0,53.0,True
281,5.8,53.0,False
282,13.4,53.0,True
283,10.6,53.0,True
284,14.6,53.0,False
285,14.4,53.0,True
286,9.0,53.0,True
287,10.4,53.0,False
288,8.0,53.0,True
289,10.4,53.0,True
290,4.2,53.0,False
291,12.4,53.0,True
292,14.4,53.0,True
293,14.6,53.0,False
294,18.8,53.0,True
295,15.6,53.0,False
296,15.0,53.0,True
297,13.6,53.0,True
298,16.4,53.0,True
299,22.4,53.0,False
300,20.8,53.0,True
301,18.6,53.0,True
302,27.2,53.0,True
303,21.2,53.0,True
304,26.0,53.0,True
305,14.2,53.0,False
306,21.4,53.0,True
307,30.6,53.0,True
308,17.8,53.0,False
309,23.6,53.0,True
310,20.0,53.0,True
311,9.6,53.0,False
312,23.2,53.0,False
313,19.2,53.0,True
314,21.0,53.0,True
315,18.0,53.0,False
316,20.2,53.0,True
317,18.4,53.0,False
318,22.8,53.0,True
319,17.0,53.0,True
320,24.2,53.0,True
321,9.8,53.0,False
322,10.2,53.0,False
323,17.6,53.0,True
324,22.0,53.0,False
325,15.6,53.0,True
326,13.2,53.0,True
327,18.4,53.0,False
328,13.2,53.0,True
329,17.6,53.0,True
330,15.8,53.0,True
331,10.8,53.0,True
332,20.8,53.0,True
333,18.2,53.0,True
334,15.8,53.0,False
335,24.2,53.0,True
336,18.8,53.0,False
337,19.2,53.0,True
338,24.6,53.0,False
339,17.2,53.0,False
340,20.4,53.0,False
341,18.6,53.0,False
342,15.2,53.0,False
343,27.8,53.0,False
344,15.2,53.0,False
345,17.0,53.0,False
346,19.8,53.0,False
347,15.4,53.0,True
348,23.2,53.0,True
349,15.2,53.0,False
350,24.0,53.0,True
351,20.0,53.0,False
352,19.8,53.0,True
353,22.2,53.0,False
354,19.0,53.0,False
355,18.2,53.0,False
356,17.6,53.0,False
357,21.4,53.0,True
358,19.2,53.0,True
359,15.2,53.0,True
360,22.6,53.0,True
361,16.8,53.0,True
362,26.4,53.0,False
363,20.6,53.0,True
364,22.8,53.0,True
365,14.0,53.0,False
366,11.6,53.0,False
367,22.6,53.0,True
368,21.8,53.0,False
369,21.6,53.0,True
370,15.6,53.0,True
371,19.6,53.0,True
372,17.4,53.0,True
373,21.2,53.0,False
374,19.2,53.0,True
375,18.8,53.0,True
376,18.4,53.0,False
377,14.2,53.0,False
378,16.6,53.0,False
379,19.8,53.0,True
380,18.8,53.0,False
381,20.0,53.0,False
382,23.6,53.0,True
383,17.6,53.0,True
384,19.4,53.0,True
385,17.4,53.0,True
386,16.6,53.0,True
387,15.4,53.0,True
388,18.2,53.0,False
389,15.2,53.0,True
390,12.2,53.0,True
391,15.8,53.0,True
392,8.0,53.0,True
393,10.4,53.0,True
394,13.0,53.0,False
395,16.6,53.0,False
396,11.0,53.0,True
397,14.0,53.0,True
398,12.0,53.0,True
399,20.4,53.0,True
400,20.8,53.0,True
401,19.6,53.0,True
402,20.8,53.0,True
403,13.2,53.0,False
404,24.4,53.0,False
405,19.6,53.0,True
406,14.8,53.0,True
407,11.0,53.0,False
408,25.4,53.0,False
409,22.4,53.0,True
410,16.0,53.0,False
411,16.8,53.0,True
412,16.2,53.0,True
413,28.0,53.0,True
414,16.8,53.0,False
415,15.4,53.0,True
416,19.4,53.0,True
417,26.8,53.0,True
418,17.4,53.0,False
419,18.8,53.0,True
420,20.6,53.0,True
421,12.8,53.0,False
422,10.0,53.0,True
423,12.8,53.0,False
424,16.8,53.0,False
425,15.2,53.0,True
426,17.0,53.0,True
427,16.6,53.0,False
428,20.4,53.0,True
429,14.4,53.0,True
430,11.8,53.0,True
431,13.0,53.0,False
432,14.8,53.0,True
433,17.2,53.0,False
434,20.4,53.0,True
435,17.4,53.0,False
436,17.4,53.0,True
437,17.8,53.0,False
438,18.2,53.0,True
439,21.0,53.0,True
440,33.8,53.0,True
441,27.6,53.0,False
442,33.4,53.0,True
443,34.4,56.0,True
444,28.2,56.0,False
445,34.4,68.0,False
446,33.6,68.0,True
447,32.4,68.0,True
448,30.8,68.0,True
449,36.8,68.0,False
450,34.8,68.0,False
451,30.8,68.0,False
452,26.4,68.0,True
453,35.2,68.0,True
454,31.0,68.0,True
455,25.4,68.0,True
456,34.2,68.0,True
457,22.2,68.0,True
458,30.8,68.0,True
459,33.2,68.0,True
460,27.0,68.0,True
461,27.8,68.0,False
462,33.2,68.0,True
463,33.0,68.0,False
464,33.0,68.0,True
465,28.0,68.0,True
466,33.4,68.0,True
467,27.2,68.0,False
468,29.6,68.0,False
469,32.8,68.0,False
470,28.2,68.0,False
471,35.4,68.0,True
472,31.2,68.0,False
473,24.8,68.0,False
474,33.2,68.0,True
475,22.0,68.0,False
476,33.0,68.0,True
477,41.2,68.0,True
478,38.8,68.0,False
479,26.0,68.0,True
480,35.6,68.0,False
481,35.6,68.0,True
482,38.6,68.0,False
483,43.6,68.0,False
484,30.4,68.0,True
485,27.0,68.0,True
486,35.6,68.0,True
487,27.4,68.0,True
488,27.6,68.0,False
489,29.4,68.0,False
490,31.8,68.0,False
491,40.6,68.0,True
492,34.8,68.0,True
493,49.8,68.0,False
494,46.8,68.0,False
495,52.2,68.0,False
496,37.2,68.0,True
497,39.4,68.0,False
498,35.8,68.0,False
499,41.0,68.0,False
500,32.2,68.0,False
501,40.4,68.0,False
502,52.6,68.0,True
503,49.2,77.0,False
504,38.8,77.0,True
505,45.2,77.0,True
506,41.8,77.0,True
507,41.0,77.0,True
508,38.8,77.0,False
509,43.0,77.0,True
510,32.2,77.0,False
511,44.0,77.0,False
512,40.8,77.0,True
513,38.4,77.0,True
514,43.6,77.0,True
515,39.2,77.0,True
516,37.4,77.0,False
517,37.4,77.0,True
518,35.8,77.0,True
519,46.2,77.0,False
520,43.4,77.0,True
521,37.8,77.0,False
522,38.6,77.0,False
523,44.6,77.0,True
524,37.8,77.0,False
525,42.8,77.0,True
526,39.0,77.0,False
527,35.8,77.0,False
528,36.2,77.0,False
529,28.4,77.0,False
530,37.4,77.0,True
531,37.2,77.0,False
532,48.2,77.0,True
533,39.8,77.0,False
534,42.8,77.0,False
535,44.4,77.0,True
536,31.6,77.0,False
537,24.2,77.0,False
538,36.6,77.0,False
539,33.0,77.0,True
540,42.6,77.0,True
541,42.6,77.0,True
542,35.8,77.0,True
543,29.4,77.0,False
544,37.0,77.0,True
545,36.2,77.0,False
546,42.8,77.0,True
547,33.6,77.0,False
548,43.0,77.0,True
549,36.6,77.0,False
550,49.6,77.0,True
551,40.4,77.0,False
552,40.0,77.0,False
553,49.0,77.0,True
554,31.6,77.0,False
555,43.2,77.0,False
556,38.6,77.0,True
557,45.4,77.0,True
558,34.8,77.0,False
559,31.4,77.0,False
560,35.0,77.0,False
561,38.4,77.0,True
562,39.4,77.0,False
563,46.0,77.0,False
564,48.4,77.0,False
565,29.6,77.0,False
566,42.4,77.0,True
567,42.6,77.0,True
568,36.6,77.0,False
569,41.8,77.0,False
570,38.8,77.0,False
571,44.6,77.0,True
572,23.8,77.0,False
573,42.4,77.0,False
574,42.0,77.0,False
575,53.4,77.0,False
576,26.4,77.0,False
577,34.8,77.0,True
578,43.4,77.0,False
579,47.4,77.0,True
580,35.2,77.0,False
581,41.6,77.0,True
582,44.0,77.0,False
583,48.4,77.0,True
584,45.2,77.0,False
585,40.0,77.0,False
586,42.2,77.0,True
587,43.0,77.0,True
588,41.0,77.0,False
589,48.2,77.0,False
590,37.2,77.0,False
591,36.8,77.0,True
592,45.8,77.0,False
593,40.2,77.0,False
594,31.8,77.0,False
595,45.4,77.0,False
596,35.8,77.0,False
597,50.4,78.0,True
598,48.2,78.0,True
599,47.6,78.0,True
600,37.2,78.0,True
601,29.2,78.0,False
602,40.4,78.0,True
603,34.8,78.0,True
604,36.6,78.0,True
605,41.0,78.0,True
606,33.4,78.0,False
607,43.0,78.0,False
608,46.8,78.0,False
609,47.6,78.0,True
610,41.0,78.0,False
611,32.6,78.0,True
612,36.0,78.0,True
613,34.4,78.0,True
614,34.6,78.0,True
615,49.0,78.0,True
616,44.8,78.0,False
617,34.6,78.0,False
618,48.0,78.0,True
619,42.6,78.0,False
620,37.4,78.0,False
621,46.2,78.0,True
622,42.2,78.0,True
623,29.4,78.0,False
624,36.6,78.0,False
625,41.4,78.0,True
626,33.2,78.0,False
627,34.0,78.0,False
628,43.0,78.0,False
629,41.4,78.0,True
630,41.4,78.0,False
631,49.0,78.0,True
632,43.4,78.0,True
633,46.0,78.0,True
634,48.2,78.0,True
635,42.0,78.0,True
636,26.2,78.0,False
637,46.6,78.0,True
638,23.4,78.0,False
639,28.0,78.0,False
640,29.8,78.0,False
641,38.8,78.0,True
642,35.4,78.0,True
643,44.0,78.0,False
644,29.8,78.0,False
645,48.6,78.0,False
646,46.4,78.0,True
647,33.0,78.0,True
648,31.6,78.0,True
649,19.4,78.0,True
650,14.2,78.0,False
651,17.2,78.0,True
652,18.0,78.0,False
653,17.4,78.0,False
654,34.2,78.0,True
655,32.2,78.0,True
656,26.8,78.0,True
657,22.0,78.0,False
658,25.8,78.0,True
659,33.2,78.0,True
660,23.4,78.0,False
661,30.8,78.0,False
662,21.2,78.0,False
663,28.8,78.0,True
664,22.0,78.0,True
665,30.8,78.0,False
666,26.0,78.0,True
667,20.8,78.0,False
668,17.6,78.0,True
669,18.4,78.0,True
670,28.6,78.0,True
671,18.0,78.0,False
672,22.0,78.0,False
673,23.6,78.0,True
674,26.8,78.0,False
675,15.4,78.0,True
676,6.0,78.0,False
677,13.4,78.0,True
678,24.8,78.0,False
679,19.2,78.0,False
680,13.8,78.0,True
681,18.8,78.0,False
682,17.2,78.0,True
683,10.6,78.0,True
684,17.4,78.0,True
685,19.8,78.0,True
686,21.6,78.0,False
687,19.4,78.0,False
688,20.2,78.0,True
689,18.4,78.0,True
690,21.2,78.0,False
691,21.0,78.0,True
692,24.2,78.0,True
693,24.4,78.0,False
694,16.4,78.0,True
695,18.0,78.0,False
696,15.8,78.0,True
697,17.0,78.0,True
698,24.0,78.0,False
699,22.6,78.0,True
700,17.2,78.0,True
701,21.2,78.0,True
702,16.0,78.0,False
703,13.2,78.0,True
704,14.8,78.0,True
705,19.6,78.0,True
706,18.4,78.0,True
707,20.6,78.0,True
708,14.2,78.0,True
709,20.6,78.0,True
710,22.2,78.0,True
711,17.2,78.0,True
712,20.6,78.0,True
713,28.6,78.0,True
714,30.0,78.0,True
715,22.6,78.0,True
716,21.6,78.0,False
717,18.6,78.0,False
718,31.8,78.0,False
719,26.6,78.0,True
720,18.8,78.0,False
721,25.0,78.0,True
722,23.0,78.0,False
723,28.0,78.0,True
724,25.4,78.0,False
725,31.8,78.0,True
726,20.0,78.0,True
727,29.6,78.0,True
728,24.2,78.0,False
729,29.2,78.0,True
730,29.0,78.0,True
731,27.4,78.0,True
732,22.2,78.0,True
733,30.8,78.0,True
734,30.8,78.0,True
735,35.8,78.0,False
736,29.0,78.0,True
737,24.6,78.0,True
738,24.8,78.0,False
739,30.8,78.0,False
740,31.6,78.0,True
741,29.6,78.0,False
742,28.2,78.0,True
743,29.6,78.0,True
744,31.4,78.0,True
745,31.0,78.0,True
746,25.6,78.0,False
747,35.6,78.0,True
748,30.4,78.0,True
749,29.4,78.0,True
750,30.8,78.0,True
751,29.4,78.0,True
752,30.4,78.0,True
753,27.8,78.0,False
754,21.8,78.0,False
755,29.4,78.0,False
756,29.2,78.0,True
757,24.4,78.0,False
758,26.4,78.0,False
759,28.2,78.0,False
760,28.2,78.0,False
761,30.8,78.0,True
762,24.4,78.0,False
763,28.0,78.0,True
764,30.0,78.0,False
765,28.8,78.0,True
766,27.8,78.0,False
767,29.6,78.0,True
768,25.2,78.0,True
769,24.4,78.0,False
770,32.0,78.0,True
771,34.6,78.0,False
772,34.6,78.0,False
773,25.2,78.0,True
774,30.6,78.0,False
775,26.4,78.0,False
776,32.0,78.0,True
777,28.6,78.0,False
778,24.6,78.0,False
779,27.4,78.0,True
780,23.0,78.0,True
781,25.4,78.0,True
782,29.8,78.0,True
783,25.6,78.0,True
784,27.4,78.0,True
785,33.6,78.0,False
786,27.2,78.0,True
787,27.6,78.0,False
788,25.8,78.0,True
789,29.2,78.0,True
790,23.0,78.0,True
791,26.0,78.0,False
792,25.0,78.0,True
793,34.0,78.0,True
794,20.0,78.0,False
795,32.8,78.0,False
796,24.8,78.0,True
797,27.2,78.0,True
798,25.4,78.0,False
799,28.6,78.0,False
800,29.8,78.0,True
801,26.8,78.0,True
802,29.4,78.0,True
803,29.2,78.0,False
804,30.4,78.0,True
805,28.2,78.0,True
806,35.0,78.0,True
807,25.6,78.0,True
808,23.0,78.0,False
809,29.8,78.0,True
810,30.2,78.0,False
811,31.4,78.0,False
812,28.6,78.0,False
813,33.0,78.0,True
814,24.4,78.0,False
815,28.8,78.0,True
816,22.0,78.0,True
817,32.2,78.0,True
818,25.6,78.0,False
819,30.4,78.0,True
820,24.6,78.0,False
821,25.8,78.0,True
822,30.0,78.0,True
823,28.6,78.0,False
824,33.8,78.0,True
825,29.2,78.0,True
826,29.2,78.0,True
827,31.6,78.0,False
828,24.4,78.0,True
829,31.0,78.0,True
830,26.6,78.0,True
831,29.6,78.0,True
832,29.2,78.0,True
833,32.8,78.0,True
834,31.8,78.0,True
835,27.6,78.0,True
836,29.8,78.0,True
837,28.8,78.0,False
838,28.2,78.0,True
839,28.6,78.0,False
840,28.8,78.0,False
841,34.4,78.0,False
842,29.0,78.0,False
843,29.4,78.0,True
844,26.4,78.0,False
845,31.4,78.0,True
846,26.2,78.0,True
847,29.4,78.0,True
848,28.8,78.0,True
849,23.8,78.0,False
850,32.8,78.0,True
851,27.4,78.0,True
852,35.8,78.0,True
853,27.2,78.0,False
854,32.4,78.0,False
855,29.0,78.0,True
856,28.6,78.0,False
857,28.0,78.0,True
858,28.6,78.0,True
859,28.8,78.0,False
860,29.4,78.0,True
861,28.2,78.0,False
862,30.4,78.0,True
863,23.0,78.0,False
864,39.6,78.0,True
865,27.6,78.0,True
866,26.8,78.0,False
867,27.2,78.0,True
868,30.0,78.0,False
869,31.2,78.0,True
870,22.8,78.0,False
871,25.8,78.0,False
872,24.0,78.0,False
873,28.8,78.0,True
874,27.4,78.0,True
875,34.4,78.0,True
876,27.2,78.0,True
877,25.8,78.0,True
878,31.6,78.0,True
879,26.4,78.0,False
880,29.4,78.0,True
881,35.6,78.0,True
882,29.6,78.0,False
883,29.2,78.0,False
884,22.8,78.0,True
885,36.2,78.0,True
886,25.4,78.0,True
887,37.0,78.0,True
888,28.4,78.0,True
889,27.6,78.0,True
890,27.0,78.0,False
891,34.4,78.0,True
892,33.2,78.0,False
893,38.0,78.0,True
894,31.8,78.0,True
895,30.0,78.0,False
896,31.4,78.0,True
897,29.4,78.0,True
898,32.0,78.0,False
899,31.8,78.0,False
900,37.0,78.0,True
901,31.2,78.0,True
902,28.2,78.0,False
903,27.8,78.0,False
904,32.0,78.0,True
905,31.8,78.0,True
906,30.2,78.0,True
907,32.0,78.0,False
908,31.4,78.0,True
909,30.4,78.0,True
910,29.2,78.0,False
911,23.6,78.0,True
912,30.2,78.0,False
913,26.4,78.0,False
914,34.0,78.0,True
915,28.2,78.0,False
916,27.0,78.0,False
917,28.8,78.0,True
918,32.6,78.0,True
919,39.4,78.0,True
920,32.2,78.0,True
921,22.6,78.0,False
922,29.0,78.0,True
923,31.2,78.0,True
924,25.4,78.0,False
925,31.4,78.0,False
926,31.4,78.0,True
927,34.4,78.0,False
928,33.6,78.0,False
929,32.2,78.0,True
930,27.2,78.0,True
931,16.2,78.0,False
932,31.4,78.0,True
933,30.4,78.0,False
934,27.8,78.0,True
935,27.6,78.0,True
936,29.6,78.0,True
937,31.0,78.0,False
938,32.4,78.0,True
939,31.6,78.0,True
940,32.6,78.0,False
941,31.6,78.0,False
942,31.4,78.0,True
943,33.0,78.0,False
944,27.8,78.0,False
945,31.2,78.0,True
946,39.2,78.0,False
947,30.8,78.0,True
948,28.8,78.0,True
949,29.4,78.0,True
950,35.6,78.0,True
951,30.8,78.0,True
952,35.8,78.0,True
953,27.8,78.0,False
954,25.8,78.0,True
955,30.4,78.0,True
956,32.6,78.0,True
957,34.6,78.0,True
958,26.0,78.0,True
959,27.6,78.0,True
960,22.4,78.0,False
961,35.8,78.0,True
962,30.6,78.0,False
963,31.8,78.0,False
964,29.6,78.0,False
965,28.4,78.0,True
966,29.6,78.0,False
967,33.2,78.0,True
968,28.4,78.0,True
969,33.2,78.0,True
970,31.2,78.0,False
971,21.8,78.0,False
972,25.2,78.0,True
973,30.0,78.0,True
974,33.2,78.0,True
975,34.2,78.0,False
976,31.0,78.0,True
977,32.8,78.0,True
978,24.4,78.0,True
979,33.4,78.0,True
980,29.6,78.0,True
981,24.2,78.0,True
982,32.6,78.0,True
983,28.8,78.0,False
984,25.4,78.0,True
985,35.8,78.0,True
986,28.2,78.0,True
987,34.4,78.0,False
988,28.0,78.0,False
989,35.6,78.0,True
990,28.2,78.0,True
991,26.0,78.0,True
992,30.2,78.0,True
993,27.6,78.0,False
994,28.6,78.0,True
995,35.8,78.0,True
996,32.6,78.0,True
997,31.8,78.0,False
998,33.0,78.0,False
999,32.0,78.0,True
1000,29.6,78.0,True
1001,28.0,78.0,True
1002,34.6,78.0,True
1003,37.6,78.0,False
1004,25.2,78.0,False
1005,33.0,78.0,True
1006,27.0,78.0,False
1007,28.0,78.0,False
1008,25.0,78.0,True
1009,35.6,78.0,False
1010,25.8,78.0,True
1011,37.0,78.0,True
1012,34.6,78.0,False
1013,33.0,78.0,True
1014,32.6,78.0,True
1015,34.6,78.0,True
1016,26.8,78.0,True
1017,34.8,78.0,False
1018,31.4,78.0,False
1019,37.8,78.0,False
1020,29.0,78.0,True
1021,31.2,78.0,False
1022,29.8,78.0,False
1023,38.2,78.0,False
1024,31.8,78.0,True
1025,26.8,78.0,False
1026,29.2,78.0,True
1027,35.0,78.0,True
1028,34.6,78.0,False
1029,26.6,78.0,True
1030,37.4,78.0,False
1031,31.2,78.0,True
1032,28.8,78.0,True
1033,32.6,78.0,True
1034,29.6,78.0,False
1035,28.2,78.0,True
1036,27.6,78.0,True
1037,30.8,78.0,True
1038,30.0,78.0,True
1039,22.6,78.0,True
1040,15.4,78.0,False
1041,24.0,78.0,True
1042,28.2,78.0,True
1043,20.8,78.0,False
1044,27.0,78.0,False
1045,27.4,78.0,False
1046,23.0,78.0,False
1047,24.4,78.0,True
1048,29.4,78.0,False
1049,27.2,78.0,True
1050,26.8,78.0,False
1051,35.8,78.0,False
1052,24.8,78.0,True
1053,25.4,78.0,False
1054,23.2,78.0,False
1055,30.8,78.0,True
1056,29.0,78.0,True
1057,26.2,78.0,False
1058,27.4,78.0,True
1059,31.4,78.0,False
1060,23.0,78.0,True
1061,19.6,78.0,True
1062,16.6,78.0,False
1063,24.4,78.0,False
1064,17.8,78.0,True
1065,26.8,78.0,False
1066,20.8,78.0,True
1067,22.4,78.0,True
1068,15.2,78.0,False
1069,22.2,78.0,True
1070,26.8,78.0,False
1071,25.2,78.0,True
1072,21.0,78.0,False
1073,24.6,78.0,True
1074,16.4,78.0,True
1075,21.8,78.0,False
1076,26.2,78.0,True
1077,22.2,78.0,False
1078,13.0,78.0,True
1079,19.0,78.0,True
1080,19.6,78.0,True
1081,13.6,78.0,True
1082,14.6,78.0,True
1083,8.4,78.0,False
1084,12.0,78.0,False
1085,12.4,78.0,False
1086,14.0,78.0,False
1087,11.2,78.0,True
1088,16.8,78.0,True
1089,16.2,78.0,True
1090,15.8,78.0,True
1091,14.6,78.0,False
1092,15.4,78.0,True
1093,16.0,78.0,True
1094,4.8,78.0,True
1095,13.2,78.0,False
1096,14.0,78.0,True
1097,12.4,78.0,True
1098,12.2,78.0,True
1099,12.2,78.0,True
1100,18.4,78.0,True
1101,17.8,78.0,False
1102,15.0,78.0,False
1103,18.6,78.0,True
1104,11.8,78.0,True
1105,16.4,78.0,True
1106,15.2,78.0,True
1107,14.4,78.0,False
1108,15.4,78.0,True
1109,18.6,78.0,True
1110,21.4,78.0,True
1111,17.8,78.0,True
1112,18.6,78.0,True
1113,11.8,78.0,True
1114,13.8,78.0,True
1115,20.4,78.0,True
1116,11.8,78.0,True
1117,21.8,78.0,True
1118,15.8,78.0,True
1119,21.6,78.0,True
1120,13.8,78.0,False
1121,15.4,78.0,False
1122,15.8,78.0,True
1123,18.4,78.0,False
1124,16.0,78.0,False
1125,21.0,78.0,True
1126,14.0,78.0,True
1127,19.2,78.0,True
1128,17.0,78.0,True
1129,14.8,78.0,True
1130,11.6,78.0,False
1131,17.6,78.0,False
1132,15.0,78.0,True
1133,13.0,78.0,False
1134,19.2,78.0,True
1135,14.2,78.0,True
1136,14.4,78.0,True
1137,15.8,78.0,False
1138,14.8,78.0,True
1139,14.6,78.0,True
1140,18.4,78.0,True
1141,16.4,78.0,False
1142,10.2,78.0,False
1143,15.8,78.0,True
1144,16.6,78.0,True
1145,16.8,78.0,False
1146,13.4,78.0,True
1147,18.2,78.0,True
1148,15.8,78.0,True
1149,15.6,78.0,False
1150,14.2,78.0,True
1151,18.4,78.0,False
1152,18.2,78.0,True
1153,15.8,78.0,True
1154,18.4,78.0,False
1155,19.8,78.0,True
1156,11.8,78.0,True
1157,18.4,78.0,False
1158,11.8,78.0,True
1159,26.4,78.0,True
1160,17.6,78.0,True
1161,14.2,78.0,True
1162,13.0,78.0,True
1163,27.0,78.0,True
1164,12.2,78.0,False
1165,15.8,78.0,True
1166,23.6,78.0,True
1167,14.0,78.0,True
1168,14.8,78.0,True
1169,28.4,78.0,True
1170,13.0,78.0,True
1171,17.2,78.0,False
1172,14.0,78.0,False
1173,13.2,78.0,True
1174,21.6,78.0,True
1175,16.0,78.0,True
1176,14.8,78.0,True
1177,19.6,78.0,True
1178,19.0,78.0,False
1179,20.4,78.0,False
1180,16.4,78.0,True
1181,19.0,78.0,True
1182,11.4,78.0,True
1183,14.2,78.0,True
1184,14.4,78.0,True
1185,14.0,78.0,True
1186,22.6,78.0,True
1187,15.0,78.0,True
1188,18.4,78.0,True
1189,16.2,78.0,True
1190,15.0,78.0,False
1191,20.2,78.0,True
1192,21.4,78.0,True
1193,21.2,78.0,True
1194,20.6,78.0,False
1195,21.2,78.0,True
1196,24.6,78.0,True
1197,13.6,78.0,False
1198,32.4,78.0,True
1199,26.4,78.0,True
1200,28.6,78.0,False
1201,23.4,78.0,True
1202,32.4,78.0,False
1203,28.4,78.0,False
1204,25.2,78.0,True
1205,20.8,78.0,False
1206,20.6,78.0,False
1207,31.6,78.0,True
1208,27.8,78.0,True
1209,28.0,78.0,False
1210,19.6,78.0,True
1211,22.2,78.0,False
1212,27.2,78.0,True
1213,24.2,78.0,True
1214,26.4,78.0,True
1215,27.6,78.0,True
1216,19.8,78.0,True
1217,15.8,78.0,True
1218,22.6,78.0,True
1219,19.2,78.0,True
1220,18.2,78.0,False
1221,23.6,78.0,True
1222,21.4,78.0,True
1223,23.2,78.0,True
1224,19.8,78.0,True
1225,22.8,78.0,False
1226,23.6,78.0,False
1227,19.8,78.0,True
1228,21.0,78.0,True
1229,22.0,78.0,True
1230,15.8,78.0,True
1231,18.6,78.0,False
1232,8.2,78.0,True
1233,17.6,78.0,True
1234,20.4,78.0,True
1235,24.6,78.0,True
1236,30.4,78.0,False
1237,20.2,78.0,True
1238,24.8,78.0,True
1239,26.2,78.0,False
1240,29.8,78.0,False
1241,28.8,78.0,True
1242,20.6,78.0,False
1243,31.0,78.0,True
1244,37.2,78.0,True
1245,19.8,78.0,False
1246,25.2,78.0,True
1247,32.8,78.0,True
1248,30.8,78.0,True
1249,36.0,78.0,False
1250,36.2,78.0,False
1251,32.8,78.0,True
1252,33.2,78.0,True
1253,26.0,78.0,True
1254,29.8,78.0,True
1255,23.6,78.0,False
1256,31.0,78.0,False
1257,33.4,78.0,True
1258,28.8,78.0,True
1259,31.4,78.0,True
1260,31.4,78.0,True
1261,36.4,78.0,True
1262,28.6,78.0,False
1263,40.8,78.0,False
1264,31.6,78.0,False
1265,38.4,78.0,True
1266,20.6,78.0,True
1267,29.0,78.0,False
1268,36.4,78.0,False
1269,31.4,78.0,False
1270,34.8,78.0,True
1271,38.8,78.0,False
1272,36.6,78.0,False
1273,27.6,78.0,True
1274,33.2,78.0,True
1275,39.6,78.0,False
1276,41.4,78.0,False
1277,34.8,78.0,True
1278,40.8,78.0,True
1279,34.2,78.0,True
1280,34.2,78.0,False
1281,28.6,78.0,False
1282,32.0,78.0,False
1283,39.4,78.0,False
1284,28.0,78.0,False
1285,40.2,78.0,True
1286,35.6,78.0,True
1287,39.2,78.0,True
1288,29.2,78.0,False
1289,34.0,78.0,False
1290,33.2,78.0,True
1291,31.4,78.0,False
1292,30.8,78.0,False
1293,35.0,78.0,True
1294,30.2,78.0,False
1295,31.0,78.0,True
1296,36.0,78.0,False
1297,28.4,78.0,False
1298,35.0,78.0,True
1299,31.0,78.0,False
1300,39.0,78.0,False
1301,32.6,78.0,False
1302,31.2,78.0,True
1303,28.0,78.0,True
1304,36.2,78.0,False
1305,24.4,78.0,False
1306,33.6,78.0,True
1307,32.6,78.0,False
1308,36.0,78.0,False
1309,37.0,78.0,True
1310,43.0,78.0,False
1311,33.0,78.0,True
1312,33.6,78.0,False
1313,38.0,78.0,True
1314,33.4,78.0,True
1315,33.2,78.0,True
1316,19.2,78.0,False
1317,32.6,78.0,True
1318,37.6,78.0,True
1319,40.6,78.0,True
1320,30.2,78.0,True
1321,33.8,78.0,False
1322,38.4,78.0,False
1323,31.0,78.0,False
1324,36.6,78.0,True
1325,32.0,78.0,True
1326,33.2,78.0,True
1327,35.0,78.0,False
1328,38.2,78.0,True
1329,40.8,78.0,True
1330,35.0,78.0,True
1331,41.0,78.0,True
1332,28.8,78.0,False
1333,36.8,78.0,False
1334,30.4,78.0,False
1335,40.6,78.0,True
1336,40.2,78.0,False
1337,38.0,78.0,True
1338,29.4,78.0,False
1339,33.6,78.0,True
1340,30.6,78.0,True
1341,32.6,78.0,True
1342,47.6,78.0,True
1343,37.0,78.0,True
1344,35.6,78.0,False
1345,37.4,78.0,True
1346,35.8,78.0,False
1347,41.0,78.0,True
1348,36.8,78.0,True
1349,33.6,78.0,True
1350,36.4,78.0,True
1351,40.6,78.0,True
1352,47.6,78.0,False
1353,33.8,78.0,True
1354,23.4,78.0,False
1355,39.0,78.0,True
1356,31.6,78.0,True
1357,40.2,78.0,True
1358,38.8,78.0,True
1359,29.6,78.0,False
1360,35.4,78.0,True
1361,32.2,78.0,False
1362,37.0,78.0,True
1363,34.8,78.0,True
1364,35.8,78.0,False
1365,40.2,78.0,False
1366,37.6,78.0,False
1367,39.0,78.0,True
1368,39.4,78.0,True
1369,42.0,78.0,False
1370,37.2,78.0,True
1371,32.2,78.0,True
1372,34.4,78.0,False
1373,34.2,78.0,True
1374,30.2,78.0,False
1375,40.0,78.0,False
1376,35.8,78.0,False
1377,34.8,78.0,False
1378,34.0,78.0,True
1379,44.8,78.0,False
1380,41.2,78.0,False
1381,38.2,78.0,False
1382,28.4,78.0,True
1383,34.0,78.0,True
1384,39.0,78.0,True
1385,39.8,78.0,False
1386,36.0,78.0,True
1387,36.6,78.0,True
1388,35.6,78.0,False
1389,34.6,78.0,True
1390,41.4,78.0,False
1391,36.2,78.0,False
1392,39.0,78.0,True
1393,40.6,78.0,True
1394,35.4,78.0,False
1395,37.0,78.0,False
1396,33.4,78.0,True
1397,28.6,78.0,False
1398,40.2,78.0,False
1399,32.0,78.0,False
1400,41.4,78.0,True
1401,45.2,78.0,True
1402,43.6,78.0,False
1403,42.8,78.0,True
1404,52.2,78.0,False
1405,44.6,78.0,False
1406,41.2,78.0,False
1407,42.2,78.0,True
1408,49.4,78.0,True
1409,42.8,78.0,True
1410,44.8,78.0,True
1411,51.2,78.0,False
1412,46.2,78.0,True
1413,53.4,78.0,False
1414,45.0,78.0,False
1415,50.6,78.0,False
1416,53.4,78.0,True
1417,42.0,78.0,True
1418,52.8,78.0,True
1419,45.0,78.0,True
1420,46.6,78.0,True
1421,45.6,78.0,False
1422,41.6,78.0,True
1423,41.0,78.0,True
1424,43.4,78.0,True
1425,44.4,79.0,False
1426,53.6,79.0,False
1427,48.0,79.0,True
1428,42.0,79.0,True
1429,47.0,79.0,True
1430,46.0,79.0,True
1431,39.8,79.0,True
1432,37.8,79.0,True
1433,47.6,79.0,False
1434,47.2,79.0,False
1435,47.4,79.0,True
1436,48.6,79.0,True
1437,39.8,79.0,False
1438,38.6,79.0,False
1439,45.0,79.0,False
1440,54.0,79.0,True
1441,51.6,79.0,False
1442,42.4,79.0,False
1443,46.8,79.0,True
1444,36.0,79.0,False
1445,54.2,79.0,True
1446,48.4,79.0,False
1447,47.8,79.0,True
1448,44.0,79.0,True
1449,45.6,79.0,False
1450,48.4,79.0,True
1451,39.8,79.0,True
1452,52.2,79.0,True
1453,41.2,79.0,False
1454,54.2,79.0,True
1455,50.2,79.0,True
1456,56.6,79.0,True
1457,45.0,79.0,True
1458,44.2,79.0,True
1459,46.8,79.0,False
1460,46.8,79.0,True
1461,45.4,79.0,True
1462,46.2,79.0,False
1463,47.2,79.0,True
1464,42.4,79.0,False
1465,49.6,79.0,True
1466,57.4,79.0,True
1467,55.4,79.0,True
1468,49.4,79.0,True
1469,36.8,79.0,False
1470,51.8,79.0,False
1471,41.6,79.0,False
1472,42.0,79.0,False
1473,48.6,79.0,True
1474,49.6,79.0,True
1475,45.2,79.0,True
1476,45.4,79.0,True
1477,46.6,79.0,True
1478,33.8,79.0,False
1479,44.8,79.0,True
1480,45.8,79.0,False
1481,38.8,79.0,False
1482,48.0,79.0,False
1483,38.0,79.0,False
1484,42.0,79.0,False
1485,47.6,79.0,False
1486,41.4,79.0,False
1487,47.2,79.0,True
1488,45.2,79.0,True
1489,48.6,79.0,True
1490,45.2,79.0,True
1491,41.8,79.0,True
1492,46.8,79.0,True
1493,48.0,79.0,True
1494,50.2,84.0,False
1495,39.6,84.0,True
1496,55.0,84.0,True
1497,67.6,84.0,False
1498,53.0,84.0,False
1499,50.6,91.0,True
1500,53.0,91.0,True
1501,53.0,91.0,True
1502,33.6,91.0,True
1503,32.8,91.0,True
1504,33.8,91.0,True
1505,50.4,91.0,True
1506,47.2,91.0,True
1507,57.2,91.0,False
1508,56.4,91.0,False
1509,54.6,91.0,False
1510,58.8,91.0,True
1511,53.2,91.0,False
1512,57.6,91.0,False
1513,50.4,91.0,True
1514,57.4,91.0,True
1515,43.8,91.0,True
1516,43.8,91.0,True
1517,46.6,91.0,True
1518,48.4,91.0,False
1519,43.2,91.0,False
1520,50.4,91.0,False
1521,59.6,91.0,False
1522,41.2,91.0,False
1523,54.8,91.0,True
1524,49.2,91.0,False
1525,48.8,91.0,False
1526,43.6,91.0,False
1527,58.4,91.0,False
1528,54.6,91.0,False
1529,50.2,91.0,True
1530,57.6,91.0,False
1531,54.6,91.0,False
1532,48.2,91.0,False
1533,58.6,91.0,False
1534,56.8,91.0,True
1535,59.0,91.0,False
1536,56.4,91.0,True
1537,57.0,91.0,False
1538,54.4,91.0,False
1539,56.2,91.0,True
1540,61.4,91.0,False
1541,51.6,91.0,True
1542,53.4,91.0,False
1543,54.2,91.0,True
1544,48.4,91.0,False
1545,51.8,91.0,False
1546,47.0,91.0,False
1547,59.4,91.0,True
1548,53.8,91.0,False
1549,45.8,91.0,True
1550,47.2,91.0,False
1551,43.4,91.0,True
1552,60.0,91.0,True
1553,48.4,91.0,False
1554,56.2,91.0,True
1555,46.8,91.0,True
1556,31.8,91.0,False
1557,58.8,91.0,True
1558,54.8,91.0,True
1559,58.8,91.0,True
1560,43.2,91.0,True
1561,53.4,91.0,True
1562,49.0,91.0,False
1563,44.4,91.0,False
1564,45.8,91.0,False
1565,48.2,91.0,True
1566,50.4,91.0,False
1567,55.4,91.0,False
1568,61.4,91.0,True
1569,49.0,91.0,True
1570,56.2,91.0,True
1571,47.4,91.0,False
1572,54.2,91.0,True
1573,47.2,91.0,True
1574,50.4,91.0,False
1575,56.2,91.0,True
1576,61.6,91.0,False
1577,57.8,91.0,True
1578,49.8,91.0,False
1579,50.0,91.0,True
1580,28.8,91.0,True
1581,49.4,91.0,False
1582,55.4,91.0,True
1583,58.4,91.0,True
1584,63.0,91.0,False
1585,47.2,91.0,False
1586,62.2,91.0,False
1587,63.6,91.0,True
1588,59.8,91.0,False
1589,52.4,91.0,True
1590,42.6,91.0,False
1591,41.4,91.0,False
1592,38.8,91.0,True
1593,55.4,91.0,True
1594,56.2,91.0,False
1595,45.6,91.0,False
1596,41.8,91.0,False
1597,41.0,91.0,False
1598,41.6,91.0,False
1599,46.0,91.0,False
1600,49.0,91.0,False
1601,49.0,91.0,False
1602,51.6,91.0,False
1603,54.2,91.0,True
1604,49.6,91.0,True
1605,61.4,91.0,False
1606,52.6,91.0,False
1607,48.6,91.0,True
1608,56.0,91.0,True
1609,41.6,91.0,False
1610,50.4,91.0,False
1611,47.2,91.0,False
1612,47.4,91.0,False
1613,56.4,91.0,True
1614,56.2,91.0,False
1615,54.0,91.0,True
1616,53.8,91.0,True
1617,50.0,91.0,False
1618,46.4,91.0,False
1619,40.6,91.0,False
1620,47.0,91.0,True
1621,36.0,91.0,False
1622,50.0,91.0,False
1623,52.6,91.0,False
1624,49.6,91.0,False
1625,50.2,91.0,True
1626,52.4,91.0,False
1627,42.6,91.0,False
1628,46.4,91.0,True
1629,45.6,91.0,True
1630,39.4,91.0,True
1631,37.0,91.0,True
1632,39.6,91.0,False
1633,42.8,91.0,True
1634,44.4,91.0,True
1635,38.0,91.0,True
1636,34.8,91.0,True
1637,28.2,91.0,True
1638,35.6,91.0,True
1639,38.6,91.0,False
1640,31.8,91.0,False
1641,37.6,91.0,False
1642,45.0,91.0,True
1643,48.0,91.0,False
1644,38.6,91.0,True
1645,33.4,91.0,True
1646,35.4,91.0,False
1647,53.4,91.0,False
1648,35.2,91.0,True
1649,35.6,91.0,False
1650,36.8,91.0,False
1651,33.0,91.0,True
1652,35.8,91.0,True
1653,28.4,91.0,False
1654,30.8,91.0,True
1655,31.8,91.0,True
1656,32.2,91.0,True
1657,33.6,91.0,True
1658,38.8,91.0,True
1659,22.6,91.0,True
1660,25.2,91.0,True
1661,32.4,91.0,True
1662,30.0,91.0,True
1663,23.8,91.0,True
1664,38.6,91.0,True
1665,31.8,91.0,False
1666,26.8,91.0,True
1667,27.8,91.0,True
1668,31.8,91.0,True
1669,28.4,91.0,True
1670,30.0,91.0,True
1671,41.8,91.0,True
1672,29.0,91.0,False
1673,24.2,91.0,True
1674,28.4,91.0,False
1675,27.8,91.0,True
1676,26.4,91.0,True
1677,25.0,91.0,True
1678,15.0,91.0,True
1679,16.6,91.0,True
1680,13.6,91.0,True
1681,20.0,91.0,True
1682,21.0,91.0,False
1683,17.4,91.0,True
1684,14.2,91.0,True
1685,16.2,91.0,True
1686,22.2,91.0,True
1687,20.8,91.0,False
1688,12.6,91.0,True
1689,15.4,91.0,True
1690,17.2,91.0,True
1691,19.8,91.0,True
1692,23.8,91.0,True
1693,23.0,91.0,True
1694,20.0,91.0,True
1695,18.8,91.0,True
1696,19.2,91.0,False
1697,20.4,91.0,True
1698,23.4,91.0,True
1699,21.8,91.0,False
1700,38.0,91.0,False
1701,24.2,91.0,False
1702,26.0,91.0,False
1703,18.2,91.0,False
1704,19.0,91.0,False
1705,27.0,91.0,True
1706,24.8,91.0,False
1707,33.0,91.0,False
1708,34.8,91.0,False
1709,28.8,91.0,False
1710,33.2,91.0,True
1711,31.8,91.0,True
1712,24.0,91.0,False
1713,19.6,91.0,True
1714,30.2,91.0,True
1715,27.4,91.0,True
1716,37.4,91.0,True
1717,35.8,91.0,True
1718,35.6,91.0,False
1719,47.0,91.0,True
1720,24.4,91.0,False
1721,28.6,91.0,True
1722,47.6,91.0,True
1723,40.6,91.0,False
1724,56.0,91.0,True
1725,38.0,91.0,True
1726,41.8,91.0,False
1727,36.0,91.0,False
1728,44.0,91.0,True
1729,40.6,91.0,True
1730,36.4,91.0,False
1731,40.6,91.0,True
1732,38.6,91.0,True
1733,38.0,91.0,True
1734,36.8,91.0,True
1735,43.0,91.0,True
1736,41.0,91.0,True
1737,40.8,91.0,True
1738,40.0,91.0,True
1739,38.4,91.0,True
1740,40.6,91.0,False
1741,42.4,91.0,False
1742,45.4,91.0,True
1743,43.4,91.0,False
1744,35.2,91.0,True
1745,36.8,91.0,False
1746,45.6,91.0,False
1747,39.0,91.0,False
1748,33.0,91.0,True
1749,44.2,91.0,True
1750,45.8,91.0,False
1751,48.2,91.0,False
1752,36.4,91.0,True
1753,40.4,91.0,True
1754,32.6,91.0,False
1755,44.4,91.0,True
1756,36.4,91.0,True
1757,29.6,91.0,False
1758,42.8,91.0,True
1759,39.6,91.0,False
1760,42.8,91.0,True
1761,36.2,91.0,True
1762,32.4,91.0,True
1763,35.0,91.0,False
1764,37.2,91.0,False
1765,41.6,91.0,False
1766,30.8,91.0,True
1767,39.2,91.0,True
1768,41.6,91.0,False
1769,46.0,91.0,True
1770,42.8,91.0,False
1771,43.2,91.0,True
1772,47.6,91.0,True
1773,42.0,91.0,True
1774,40.0,91.0,True
1775,41.8,91.0,False
1776,36.8,91.0,True
1777,45.2,91.0,True
1778,34.0,91.0,False
1779,40.2,91.0,True
1780,41.0,91.0,False
1781,38.0,91.0,False
1782,38.8,91.0,False
1783,28.8,91.0,True
1784,41.6,91.0,True
1785,42.8,91.0,True
1786,40.0,91.0,True
1787,45.8,91.0,True
1788,33.6,91.0,True
1789,43.0,91.0,True
1790,46.4,91.0,False
1791,49.2,91.0,True
1792,41.8,91.0,False
1793,34.4,91.0,False
1794,48.2,91.0,True
1795,45.4,91.0,True
1796,44.4,91.0,True
1797,47.4,91.0,True
1798,40.4,91.0,True
1799,50.4,91.0,True
1800,39.2,91.0,True
1801,47.4,91.0,False
1802,39.6,91.0,False
1803,29.8,91.0,True
1804,39.4,91.0,True
1805,46.4,91.0,True
1806,32.6,91.0,True
1807,38.6,91.0,True
1808,42.2,91.0,True
1809,44.0,91.0,True
1810,38.8,91.0,True
1811,30.2,91.0,False
1812,47.2,91.0,True
1813,42.0,91.0,False
1814,48.0,91.0,False
1815,44.0,91.0,False
1816,45.4,91.0,False
1817,43.0,91.0,True
1818,51.0,91.0,True
1819,46.2,91.0,False
1820,33.2,91.0,False
1821,30.4,91.0,True
1822,37.4,91.0,True
1823,44.2,91.0,False
1824,41.4,91.0,True
1825,46.6,91.0,True
1826,34.6,91.0,True
1827,36.6,91.0,True
1828,41.2,91.0,False
1829,38.6,91.0,False
1830,41.6,91.0,False
1831,33.2,91.0,True
1832,37.2,91.0,False
1833,34.4,91.0,True
1834,44.4,91.0,False
1835,45.8,91.0,True
1836,35.4,91.0,False
1837,39.4,91.0,True
1838,32.6,91.0,False
1839,37.0,91.0,False
1840,34.0,91.0,False
1841,34.2,91.0,False
1842,33.6,91.0,False
1843,35.8,91.0,True
1844,42.0,91.0,False
1845,37.6,91.0,False
1846,31.6,91.0,False
1847,36.8,91.0,False
1848,43.8,91.0,True
1849,37.4,91.0,True
1850,36.2,91.0,False
1851,38.4,91.0,True
1852,31.6,91.0,True
1853,39.6,91.0,False
1854,38.4,91.0,False
1855,35.4,91.0,True
1856,38.8,91.0,True
1857,36.4,91.0,True
1858,39.6,91.0,True
1859,28.8,91.0,False
1860,40.6,91.0,True
1861,30.0,91.0,True
1862,33.6,91.0,True
1863,36.8,91.0,False
1864,34.0,91.0,False
1865,39.4,91.0,False
1866,44.6,91.0,True
1867,35.6,91.0,False
1868,37.0,91.0,True
1869,39.4,91.0,True
1870,38.8,91.0,True
1871,46.4,91.0,True
1872,42.0,91.0,False
1873,45.4,91.0,False
1874,35.2,91.0,False
1875,33.4,91.0,False
1876,36.2,91.0,False
1877,31.4,91.0,True
1878,33.0,91.0,False
1879,41.4,91.0,True
1880,39.4,91.0,True
1881,38.2,91.0,True
1882,37.4,91.0,False
1883,43.2,91.0,True
1884,36.2,91.0,True
1885,38.6,91.0,True
1886,47.6,91.0,True
1887,41.0,91.0,False
1888,38.2,91.0,True
1889,41.0,91.0,False
1890,36.0,91.0,True
1891,37.2,91.0,True
1892,38.8,91.0,False
1893,36.6,91.0,False
1894,31.0,91.0,True
1895,38.2,91.0,True
1896,40.8,91.0,True
1897,32.2,91.0,False
1898,35.6,91.0,False
1899,31.2,91.0,False
1900,37.0,91.0,True
1901,34.6,91.0,True
1902,40.2,91.0,True
1903,31.8,91.0,False
1904,35.2,91.0,True
1905,42.4,91.0,True
1906,42.8,91.0,True
1907,40.6,91.0,False
1908,42.6,91.0,True
1909,43.6,91.0,True
1910,47.4,91.0,False
1911,36.2,91.0,False
1912,38.2,91.0,True
1913,44.2,91.0,False
1914,36.6,91.0,True
1915,39.0,91.0,False
1916,32.8,91.0,False
1917,44.0,91.0,True
1918,39.6,91.0,True
1919,40.2,91.0,True
1920,34.8,91.0,True
1921,39.2,91.0,False
1922,40.8,91.0,False
1923,32.4,91.0,True
1924,35.2,91.0,False
1925,41.0,91.0,True
1926,38.4,91.0,False
1927,33.4,91.0,True
1928,40.8,91.0,True
1929,33.2,91.0,False
1930,37.4,91.0,True
1931,31.8,91.0,True
1932,29.2,91.0,False
1933,38.8,91.0,False
1934,39.8,91.0,True
1935,34.6,91.0,True
1936,30.4,91.0,False
1937,33.6,91.0,False
1938,38.6,91.0,True
1939,33.0,91.0,True
1940,38.4,91.0,True
1941,39.2,91.0,False
1942,32.0,91.0,True
1943,39.6,91.0,True
1944,32.2,91.0,True
1945,36.0,91.0,True
1946,34.2,91.0,False
1947,22.0,91.0,False
1948,34.8,91.0,False
1949,36.8,91.0,True
1950,31.0,91.0,True
1951,29.6,91.0,False
1952,34.0,91.0,False
1953,26.6,91.0,False
1954,39.0,91.0,True
1955,39.6,91.0,False
1956,29.0,91.0,True
1957,37.4,91.0,True
1958,33.8,91.0,False
1959,35.6,91.0,True
1960,33.2,91.0,True
1961,36.8,91.0,False
1962,41.0,91.0,True
1963,34.6,91.0,True
1964,35.6,91.0,False
1965,27.4,91.0,False
1966,39.2,91.0,True
1967,37.8,91.0,True
1968,35.0,91.0,True
1969,32.0,91.0,False
1970,39.6,91.0,False
1971,39.0,91.0,False
1972,29.8,91.0,True
1973,37.0,91.0,False
1974,40.0,91.0,False
1975,35.0,91.0,True
1976,24.4,91.0,True
1977,36.6,91.0,False
1978,42.8,91.0,True
1979,33.8,91.0,False
1980,36.8,91.0,False
1981,26.8,91.0,True
1982,35.8,91.0,True
1983,26.6,91.0,False
1984,42.0,91.0,True
1985,41.0,91.0,True
1986,28.6,91.0,True
1987,24.0,91.0,False
1988,31.0,91.0,True
1989,33.2,91.0,True
1990,25.2,91.0,False
1991,39.2,91.0,False
1992,32.4,91.0,False
1993,31.8,91.0,True
1994,34.6,91.0,True
1995,30.2,91.0,True
1996,25.8,91.0,False
1997,47.4,91.0,False
1998,35.0,91.0,False
1999,39.4,91.0,True
