0,-25.0,0,True
1,-25.0,0,True
2,-9.0,0,True
3,-10.0,0,True
4,-11.0,0,False
5,-11.0,0,True
6,14.0,14.0,True
7,14.0,14.0,True
8,13.0,14.0,True
9,37.0,37.0,True
10,13.0,37.0,True
11,10.0,37.0,True
12,9.0,37.0,True
13,8.0,37.0,True
14,11.0,37.0,True
15,6.0,37.0,True
16,17.0,37.0,True
17,8.0,37.0,True
18,3.0,37.0,True
19,12.0,37.0,True
20,15.0,37.0,True
21,12.0,37.0,True
22,6.0,37.0,True
23,21.0,37.0,True
24,6.0,37.0,True
25,12.0,37.0,True
26,8.0,37.0,False
27,-1.0,37.0,True
28,5.0,37.0,True
29,16.0,37.0,True
30,-3.0,37.0,True
31,3.0,37.0,True
32,13.0,37.0,True
33,22.0,37.0,False
34,17.0,37.0,True
35,21.0,37.0,True
36,6.0,37.0,True
37,4.0,37.0,True
38,8.0,37.0,True
39,23.0,37.0,True
40,11.0,37.0,True
41,15.0,37.0,True
42,18.0,37.0,True
43,36.0,37.0,False
44,11.0,37.0,True
45,13.0,37.0,True
46,28.0,37.0,True
47,7.0,37.0,True
48,2.0,37.0,True
49,19.0,37.0,True
50,4.0,37.0,True
51,11.0,37.0,True
52,8.0,37.0,True
53,9.0,37.0,True
54,3.0,37.0,True
55,19.0,37.0,True
56,14.0,37.0,True
57,10.0,37.0,True
58,9.0,37.0,True
59,10.0,37.0,True
60,12.0,37.0,True
61,9.0,37.0,True
62,16.0,37.0,True
63,15.0,37.0,True
64,21.0,37.0,True
65,14.0,37.0,True
66,20.0,37.0,True
67,7.0,37.0,True
68,8.0,37.0,True
69,18.0,37.0,True
70,16.0,37.0,False
71,23.0,37.0,True
72,8.0,37.0,False
73,5.0,37.0,True
74,13.0,37.0,False
75,29.0,37.0,True
76,26.0,37.0,True
77,19.0,37.0,True
78,25.0,37.0,True
79,14.0,37.0,True
80,15.0,37.0,True
81,15.0,37.0,True
82,3.0,37.0,False
83,2.0,37.0,False
84,2.0,37.0,True
85,1.0,37.0,True
86,12.0,37.0,False
87,12.0,37.0,True
88,28.0,37.0,False
89,29.0,37.0,True
90,31.0,37.0,True
91,27.0,37.0,True
92,11.0,37.0,False
93,19.0,37.0,False
94,26.0,37.0,True
95,18.0,37.0,True
96,33.0,37.0,True
97,16.0,37.0,True
98,13.0,37.0,True
99,26.0,37.0,True
100,11.0,37.0,True
101,10.0,37.0,True
102,30.0,37.0,True
103,11.0,37.0,True
104,20.0,37.0,True
105,18.0,37.0,True
106,26.0,37.0,False
107,34.0,37.0,True
108,9.0,37.0,True
109,16.0,37.0,True
110,25.0,37.0,True
111,10.0,37.0,True
112,10.0,37.0,True
113,16.0,37.0,True
114,17.0,37.0,True
115,46.0,46.0,True
116,54.0,54.0,True
117,65.0,65.0,True
118,64.0,65.0,True
119,63.0,65.0,True
120,56.0,65.0,True
121,53.0,65.0,True
122,64.0,65.0,True
123,48.0,65.0,True
124,58.0,65.0,False
125,46.0,65.0,True
126,62.0,65.0,True
127,43.0,65.0,True
128,49.0,65.0,True
129,52.0,65.0,True
130,55.0,65.0,True
131,55.0,65.0,True
132,46.0,65.0,False
133,50.0,65.0,False
134,51.0,65.0,True
135,57.0,65.0,True
136,59.0,65.0,True
137,61.0,65.0,True
138,55.0,65.0,False
139,66.0,66.0,True
140,53.0,66.0,True
141,45.0,66.0,True
142,38.0,66.0,True
143,67.0,67.0,True
144,67.0,67.0,False
145,52.0,67.0,True
146,44.0,67.0,False
147,58.0,67.0,True
148,58.0,67.0,False
149,62.0,67.0,False
150,74.0,74.0,False
151,45.0,74.0,True
152,47.0,74.0,True
153,56.0,74.0,True
154,63.0,74.0,True
155,61.0,74.0,False
156,65.0,74.0,True
157,69.0,74.0,True
158,66.0,74.0,True
159,47.0,74.0,False
160,54.0,74.0,False
161,49.0,74.0,False
162,41.0,74.0,True
163,57.0,74.0,True
164,59.0,74.0,False
165,56.0,74.0,False
166,51.0,74.0,True
167,46.0,74.0,False
168,54.0,74.0,True
169,51.0,74.0,True
170,56.0,74.0,True
171,46.0,74.0,True
172,53.0,74.0,True
173,43.0,74.0,False
174,62.0,74.0,False
175,27.0,74.0,False
176,47.0,74.0,True
177,57.0,74.0,True
178,42.0,74.0,True
179,68.0,74.0,True
180,52.0,74.0,False
181,51.0,74.0,True
182,56.0,74.0,True
183,35.0,74.0,True
184,53.0,74.0,True
185,65.0,74.0,True
186,44.0,74.0,True
187,54.0,74.0,True
188,53.0,74.0,True
189,52.0,74.0,True
190,56.0,74.0,True
191,51.0,74.0,True
192,58.0,74.0,True
193,56.0,74.0,True
194,56.0,74.0,False
195,51.0,74.0,False
196,59.0,74.0,True
197,58.0,74.0,True
198,62.0,74.0,True
199,60.0,74.0,True
200,61.0,74.0,True
201,67.0,74.0,True
202,56.0,74.0,True
203,68.0,74.0,False
204,57.0,74.0,True
205,57.0,74.0,True
206,63.0,74.0,True
207,41.0,74.0,False
208,52.0,74.0,True
209,61.0,74.0,True
210,70.0,74.0,False
211,51.0,74.0,True
212,54.0,74.0,True
213,47.0,74.0,True
214,51.0,74.0,True
215,45.0,74.0,False
216,55.0,74.0,True
217,57.0,74.0,True
218,53.0,74.0,True
219,61.0,74.0,True
220,61.0,74.0,True
221,54.0,74.0,False
222,67.0,74.0,True
223,59.0,74.0,True
224,57.0,74.0,False
225,44.0,74.0,True
226,66.0,74.0,True
227,42.0,74.0,True
228,59.0,74.0,True
229,47.0,74.0,True
230,61.0,74.0,False
231,49.0,74.0,True
232,55.0,74.0,True
233,59.0,74.0,True
234,52.0,74.0,True
235,41.0,74.0,True
236,34.0,74.0,False
237,61.0,74.0,True
238,64.0,74.0,True
239,63.0,74.0,True
240,68.0,74.0,True
241,47.0,74.0,True
242,57.0,74.0,True
243,58.0,74.0,True
244,52.0,74.0,True
245,63.0,74.0,True
246,49.0,74.0,False
247,48.0,74.0,True
248,51.0,74.0,True
249,49.0,74.0,True
250,63.0,74.0,False
251,56.0,74.0,False
252,49.0,74.0,True
253,52.0,74.0,True
254,42.0,74.0,True
255,55.0,74.0,False
256,69.0,74.0,True
257,48.0,74.0,False
258,55.0,74.0,True
259,57.0,74.0,True
260,53.0,74.0,True
261,52.0,74.0,True
262,58.0,74.0,False
263,54.0,74.0,True
264,33.0,74.0,True
265,52.0,74.0,True
266,53.0,74.0,False
267,54.0,74.0,True
268,44.0,74.0,True
269,45.0,74.0,True
270,41.0,74.0,True
271,67.0,74.0,True
272,56.0,74.0,True
273,60.0,74.0,True
274,66.0,74.0,True
275,48.0,74.0,False
276,50.0,74.0,True
277,62.0,74.0,True
278,52.0,74.0,True
279,63.0,74.0,True
280,63.0,74.0,False
281,43.0,74.0,False
282,59.0,74.0,True
283,58.0,74.0,True
284,51.0,74.0,True
285,52.0,74.0,True
286,45.0,74.0,False
287,48.0,74.0,True
288,39.0,74.0,False
289,53.0,74.0,True
290,61.0,74.0,True
291,48.0,74.0,True
292,51.0,74.0,True
293,57.0,74.0,False
294,38.0,74.0,False
295,49.0,74.0,False
296,55.0,74.0,True
297,62.0,74.0,True
298,58.0,74.0,True
299,61.0,74.0,False
300,59.0,74.0,True
301,53.0,74.0,False
302,56.0,74.0,False
303,55.0,74.0,True
304,53.0,74.0,True
305,52.0,74.0,True
306,50.0,74.0,True
307,50.0,74.0,True
308,40.0,74.0,True
309,55.0,74.0,True
310,48.0,74.0,True
311,51.0,74.0,True
312,52.0,74.0,False
313,49.0,74.0,False
314,65.0,74.0,False
315,60.0,74.0,True
316,65.0,74.0,True
317,61.0,74.0,False
318,59.0,74.0,True
319,52.0,74.0,True
320,45.0,74.0,True
321,56.0,74.0,False
322,66.0,74.0,True
323,51.0,74.0,True
324,62.0,74.0,True
325,52.0,74.0,True
326,53.0,74.0,True
327,51.0,74.0,True
328,64.0,74.0,True
329,54.0,74.0,True
330,52.0,74.0,True
331,46.0,74.0,True
332,46.0,74.0,True
333,31.0,74.0,True
334,52.0,74.0,True
335,59.0,74.0,True
336,57.0,74.0,True
337,62.0,74.0,True
338,48.0,74.0,True
339,44.0,74.0,True
340,63.0,74.0,True
341,48.0,74.0,True
342,59.0,74.0,True
343,62.0,74.0,True
344,46.0,74.0,True
345,49.0,74.0,True
346,58.0,74.0,True
347,53.0,74.0,True
348,58.0,74.0,False
349,56.0,74.0,True
350,57.0,74.0,True
351,54.0,74.0,True
352,55.0,74.0,True
353,67.0,74.0,True
354,60.0,74.0,False
355,49.0,74.0,True
356,48.0,74.0,False
357,53.0,74.0,True
358,55.0,74.0,True
359,44.0,74.0,True
360,58.0,74.0,True
361,60.0,74.0,True
362,51.0,74.0,True
363,55.0,74.0,True
364,56.0,74.0,False
365,54.0,74.0,True
366,64.0,74.0,False
367,55.0,74.0,True
368,59.0,74.0,False
369,58.0,74.0,True
370,51.0,74.0,True
371,57.0,74.0,False
372,68.0,74.0,False
373,50.0,74.0,False
374,57.0,74.0,False
375,67.0,74.0,True
376,57.0,74.0,True
377,56.0,74.0,True
378,60.0,74.0,True
379,57.0,74.0,True
380,51.0,74.0,False
381,51.0,74.0,True
382,56.0,74.0,True
383,54.0,74.0,True
384,65.0,74.0,True
385,44.0,74.0,False
386,49.0,74.0,True
387,51.0,74.0,True
388,57.0,74.0,True
389,56.0,74.0,True
390,60.0,74.0,True
391,64.0,74.0,False
392,54.0,74.0,True
393,57.0,74.0,False
394,56.0,74.0,True
395,62.0,74.0,False
396,50.0,74.0,True
397,55.0,74.0,False
398,42.0,74.0,True
399,61.0,74.0,True
400,57.0,74.0,True
401,46.0,74.0,False
402,60.0,74.0,True
403,51.0,74.0,True
404,36.0,74.0,True
405,65.0,74.0,True
406,47.0,74.0,True
407,49.0,74.0,True
408,51.0,74.0,True
409,60.0,74.0,False
410,62.0,74.0,False
411,58.0,74.0,True
412,48.0,74.0,True
413,57.0,74.0,True
414,53.0,74.0,True
415,58.0,74.0,True
416,58.0,74.0,True
417,41.0,74.0,False
418,56.0,74.0,True
419,49.0,74.0,False
420,50.0,74.0,True
421,61.0,74.0,True
422,59.0,74.0,True
423,48.0,74.0,True
424,52.0,74.0,True
425,62.0,74.0,True
426,61.0,74.0,True
427,49.0,74.0,False
428,50.0,74.0,False
429,55.0,74.0,True
430,56.0,74.0,True
431,48.0,74.0,True
432,35.0,74.0,True
433,55.0,74.0,True
434,52.0,74.0,True
435,48.0,74.0,True
436,51.0,74.0,True
437,49.0,74.0,False
438,56.0,74.0,True
439,35.0,74.0,False
440,48.0,74.0,True
441,53.0,74.0,True
442,62.0,74.0,True
443,51.0,74.0,True
444,51.0,74.0,True
445,55.0,74.0,False
446,51.0,74.0,True
447,59.0,74.0,False
448,47.0,74.0,True
449,51.0,74.0,True
450,39.0,74.0,True
451,29.0,74.0,True
452,28.0,74.0,True
453,59.0,74.0,True
454,56.0,74.0,True
455,23.0,74.0,False
456,37.0,74.0,True
457,41.0,74.0,True
458,43.0,74.0,True
459,51.0,74.0,True
460,55.0,74.0,True
461,40.0,74.0,True
462,48.0,74.0,False
463,52.0,74.0,True
464,55.0,74.0,True
465,50.0,74.0,True
466,54.0,74.0,True
467,33.0,74.0,True
468,50.0,74.0,False
469,42.0,74.0,True
470,64.0,74.0,True
471,54.0,74.0,True
472,35.0,74.0,True
473,58.0,74.0,True
474,67.0,74.0,False
475,57.0,74.0,True
476,21.0,74.0,False
477,47.0,74.0,True
478,43.0,74.0,True
479,62.0,74.0,True
480,25.0,74.0,True
481,10.0,74.0,True
482,18.0,74.0,False
483,23.0,74.0,True
484,26.0,74.0,False
485,20.0,74.0,True
486,13.0,74.0,True
487,15.0,74.0,True
488,22.0,74.0,True
489,28.0,74.0,True
490,26.0,74.0,True
491,21.0,74.0,True
492,15.0,74.0,True
493,27.0,74.0,True
494,13.0,74.0,False
495,14.0,74.0,True
496,21.0,74.0,True
497,13.0,74.0,True
498,15.0,74.0,True
499,25.0,74.0,True
500,14.0,74.0,True
501,34.0,74.0,True
502,52.0,74.0,True
503,26.0,74.0,False
504,16.0,74.0,True
505,28.0,74.0,True
506,37.0,74.0,False
507,54.0,74.0,False
508,25.0,74.0,False
509,47.0,74.0,False
510,35.0,74.0,True
511,21.0,74.0,False
512,32.0,74.0,False
513,30.0,74.0,True
514,15.0,74.0,True
515,16.0,74.0,True
516,12.0,74.0,True
517,12.0,74.0,False
518,17.0,74.0,True
519,13.0,74.0,False
520,15.0,74.0,True
521,20.0,74.0,True
522,14.0,74.0,False
523,17.0,74.0,False
524,23.0,74.0,False
525,45.0,74.0,True
526,21.0,74.0,True
527,14.0,74.0,True
528,24.0,74.0,True
529,24.0,74.0,False
530,22.0,74.0,True
531,31.0,74.0,True
532,30.0,74.0,True
533,14.0,74.0,True
534,2.0,74.0,True
535,-1.0,74.0,False
536,11.0,74.0,True
537,6.0,74.0,True
538,2.0,74.0,True
539,0.0,74.0,True
540,3.0,74.0,False
541,50.0,74.0,True
542,2.0,74.0,True
543,-4.0,74.0,True
544,7.0,74.0,True
545,0.0,74.0,True
546,15.0,74.0,False
547,2.0,74.0,True
548,-3.0,74.0,True
549,1.0,74.0,True
550,-1.0,74.0,True
551,0.0,74.0,True
552,7.0,74.0,True
553,-7.0,74.0,False
554,6.0,74.0,True
555,-3.0,74.0,True
556,3.0,74.0,True
557,2.0,74.0,True
558,14.0,74.0,True
559,0.0,74.0,True
560,10.0,74.0,True
561,11.0,74.0,False
562,5.0,74.0,True
563,11.0,74.0,False
564,15.0,74.0,False
565,5.0,74.0,True
566,5.0,74.0,True
567,3.0,74.0,True
568,-1.0,74.0,True
569,9.0,74.0,True
570,3.0,74.0,True
571,11.0,74.0,True
572,2.0,74.0,False
573,4.0,74.0,True
574,24.0,74.0,True
575,9.0,74.0,True
576,37.0,74.0,True
577,67.0,74.0,True
578,10.0,74.0,True
579,52.0,74.0,True
580,64.0,74.0,False
581,32.0,74.0,True
582,20.0,74.0,True
583,22.0,74.0,True
584,0.0,74.0,True
585,24.0,74.0,False
586,3.0,74.0,True
587,51.0,74.0,True
588,0.0,74.0,True
589,58.0,74.0,True
590,0.0,74.0,True
591,-3.0,74.0,False
592,62.0,74.0,True
593,-4.0,74.0,False
594,55.0,74.0,True
595,1.0,74.0,True
596,22.0,74.0,True
597,60.0,74.0,True
598,-7.0,74.0,True
599,-13.0,74.0,True
600,-2.0,74.0,True
601,-4.0,74.0,True
602,35.0,74.0,True
603,-1.0,74.0,False
604,10.0,74.0,True
605,0.0,74.0,True
606,11.0,74.0,True
607,22.0,74.0,False
608,17.0,74.0,False
609,9.0,74.0,True
610,24.0,74.0,False
611,17.0,74.0,True
612,25.0,74.0,True
613,9.0,74.0,False
614,7.0,74.0,True
615,20.0,74.0,True
616,18.0,74.0,True
617,21.0,74.0,True
618,18.0,74.0,False
619,3.0,74.0,True
620,1.0,74.0,True
621,2.0,74.0,True
622,1.0,74.0,False
623,1.0,74.0,True
624,4.0,74.0,True
625,3.0,74.0,True
626,5.0,74.0,True
627,4.0,74.0,True
628,3.0,74.0,False
629,-5.0,74.0,True
630,0.0,74.0,True
631,-5.0,74.0,False
632,1.0,74.0,True
633,-2.0,74.0,False
634,0.0,74.0,True
635,0.0,74.0,True
636,1.0,74.0,True
637,0.0,74.0,True
638,6.0,74.0,True
639,15.0,74.0,True
640,4.0,74.0,True
641,6.0,74.0,False
642,3.0,74.0,True
643,2.0,74.0,True
644,-2.0,74.0,False
645,0.0,74.0,True
646,1.0,74.0,False
647,3.0,74.0,True
648,2.0,74.0,True
649,2.0,74.0,True
650,4.0,74.0,True
651,5.0,74.0,True
652,2.0,74.0,True
653,7.0,74.0,True
654,0.0,74.0,True
655,5.0,74.0,False
656,6.0,74.0,True
657,6.0,74.0,True
658,-1.0,74.0,True
659,1.0,74.0,True
660,5.0,74.0,True
661,8.0,74.0,True
662,5.0,74.0,True
663,7.0,74.0,True
664,13.0,74.0,False
665,2.0,74.0,True
666,2.0,74.0,True
667,-1.0,74.0,True
668,9.0,74.0,True
669,0.0,74.0,True
670,-1.0,74.0,True
671,-1.0,74.0,True
672,0.0,74.0,True
673,-1.0,74.0,True
674,1.0,74.0,True
675,0.0,74.0,True
676,-1.0,74.0,True
677,-1.0,74.0,True
678,0.0,74.0,True
679,8.0,74.0,True
680,0.0,74.0,True
681,2.0,74.0,True
682,1.0,74.0,False
683,0.0,74.0,True
684,2.0,74.0,False
685,-1.0,74.0,True
686,1.0,74.0,True
687,1.0,74.0,True
688,-1.0,74.0,True
689,22.0,74.0,True
690,2.0,74.0,True
691,2.0,74.0,True
692,11.0,74.0,True
693,11.0,74.0,True
694,20.0,74.0,True
695,30.0,74.0,True
696,19.0,74.0,False
697,14.0,74.0,True
698,32.0,74.0,True
699,29.0,74.0,True
700,16.0,74.0,True
701,12.0,74.0,True
702,7.0,74.0,True
703,1.0,74.0,True
704,3.0,74.0,False
705,0.0,74.0,True
706,9.0,74.0,True
707,2.0,74.0,True
708,8.0,74.0,True
709,17.0,74.0,True
710,3.0,74.0,True
711,12.0,74.0,True
712,8.0,74.0,True
713,1.0,74.0,True
714,2.0,74.0,True
715,8.0,74.0,True
716,-3.0,74.0,True
717,10.0,74.0,True
718,-3.0,74.0,True
719,8.0,74.0,False
720,4.0,74.0,False
721,-3.0,74.0,True
722,1.0,74.0,True
723,0.0,74.0,False
724,5.0,74.0,True
725,1.0,74.0,False
726,3.0,74.0,True
727,3.0,74.0,False
728,1.0,74.0,True
729,10.0,74.0,True
730,1.0,74.0,True
731,-3.0,74.0,True
732,4.0,74.0,True
733,0.0,74.0,True
734,6.0,74.0,True
735,6.0,74.0,True
736,8.0,74.0,False
737,0.0,74.0,True
738,2.0,74.0,True
739,8.0,74.0,True
740,6.0,74.0,True
741,2.0,74.0,True
742,3.0,74.0,True
743,6.0,74.0,True
744,5.0,74.0,True
745,1.0,74.0,True
746,15.0,74.0,True
747,3.0,74.0,True
748,6.0,74.0,False
749,4.0,74.0,True
750,5.0,74.0,True
751,4.0,74.0,True
752,-5.0,74.0,True
753,16.0,74.0,True
754,13.0,74.0,False
755,-2.0,74.0,True
756,7.0,74.0,True
757,10.0,74.0,False
758,22.0,74.0,True
759,2.0,74.0,True
760,0.0,74.0,True
761,7.0,74.0,False
762,2.0,74.0,True
763,5.0,74.0,False
764,4.0,74.0,True
765,12.0,74.0,True
766,6.0,74.0,True
767,4.0,74.0,True
768,6.0,74.0,True
769,5.0,74.0,False
770,6.0,74.0,True
771,9.0,74.0,True
772,6.0,74.0,True
773,15.0,74.0,True
774,7.0,74.0,False
775,4.0,74.0,True
776,14.0,74.0,True
777,5.0,74.0,True
778,10.0,74.0,True
779,0.0,74.0,True
780,17.0,74.0,True
781,6.0,74.0,True
782,5.0,74.0,False
783,6.0,74.0,False
784,10.0,74.0,True
785,4.0,74.0,True
786,3.0,74.0,True
787,12.0,74.0,False
788,6.0,74.0,True
789,0.0,74.0,True
790,-3.0,74.0,True
791,-2.0,74.0,False
792,1.0,74.0,True
793,1.0,74.0,True
794,0.0,74.0,True
795,5.0,74.0,False
796,4.0,74.0,True
797,2.0,74.0,True
798,3.0,74.0,True
799,-1.0,74.0,True
800,1.0,74.0,True
801,2.0,74.0,True
802,20.0,74.0,False
803,0.0,74.0,True
804,5.0,74.0,True
805,1.0,74.0,True
806,4.0,74.0,True
807,12.0,74.0,True
808,3.0,74.0,True
809,5.0,74.0,True
810,0.0,74.0,True
811,1.0,74.0,True
812,1.0,74.0,False
813,-2.0,74.0,True
814,1.0,74.0,True
815,0.0,74.0,True
816,1.0,74.0,True
817,-1.0,74.0,True
818,0.0,74.0,True
819,-1.0,74.0,True
820,-3.0,74.0,True
821,-3.0,74.0,True
822,0.0,74.0,True
823,0.0,74.0,True
824,1.0,74.0,True
825,1.0,74.0,True
826,-4.0,74.0,True
827,0.0,74.0,True
828,0.0,74.0,True
829,0.0,74.0,True
830,1.0,74.0,True
831,-4.0,74.0,True
832,0.0,74.0,True
833,-2.0,74.0,False
834,-7.0,74.0,True
835,10.0,74.0,True
836,2.0,74.0,True
837,2.0,74.0,True
838,3.0,74.0,True
839,8.0,74.0,True
840,11.0,74.0,False
841,-6.0,74.0,True
842,0.0,74.0,True
843,3.0,74.0,True
844,1.0,74.0,True
845,0.0,74.0,True
846,3.0,74.0,True
847,2.0,74.0,True
848,5.0,74.0,True
849,-1.0,74.0,True
850,2.0,74.0,True
851,8.0,74.0,False
852,1.0,74.0,True
853,2.0,74.0,True
854,14.0,74.0,True
855,3.0,74.0,True
856,8.0,74.0,True
857,28.0,74.0,True
858,17.0,74.0,True
859,32.0,74.0,True
860,10.0,74.0,True
861,17.0,74.0,True
862,23.0,74.0,True
863,11.0,74.0,True
864,11.0,74.0,False
865,21.0,74.0,True
866,22.0,74.0,True
867,14.0,74.0,True
868,32.0,74.0,True
869,22.0,74.0,True
870,19.0,74.0,True
871,37.0,74.0,True
872,21.0,74.0,True
873,22.0,74.0,True
874,21.0,74.0,True
875,29.0,74.0,True
876,31.0,74.0,True
877,27.0,74.0,True
878,23.0,74.0,True
879,16.0,74.0,True
880,24.0,74.0,True
881,17.0,74.0,False
882,19.0,74.0,True
883,18.0,74.0,True
884,18.0,74.0,True
885,20.0,74.0,True
886,25.0,74.0,True
887,25.0,74.0,True
888,22.0,74.0,False
889,17.0,74.0,True
890,18.0,74.0,True
891,22.0,74.0,True
892,31.0,74.0,True
893,24.0,74.0,True
894,29.0,74.0,True
895,17.0,74.0,True
896,28.0,74.0,True
897,37.0,74.0,True
898,18.0,74.0,True
899,10.0,74.0,True
900,27.0,74.0,True
901,29.0,74.0,True
902,39.0,74.0,False
903,22.0,74.0,True
904,31.0,74.0,True
905,26.0,74.0,True
906,20.0,74.0,True
907,33.0,74.0,False
908,18.0,74.0,True
909,26.0,74.0,True
910,26.0,74.0,False
911,17.0,74.0,False
912,29.0,74.0,True
913,27.0,74.0,True
914,37.0,74.0,False
915,21.0,74.0,True
916,35.0,74.0,True
917,24.0,74.0,True
918,31.0,74.0,True
919,26.0,74.0,True
920,38.0,74.0,False
921,24.0,74.0,True
922,29.0,74.0,True
923,28.0,74.0,True
924,23.0,74.0,True
925,24.0,74.0,True
926,40.0,74.0,False
927,27.0,74.0,True
928,30.0,74.0,True
929,15.0,74.0,True
930,17.0,74.0,False
931,32.0,74.0,True
932,21.0,74.0,True
933,38.0,74.0,True
934,33.0,74.0,False
935,28.0,74.0,True
936,25.0,74.0,True
937,37.0,74.0,True
938,36.0,74.0,False
939,26.0,74.0,True
940,23.0,74.0,True
941,29.0,74.0,False
942,29.0,74.0,True
943,32.0,74.0,True
944,36.0,74.0,True
945,21.0,74.0,True
946,27.0,74.0,True
947,16.0,74.0,True
948,7.0,74.0,True
949,7.0,74.0,True
950,11.0,74.0,False
951,12.0,74.0,True
952,9.0,74.0,True
953,8.0,74.0,True
954,11.0,74.0,False
955,13.0,74.0,True
956,7.0,74.0,True
957,9.0,74.0,True
958,6.0,74.0,True
959,9.0,74.0,True
960,9.0,74.0,True
961,10.0,74.0,True
962,10.0,74.0,True
963,13.0,74.0,False
964,5.0,74.0,True
965,17.0,74.0,True
966,15.0,74.0,True
967,9.0,74.0,True
968,7.0,74.0,True
969,8.0,74.0,True
970,12.0,74.0,False
971,23.0,74.0,True
972,21.0,74.0,True
973,3.0,74.0,True
974,15.0,74.0,True
975,14.0,74.0,True
976,13.0,74.0,True
977,16.0,74.0,True
978,7.0,74.0,False
979,14.0,74.0,True
980,7.0,74.0,False
981,7.0,74.0,True
982,11.0,74.0,True
983,9.0,74.0,True
984,5.0,74.0,True
985,4.0,74.0,True
986,25.0,74.0,True
987,13.0,74.0,False
988,8.0,74.0,False
989,9.0,74.0,True
990,20.0,74.0,True
991,16.0,74.0,True
992,25.0,74.0,True
993,9.0,74.0,True
994,20.0,74.0,True
995,4.0,74.0,True
996,7.0,74.0,True
997,18.0,74.0,True
998,14.0,74.0,True
999,8.0,74.0,True
1000,14.0,74.0,True
1001,9.0,74.0,True
1002,17.0,74.0,False
1003,20.0,74.0,True
1004,13.0,74.0,True
1005,15.0,74.0,True
1006,17.0,74.0,True
1007,10.0,74.0,False
1008,15.0,74.0,True
1009,16.0,74.0,True
1010,13.0,74.0,True
1011,13.0,74.0,True
1012,17.0,74.0,False
1013,14.0,74.0,True
1014,13.0,74.0,True
1015,9.0,74.0,True
1016,19.0,74.0,True
1017,2.0,74.0,True
1018,6.0,74.0,True
1019,35.0,74.0,True
1020,18.0,74.0,True
1021,3.0,74.0,True
1022,-2.0,74.0,True
1023,13.0,74.0,True
1024,11.0,74.0,True
1025,-1.0,74.0,True
1026,7.0,74.0,True
1027,-2.0,74.0,True
1028,9.0,74.0,True
1029,15.0,74.0,True
1030,9.0,74.0,True
1031,21.0,74.0,False
1032,10.0,74.0,False
1033,11.0,74.0,False
1034,4.0,74.0,True
1035,14.0,74.0,True
1036,1.0,74.0,True
1037,3.0,74.0,True
1038,2.0,74.0,False
1039,4.0,74.0,True
1040,0.0,74.0,True
1041,4.0,74.0,True
1042,-2.0,74.0,True
1043,-1.0,74.0,True
1044,0.0,74.0,True
1045,5.0,74.0,True
1046,3.0,74.0,True
1047,3.0,74.0,True
1048,0.0,74.0,True
1049,7.0,74.0,True
1050,0.0,74.0,True
1051,0.0,74.0,False
1052,4.0,74.0,True
1053,3.0,74.0,True
1054,0.0,74.0,True
1055,3.0,74.0,True
1056,1.0,74.0,False
1057,1.0,74.0,True
1058,6.0,74.0,True
1059,2.0,74.0,True
1060,4.0,74.0,True
1061,6.0,74.0,True
1062,1.0,74.0,True
1063,0.0,74.0,True
1064,-2.0,74.0,True
1065,4.0,74.0,True
1066,0.0,74.0,True
1067,3.0,74.0,True
1068,6.0,74.0,True
1069,3.0,74.0,False
1070,8.0,74.0,True
1071,4.0,74.0,True
1072,3.0,74.0,True
1073,0.0,74.0,False
1074,3.0,74.0,True
1075,1.0,74.0,True
1076,2.0,74.0,True
1077,3.0,74.0,True
1078,5.0,74.0,True
1079,1.0,74.0,True
1080,3.0,74.0,False
1081,17.0,74.0,True
1082,37.0,74.0,True
1083,28.0,74.0,True
1084,26.0,74.0,True
1085,30.0,74.0,False
1086,23.0,74.0,True
1087,38.0,74.0,True
1088,31.0,74.0,True
1089,25.0,74.0,True
1090,28.0,74.0,True
1091,24.0,74.0,True
1092,20.0,74.0,True
1093,35.0,74.0,True
1094,37.0,74.0,True
1095,14.0,74.0,True
1096,19.0,74.0,True
1097,25.0,74.0,False
1098,34.0,74.0,True
1099,22.0,74.0,False
1100,25.0,74.0,True
1101,21.0,74.0,True
1102,33.0,74.0,True
1103,16.0,74.0,True
1104,27.0,74.0,False
1105,38.0,74.0,False
1106,30.0,74.0,True
1107,15.0,74.0,True
1108,34.0,74.0,True
1109,27.0,74.0,False
1110,28.0,74.0,True
1111,27.0,74.0,True
1112,20.0,74.0,False
1113,33.0,74.0,True
1114,34.0,74.0,False
1115,27.0,74.0,True
1116,18.0,74.0,False
1117,25.0,74.0,True
1118,19.0,74.0,True
1119,35.0,74.0,True
1120,31.0,74.0,True
1121,24.0,74.0,True
1122,15.0,74.0,True
1123,21.0,74.0,True
1124,12.0,74.0,True
1125,20.0,74.0,True
1126,24.0,74.0,False
1127,20.0,74.0,False
1128,29.0,74.0,False
1129,32.0,74.0,True
1130,18.0,74.0,True
1131,29.0,74.0,True
1132,24.0,74.0,True
1133,18.0,74.0,True
1134,21.0,74.0,False
1135,20.0,74.0,True
1136,21.0,74.0,True
1137,39.0,74.0,True
1138,13.0,74.0,True
1139,19.0,74.0,False
1140,22.0,74.0,True
1141,26.0,74.0,True
1142,5.0,74.0,True
1143,1.0,74.0,True
1144,-1.0,74.0,False
1145,13.0,74.0,True
1146,37.0,74.0,False
1147,8.0,74.0,False
1148,17.0,74.0,False
1149,18.0,74.0,True
1150,25.0,74.0,False
1151,11.0,74.0,False
1152,12.0,74.0,True
1153,19.0,74.0,True
1154,20.0,74.0,True
1155,15.0,74.0,True
1156,16.0,74.0,False
1157,9.0,74.0,True
1158,19.0,74.0,False
1159,20.0,74.0,True
1160,12.0,74.0,False
1161,17.0,74.0,False
1162,6.0,74.0,True
1163,8.0,74.0,True
1164,11.0,74.0,False
1165,10.0,74.0,True
1166,14.0,74.0,True
1167,11.0,74.0,True
1168,10.0,74.0,True
1169,16.0,74.0,True
1170,15.0,74.0,True
1171,17.0,74.0,True
1172,13.0,74.0,True
1173,7.0,74.0,True
1174,1.0,74.0,False
1175,24.0,74.0,True
1176,11.0,74.0,False
1177,17.0,74.0,False
1178,6.0,74.0,True
1179,10.0,74.0,True
1180,4.0,74.0,True
1181,2.0,74.0,False
1182,38.0,74.0,True
1183,7.0,74.0,False
1184,32.0,74.0,True
1185,8.0,74.0,False
1186,19.0,74.0,True
1187,17.0,74.0,True
1188,11.0,74.0,True
1189,17.0,74.0,False
1190,5.0,74.0,False
1191,13.0,74.0,False
1192,3.0,74.0,True
1193,7.0,74.0,True
1194,3.0,74.0,True
1195,0.0,74.0,True
1196,1.0,74.0,False
1197,7.0,74.0,False
1198,8.0,74.0,True
1199,12.0,74.0,True
1200,24.0,74.0,True
1201,1.0,74.0,False
1202,19.0,74.0,False
1203,24.0,74.0,True
1204,-6.0,74.0,True
1205,7.0,74.0,True
1206,32.0,74.0,True
1207,58.0,74.0,True
1208,73.0,74.0,True
1209,60.0,74.0,False
1210,54.0,74.0,True
1211,27.0,74.0,True
1212,66.0,74.0,True
1213,47.0,74.0,False
1214,58.0,74.0,False
1215,47.0,74.0,False
1216,57.0,74.0,True
1217,68.0,74.0,False
1218,52.0,74.0,False
1219,52.0,74.0,False
1220,64.0,74.0,True
1221,45.0,74.0,True
1222,66.0,74.0,False
1223,24.0,74.0,False
1224,46.0,74.0,False
1225,53.0,74.0,True
1226,61.0,74.0,True
1227,31.0,74.0,False
1228,61.0,74.0,True
1229,53.0,74.0,False
1230,50.0,74.0,True
1231,57.0,74.0,True
1232,17.0,74.0,False
1233,43.0,74.0,True
1234,64.0,74.0,False
1235,63.0,74.0,False
1236,69.0,74.0,True
1237,64.0,74.0,True
1238,58.0,74.0,True
1239,68.0,74.0,True
1240,64.0,74.0,True
1241,66.0,74.0,True
1242,54.0,74.0,False
1243,54.0,74.0,False
1244,52.0,74.0,True
1245,62.0,74.0,False
1246,68.0,74.0,False
1247,68.0,74.0,True
1248,62.0,74.0,True
1249,54.0,74.0,True
1250,66.0,74.0,True
1251,68.0,74.0,False
1252,62.0,74.0,False
1253,73.0,74.0,False
1254,62.0,74.0,False
1255,70.0,74.0,True
1256,75.0,75.0,True
1257,68.0,75.0,True
1258,63.0,75.0,True
1259,63.0,75.0,True
1260,68.0,75.0,False
1261,59.0,75.0,False
1262,58.0,75.0,True
1263,66.0,75.0,False
1264,70.0,75.0,False
1265,70.0,75.0,True
1266,54.0,75.0,True
1267,58.0,75.0,True
1268,76.0,76.0,True
1269,60.0,76.0,False
1270,56.0,76.0,True
1271,56.0,76.0,False
1272,68.0,76.0,False
1273,63.0,76.0,True
1274,70.0,76.0,False
1275,58.0,76.0,True
1276,60.0,76.0,True
1277,71.0,76.0,True
1278,55.0,76.0,True
1279,51.0,76.0,False
1280,66.0,76.0,True
1281,65.0,76.0,True
1282,71.0,76.0,True
1283,59.0,76.0,True
1284,56.0,76.0,True
1285,62.0,76.0,True
1286,66.0,76.0,True
1287,41.0,76.0,True
1288,53.0,76.0,False
1289,55.0,76.0,True
1290,59.0,76.0,True
1291,64.0,76.0,True
1292,60.0,76.0,False
1293,60.0,76.0,True
1294,58.0,76.0,True
1295,59.0,76.0,True
1296,66.0,76.0,True
1297,72.0,76.0,True
1298,70.0,76.0,True
1299,56.0,76.0,True
1300,53.0,76.0,False
1301,11.0,76.0,False
1302,66.0,76.0,False
1303,47.0,76.0,False
1304,64.0,76.0,True
1305,52.0,76.0,False
1306,51.0,76.0,False
1307,67.0,76.0,True
1308,62.0,76.0,False
1309,52.0,76.0,False
1310,54.0,76.0,False
1311,68.0,76.0,True
1312,44.0,76.0,True
1313,66.0,76.0,True
1314,53.0,76.0,False
1315,57.0,76.0,True
1316,88.0,88.0,True
1317,53.0,88.0,True
1318,59.0,88.0,True
1319,69.0,88.0,True
1320,53.0,88.0,True
1321,70.0,88.0,False
1322,49.0,88.0,True
1323,57.0,88.0,True
1324,57.0,88.0,True
1325,7.0,88.0,False
1326,44.0,88.0,False
1327,39.0,88.0,False
1328,59.0,88.0,True
1329,46.0,88.0,True
1330,53.0,88.0,True
1331,50.0,88.0,True
1332,53.0,88.0,False
1333,71.0,88.0,True
1334,45.0,88.0,True
1335,54.0,88.0,True
1336,54.0,88.0,False
1337,66.0,88.0,True
1338,72.0,88.0,True
1339,68.0,88.0,False
1340,35.0,88.0,True
1341,57.0,88.0,False
1342,57.0,88.0,False
1343,60.0,88.0,False
1344,67.0,88.0,False
1345,72.0,88.0,True
1346,75.0,88.0,False
1347,68.0,88.0,True
1348,59.0,88.0,True
1349,72.0,88.0,True
1350,72.0,88.0,True
1351,56.0,88.0,True
1352,71.0,88.0,True
1353,56.0,88.0,True
1354,54.0,88.0,True
1355,57.0,88.0,True
1356,74.0,88.0,False
1357,66.0,88.0,True
1358,62.0,88.0,True
1359,58.0,88.0,False
1360,54.0,88.0,False
1361,71.0,88.0,True
1362,69.0,88.0,False
1363,64.0,88.0,True
1364,66.0,88.0,True
1365,62.0,88.0,True
1366,51.0,88.0,True
1367,60.0,88.0,False
1368,69.0,88.0,True
1369,68.0,88.0,True
1370,68.0,88.0,True
1371,62.0,88.0,True
1372,54.0,88.0,True
1373,15.0,88.0,False
1374,73.0,88.0,True
1375,60.0,88.0,True
1376,66.0,88.0,True
1377,62.0,88.0,False
1378,60.0,88.0,False
1379,57.0,88.0,True
1380,51.0,88.0,True
1381,64.0,88.0,True
1382,68.0,88.0,True
1383,70.0,88.0,True
1384,60.0,88.0,False
1385,60.0,88.0,False
1386,49.0,88.0,False
1387,66.0,88.0,True
1388,62.0,88.0,True
1389,62.0,88.0,True
1390,67.0,88.0,True
1391,63.0,88.0,True
1392,55.0,88.0,False
1393,70.0,88.0,True
1394,48.0,88.0,False
1395,66.0,88.0,True
1396,61.0,88.0,True
1397,65.0,88.0,True
1398,63.0,88.0,True
1399,64.0,88.0,True
1400,57.0,88.0,True
1401,52.0,88.0,False
1402,56.0,88.0,False
1403,60.0,88.0,True
1404,66.0,88.0,False
1405,55.0,88.0,True
1406,53.0,88.0,False
1407,70.0,88.0,True
1408,71.0,88.0,True
1409,77.0,88.0,False
1410,73.0,88.0,True
1411,49.0,88.0,True
1412,60.0,88.0,True
1413,82.0,88.0,True
1414,50.0,88.0,True
1415,64.0,88.0,False
1416,61.0,88.0,True
1417,65.0,88.0,True
1418,41.0,88.0,True
1419,86.0,88.0,True
1420,39.0,88.0,True
1421,64.0,88.0,False
1422,51.0,88.0,False
1423,54.0,88.0,False
1424,55.0,88.0,False
1425,69.0,88.0,True
1426,65.0,88.0,True
1427,48.0,88.0,True
1428,53.0,88.0,True
1429,57.0,88.0,True
1430,75.0,88.0,False
1431,44.0,88.0,False
1432,56.0,88.0,True
1433,58.0,88.0,True
1434,63.0,88.0,False
1435,52.0,88.0,False
1436,57.0,88.0,True
1437,68.0,88.0,True
1438,75.0,88.0,False
1439,55.0,88.0,False
1440,67.0,88.0,True
1441,80.0,88.0,False
1442,69.0,88.0,False
1443,70.0,88.0,True
1444,65.0,88.0,False
1445,72.0,88.0,True
1446,55.0,88.0,True
1447,70.0,88.0,True
1448,62.0,88.0,True
1449,61.0,88.0,False
1450,66.0,88.0,True
1451,67.0,88.0,True
1452,25.0,88.0,False
1453,77.0,88.0,False
1454,66.0,88.0,True
1455,56.0,88.0,True
1456,74.0,88.0,False
1457,58.0,88.0,True
1458,73.0,88.0,True
1459,78.0,88.0,False
1460,66.0,88.0,True
1461,59.0,88.0,False
1462,43.0,88.0,False
1463,47.0,88.0,True
1464,44.0,88.0,False
1465,69.0,88.0,True
1466,49.0,88.0,True
1467,61.0,88.0,True
1468,24.0,88.0,False
1469,69.0,88.0,True
1470,62.0,88.0,False
1471,75.0,88.0,False
1472,70.0,88.0,True
1473,53.0,88.0,True
1474,70.0,88.0,True
1475,68.0,88.0,True
1476,75.0,88.0,True
1477,55.0,88.0,True
1478,67.0,88.0,True
1479,68.0,88.0,True
1480,69.0,88.0,True
1481,62.0,88.0,True
1482,70.0,88.0,False
1483,64.0,88.0,True
1484,68.0,88.0,False
1485,64.0,88.0,False
1486,71.0,88.0,True
1487,79.0,88.0,True
1488,74.0,88.0,False
1489,55.0,88.0,True
1490,64.0,88.0,False
1491,73.0,88.0,True
1492,76.0,88.0,True
1493,76.0,88.0,True
1494,69.0,88.0,True
1495,71.0,88.0,True
1496,62.0,88.0,False
1497,68.0,88.0,True
1498,66.0,88.0,True
1499,71.0,88.0,True
1500,76.0,88.0,True
1501,73.0,88.0,True
1502,64.0,88.0,True
1503,66.0,88.0,True
1504,60.0,88.0,False
1505,77.0,88.0,False
1506,64.0,88.0,False
1507,68.0,88.0,True
1508,72.0,88.0,True
1509,60.0,88.0,False
1510,65.0,88.0,True
1511,59.0,88.0,False
1512,74.0,88.0,True
1513,68.0,88.0,True
1514,78.0,88.0,True
1515,77.0,88.0,True
1516,60.0,88.0,False
1517,66.0,88.0,True
1518,65.0,88.0,True
1519,61.0,88.0,True
1520,65.0,88.0,True
1521,60.0,88.0,False
1522,64.0,88.0,False
1523,73.0,88.0,True
1524,70.0,88.0,True
1525,64.0,88.0,True
1526,75.0,88.0,False
1527,72.0,88.0,True
1528,70.0,88.0,True
1529,46.0,88.0,True
1530,62.0,88.0,True
1531,73.0,88.0,True
1532,76.0,88.0,False
1533,50.0,88.0,False
1534,70.0,88.0,True
1535,46.0,88.0,False
1536,41.0,88.0,False
1537,77.0,88.0,False
1538,67.0,88.0,True
1539,64.0,88.0,True
1540,82.0,88.0,False
1541,67.0,88.0,False
1542,66.0,88.0,True
1543,78.0,88.0,True
1544,46.0,88.0,True
1545,67.0,88.0,False
1546,70.0,88.0,True
1547,67.0,88.0,True
1548,65.0,88.0,False
1549,78.0,88.0,True
1550,74.0,88.0,True
1551,69.0,88.0,True
1552,64.0,88.0,False
1553,60.0,88.0,False
1554,78.0,88.0,True
1555,70.0,88.0,True
1556,74.0,88.0,True
1557,66.0,88.0,True
1558,74.0,88.0,True
1559,59.0,88.0,True
1560,63.0,88.0,False
1561,73.0,88.0,True
1562,75.0,88.0,True
1563,68.0,88.0,True
1564,72.0,88.0,True
1565,60.0,88.0,True
1566,66.0,88.0,False
1567,71.0,88.0,True
1568,69.0,88.0,True
1569,46.0,88.0,False
1570,64.0,88.0,True
1571,56.0,88.0,True
1572,75.0,88.0,True
1573,82.0,88.0,False
1574,70.0,88.0,True
1575,62.0,88.0,False
1576,64.0,88.0,False
1577,66.0,88.0,False
1578,65.0,88.0,True
1579,70.0,88.0,True
1580,68.0,88.0,True
1581,65.0,88.0,True
1582,71.0,88.0,True
1583,63.0,88.0,False
1584,69.0,88.0,False
1585,57.0,88.0,False
1586,64.0,88.0,True
1587,51.0,88.0,True
1588,63.0,88.0,False
1589,64.0,88.0,True
1590,57.0,88.0,True
1591,67.0,88.0,True
1592,64.0,88.0,True
1593,64.0,88.0,True
1594,71.0,88.0,False
1595,67.0,88.0,True
1596,71.0,88.0,False
1597,57.0,88.0,True
1598,59.0,88.0,True
1599,65.0,88.0,False
1600,56.0,88.0,False
1601,79.0,88.0,True
1602,73.0,88.0,True
1603,71.0,88.0,True
1604,68.0,88.0,True
1605,61.0,88.0,True
1606,62.0,88.0,True
1607,59.0,88.0,False
1608,55.0,88.0,True
1609,66.0,88.0,True
1610,57.0,88.0,True
1611,71.0,88.0,True
1612,62.0,88.0,False
1613,47.0,88.0,False
1614,71.0,88.0,False
1615,70.0,88.0,False
1616,70.0,88.0,True
1617,66.0,88.0,True
1618,62.0,88.0,False
1619,79.0,88.0,True
1620,72.0,88.0,True
1621,63.0,88.0,True
1622,69.0,88.0,False
1623,62.0,88.0,True
1624,69.0,88.0,False
1625,64.0,88.0,True
1626,75.0,88.0,False
1627,61.0,88.0,True
1628,71.0,88.0,False
1629,64.0,88.0,True
1630,60.0,88.0,True
1631,34.0,88.0,False
1632,51.0,88.0,True
1633,50.0,88.0,False
1634,65.0,88.0,False
1635,59.0,88.0,False
1636,59.0,88.0,True
1637,62.0,88.0,True
1638,57.0,88.0,True
1639,65.0,88.0,True
1640,65.0,88.0,True
1641,77.0,88.0,True
1642,67.0,88.0,True
1643,74.0,88.0,False
1644,53.0,88.0,True
1645,66.0,88.0,True
1646,71.0,88.0,False
1647,66.0,88.0,True
1648,69.0,88.0,False
1649,72.0,88.0,True
1650,62.0,88.0,True
1651,63.0,88.0,True
1652,66.0,88.0,False
1653,63.0,88.0,True
1654,47.0,88.0,False
1655,75.0,88.0,False
1656,70.0,88.0,True
1657,78.0,88.0,False
1658,71.0,88.0,False
1659,79.0,88.0,True
1660,63.0,88.0,True
1661,65.0,88.0,False
1662,61.0,88.0,True
1663,67.0,88.0,True
1664,64.0,88.0,True
1665,70.0,88.0,False
1666,54.0,88.0,True
1667,68.0,88.0,False
1668,69.0,88.0,False
1669,31.0,88.0,False
1670,52.0,88.0,True
1671,59.0,88.0,True
1672,74.0,88.0,False
1673,65.0,88.0,False
1674,50.0,88.0,False
1675,64.0,88.0,False
1676,77.0,88.0,True
1677,71.0,88.0,False
1678,23.0,88.0,False
1679,64.0,88.0,False
1680,77.0,88.0,True
1681,76.0,88.0,False
1682,69.0,88.0,False
1683,53.0,88.0,False
1684,60.0,88.0,False
1685,64.0,88.0,False
1686,68.0,88.0,False
1687,78.0,88.0,True
1688,72.0,88.0,False
1689,61.0,88.0,False
1690,78.0,88.0,True
1691,72.0,88.0,False
1692,65.0,88.0,False
1693,74.0,88.0,False
1694,69.0,88.0,False
1695,65.0,88.0,True
1696,63.0,88.0,True
1697,60.0,88.0,False
1698,54.0,88.0,True
1699,64.0,88.0,True
1700,63.0,88.0,False
1701,61.0,88.0,True
1702,65.0,88.0,True
1703,64.0,88.0,False
1704,69.0,88.0,False
1705,58.0,88.0,False
1706,64.0,88.0,True
1707,76.0,88.0,True
1708,67.0,88.0,True
1709,63.0,88.0,False
1710,44.0,88.0,True
1711,48.0,88.0,True
1712,58.0,88.0,True
1713,67.0,88.0,True
1714,74.0,88.0,True
1715,70.0,88.0,True
1716,64.0,88.0,True
1717,50.0,88.0,True
1718,61.0,88.0,True
1719,66.0,88.0,False
1720,62.0,88.0,True
1721,48.0,88.0,True
1722,66.0,88.0,False
1723,72.0,88.0,True
1724,64.0,88.0,True
1725,37.0,88.0,False
1726,42.0,88.0,True
1727,60.0,88.0,False
1728,60.0,88.0,True
1729,77.0,88.0,False
1730,67.0,88.0,True
1731,75.0,88.0,True
1732,76.0,88.0,True
1733,74.0,88.0,True
1734,-10.0,88.0,False
1735,61.0,88.0,True
1736,63.0,88.0,False
1737,61.0,88.0,True
1738,61.0,88.0,True
1739,71.0,88.0,True
1740,51.0,88.0,False
1741,62.0,88.0,False
1742,66.0,88.0,True
1743,70.0,88.0,True
1744,62.0,88.0,False
1745,70.0,88.0,True
1746,69.0,88.0,False
1747,62.0,88.0,True
1748,60.0,88.0,False
1749,59.0,88.0,False
1750,75.0,88.0,True
1751,66.0,88.0,True
1752,61.0,88.0,True
1753,48.0,88.0,False
1754,74.0,88.0,True
1755,63.0,88.0,True
1756,82.0,88.0,False
1757,69.0,88.0,False
1758,61.0,88.0,True
1759,72.0,88.0,False
1760,53.0,88.0,True
1761,67.0,88.0,True
1762,73.0,88.0,True
1763,53.0,88.0,False
1764,57.0,88.0,True
1765,58.0,88.0,False
1766,66.0,88.0,True
1767,73.0,88.0,False
1768,65.0,88.0,True
1769,63.0,88.0,True
1770,72.0,88.0,True
1771,70.0,88.0,False
1772,60.0,88.0,False
1773,71.0,88.0,True
1774,38.0,88.0,False
1775,82.0,88.0,False
1776,58.0,88.0,True
1777,71.0,88.0,False
1778,75.0,88.0,False
1779,52.0,88.0,True
1780,69.0,88.0,True
1781,66.0,88.0,True
1782,48.0,88.0,False
1783,71.0,88.0,True
1784,71.0,88.0,True
1785,73.0,88.0,True
1786,63.0,88.0,False
1787,68.0,88.0,True
1788,42.0,88.0,False
1789,60.0,88.0,True
1790,63.0,88.0,False
1791,60.0,88.0,True
1792,83.0,88.0,True
1793,73.0,88.0,False
1794,70.0,88.0,False
1795,70.0,88.0,True
1796,79.0,88.0,False
1797,65.0,88.0,True
1798,70.0,88.0,True
1799,64.0,88.0,False
1800,71.0,88.0,False
1801,56.0,88.0,False
1802,65.0,88.0,True
1803,62.0,88.0,False
1804,66.0,88.0,True
1805,65.0,88.0,True
1806,62.0,88.0,False
1807,60.0,88.0,True
1808,59.0,88.0,True
1809,70.0,88.0,True
1810,56.0,88.0,False
1811,73.0,88.0,True
1812,70.0,88.0,True
1813,48.0,88.0,True
1814,59.0,88.0,True
1815,50.0,88.0,True
1816,64.0,88.0,True
1817,75.0,88.0,True
1818,65.0,88.0,False
1819,47.0,88.0,True
1820,42.0,88.0,False
1821,82.0,88.0,True
1822,44.0,88.0,True
1823,54.0,88.0,True
1824,40.0,88.0,False
1825,62.0,88.0,True
1826,66.0,88.0,True
1827,51.0,88.0,False
1828,72.0,88.0,False
1829,69.0,88.0,True
1830,69.0,88.0,True
1831,69.0,88.0,False
1832,68.0,88.0,True
1833,62.0,88.0,True
1834,58.0,88.0,False
1835,63.0,88.0,True
1836,74.0,88.0,False
1837,54.0,88.0,False
1838,68.0,88.0,False
1839,63.0,88.0,False
1840,50.0,88.0,False
1841,27.0,88.0,False
1842,51.0,88.0,True
1843,76.0,88.0,True
1844,61.0,88.0,True
1845,67.0,88.0,True
1846,74.0,88.0,True
1847,59.0,88.0,False
1848,61.0,88.0,True
1849,78.0,88.0,True
1850,50.0,88.0,True
1851,58.0,88.0,False
1852,43.0,88.0,False
1853,30.0,88.0,False
1854,51.0,88.0,True
1855,59.0,88.0,True
1856,49.0,88.0,False
1857,63.0,88.0,True
1858,32.0,88.0,True
1859,72.0,88.0,True
1860,61.0,88.0,True
1861,46.0,88.0,True
1862,56.0,88.0,True
1863,60.0,88.0,True
1864,69.0,88.0,False
1865,74.0,88.0,True
1866,53.0,88.0,True
1867,75.0,88.0,True
1868,75.0,88.0,False
1869,75.0,88.0,False
1870,45.0,88.0,False
1871,56.0,88.0,False
1872,47.0,88.0,True
1873,68.0,88.0,True
1874,48.0,88.0,False
1875,65.0,88.0,False
1876,73.0,88.0,True
1877,63.0,88.0,True
1878,58.0,88.0,True
1879,65.0,88.0,True
1880,46.0,88.0,True
1881,63.0,88.0,True
1882,71.0,88.0,True
1883,63.0,88.0,False
1884,69.0,88.0,True
1885,60.0,88.0,False
1886,70.0,88.0,True
1887,61.0,88.0,True
1888,66.0,88.0,False
1889,73.0,88.0,True
1890,25.0,88.0,False
1891,67.0,88.0,True
1892,49.0,88.0,True
1893,72.0,88.0,True
1894,56.0,88.0,False
1895,65.0,88.0,True
1896,51.0,88.0,True
1897,69.0,88.0,True
1898,76.0,88.0,True
1899,50.0,88.0,False
1900,60.0,88.0,True
1901,78.0,88.0,True
1902,64.0,88.0,True
1903,63.0,88.0,True
1904,59.0,88.0,True
1905,65.0,88.0,True
1906,60.0,88.0,False
1907,70.0,88.0,False
1908,54.0,88.0,False
1909,69.0,88.0,False
1910,70.0,88.0,False
1911,24.0,88.0,True
1912,76.0,88.0,True
1913,50.0,88.0,False
1914,63.0,88.0,False
1915,72.0,88.0,True
1916,82.0,88.0,True
1917,61.0,88.0,False
1918,62.0,88.0,True
1919,66.0,88.0,True
1920,73.0,88.0,True
1921,50.0,88.0,True
1922,72.0,88.0,True
1923,40.0,88.0,False
1924,70.0,88.0,True
1925,72.0,88.0,True
1926,48.0,88.0,True
1927,66.0,88.0,False
1928,55.0,88.0,False
1929,73.0,88.0,False
1930,70.0,88.0,False
1931,61.0,88.0,False
1932,39.0,88.0,True
1933,58.0,88.0,False
1934,5.0,88.0,False
1935,70.0,88.0,True
1936,71.0,88.0,True
1937,70.0,88.0,True
1938,56.0,88.0,True
1939,54.0,88.0,True
1940,10.0,88.0,False
1941,65.0,88.0,False
1942,49.0,88.0,True
1943,45.0,88.0,False
1944,57.0,88.0,True
1945,57.0,88.0,True
1946,73.0,88.0,False
1947,53.0,88.0,True
1948,59.0,88.0,True
1949,66.0,88.0,True
1950,32.0,88.0,False
1951,77.0,88.0,False
1952,70.0,88.0,True
1953,61.0,88.0,True
1954,54.0,88.0,True
1955,70.0,88.0,False
1956,41.0,88.0,False
1957,53.0,88.0,False
1958,57.0,88.0,False
1959,43.0,88.0,True
1960,53.0,88.0,False
1961,74.0,88.0,True
1962,60.0,88.0,True
1963,62.0,88.0,True
1964,63.0,88.0,False
1965,63.0,88.0,True
1966,20.0,88.0,False
1967,70.0,88.0,True
1968,61.0,88.0,True
1969,62.0,88.0,True
1970,70.0,88.0,True
1971,72.0,88.0,True
1972,77.0,88.0,False
1973,68.0,88.0,True
1974,77.0,88.0,False
1975,64.0,88.0,False
1976,71.0,88.0,False
1977,76.0,88.0,True
1978,75.0,88.0,True
1979,58.0,88.0,True
1980,68.0,88.0,False
1981,46.0,88.0,False
1982,72.0,88.0,True
1983,67.0,88.0,True
1984,53.0,88.0,True
1985,65.0,88.0,True
1986,74.0,88.0,True
1987,59.0,88.0,True
1988,53.0,88.0,True
1989,70.0,88.0,True
1990,78.0,88.0,True
1991,74.0,88.0,False
1992,61.0,88.0,False
1993,52.0,88.0,True
1994,76.0,88.0,True
1995,64.0,88.0,True
1996,60.0,88.0,True
1997,39.0,88.0,True
1998,78.0,88.0,True
1999,55.0,88.0,True
2000,68.0,88.0,True
2001,59.0,88.0,False
2002,64.0,88.0,False
2003,78.0,88.0,False
2004,52.0,88.0,True
2005,61.0,88.0,False
2006,48.0,88.0,False
2007,73.0,88.0,False
2008,72.0,88.0,True
2009,70.0,88.0,True
2010,56.0,88.0,True
2011,79.0,88.0,True
2012,65.0,88.0,True
2013,74.0,88.0,True
2014,70.0,88.0,False
2015,68.0,88.0,False
2016,67.0,88.0,False
2017,72.0,88.0,True
2018,60.0,88.0,False
2019,59.0,88.0,False
2020,62.0,88.0,True
2021,60.0,88.0,True
2022,70.0,88.0,False
2023,69.0,88.0,True
2024,61.0,88.0,True
2025,73.0,88.0,False
2026,64.0,88.0,False
2027,72.0,88.0,True
2028,76.0,88.0,True
2029,77.0,88.0,True
2030,76.0,88.0,True
2031,75.0,88.0,True
2032,68.0,88.0,True
2033,73.0,88.0,True
2034,75.0,88.0,True
2035,77.0,88.0,False
2036,55.0,88.0,True
2037,67.0,88.0,True
2038,56.0,88.0,False
2039,78.0,88.0,False
2040,79.0,88.0,False
2041,65.0,88.0,True
2042,68.0,88.0,True
2043,73.0,88.0,True
2044,58.0,88.0,True
2045,59.0,88.0,True
2046,61.0,88.0,True
2047,61.0,88.0,True
2048,65.0,88.0,True
2049,79.0,88.0,True
2050,70.0,88.0,True
2051,76.0,88.0,True
2052,35.0,88.0,False
2053,72.0,88.0,True
2054,71.0,88.0,True
2055,64.0,88.0,False
2056,65.0,88.0,False
2057,56.0,88.0,True
2058,62.0,88.0,True
2059,63.0,88.0,True
2060,49.0,88.0,True
2061,75.0,88.0,False
2062,70.0,88.0,True
2063,51.0,88.0,True
2064,49.0,88.0,True
2065,62.0,88.0,True
2066,36.0,88.0,False
2067,79.0,88.0,False
2068,61.0,88.0,False
2069,66.0,88.0,True
2070,44.0,88.0,False
2071,59.0,88.0,True
2072,73.0,88.0,False
2073,77.0,88.0,True
2074,71.0,88.0,True
2075,56.0,88.0,True
2076,65.0,88.0,True
2077,63.0,88.0,True
2078,49.0,88.0,True
2079,47.0,88.0,False
2080,72.0,88.0,True
2081,53.0,88.0,True
2082,75.0,88.0,False
2083,57.0,88.0,False
2084,58.0,88.0,False
2085,65.0,88.0,True
2086,49.0,88.0,False
2087,58.0,88.0,True
2088,56.0,88.0,True
2089,66.0,88.0,True
2090,57.0,88.0,True
2091,74.0,88.0,False
2092,54.0,88.0,True
2093,64.0,88.0,True
2094,64.0,88.0,True
2095,53.0,88.0,True
2096,72.0,88.0,True
2097,56.0,88.0,False
2098,51.0,88.0,True
2099,45.0,88.0,True
2100,57.0,88.0,True
2101,65.0,88.0,True
2102,68.0,88.0,True
2103,47.0,88.0,True
2104,65.0,88.0,True
2105,34.0,88.0,True
2106,63.0,88.0,False
2107,51.0,88.0,True
2108,60.0,88.0,True
2109,67.0,88.0,True
2110,75.0,88.0,True
2111,58.0,88.0,False
2112,54.0,88.0,False
2113,58.0,88.0,True
2114,71.0,88.0,True
2115,70.0,88.0,False
2116,63.0,88.0,True
2117,61.0,88.0,True
2118,62.0,88.0,False
2119,56.0,88.0,False
2120,60.0,88.0,True
2121,47.0,88.0,False
2122,80.0,88.0,True
2123,72.0,88.0,True
2124,37.0,88.0,True
2125,67.0,88.0,True
2126,41.0,88.0,False
2127,62.0,88.0,True
2128,53.0,88.0,True
2129,63.0,88.0,True
2130,65.0,88.0,True
2131,49.0,88.0,False
2132,75.0,88.0,True
2133,56.0,88.0,True
2134,68.0,88.0,False
2135,45.0,88.0,False
2136,64.0,88.0,True
2137,54.0,88.0,False
2138,68.0,88.0,True
2139,45.0,88.0,True
2140,76.0,88.0,False
2141,48.0,88.0,False
2142,66.0,88.0,True
2143,44.0,88.0,True
2144,54.0,88.0,False
2145,62.0,88.0,False
2146,78.0,88.0,True
2147,72.0,88.0,False
2148,68.0,88.0,True
2149,69.0,88.0,True
2150,55.0,88.0,True
2151,68.0,88.0,False
2152,57.0,88.0,True
2153,53.0,88.0,False
2154,63.0,88.0,True
2155,71.0,88.0,True
2156,70.0,88.0,False
2157,72.0,88.0,False
2158,60.0,88.0,False
2159,64.0,88.0,False
2160,74.0,88.0,False
2161,74.0,88.0,True
2162,74.0,88.0,True
2163,46.0,88.0,True
2164,74.0,88.0,True
2165,65.0,88.0,True
2166,60.0,88.0,True
2167,52.0,88.0,False
2168,67.0,88.0,False
2169,76.0,88.0,True
2170,66.0,88.0,True
2171,77.0,88.0,True
2172,70.0,88.0,True
2173,53.0,88.0,True
2174,76.0,88.0,True
2175,56.0,88.0,True
2176,70.0,88.0,True
2177,69.0,88.0,True
2178,55.0,88.0,True
2179,66.0,88.0,True
2180,70.0,88.0,False
2181,42.0,88.0,False
2182,47.0,88.0,True
2183,67.0,88.0,False
2184,10.0,88.0,False
2185,67.0,88.0,True
2186,66.0,88.0,False
2187,47.0,88.0,True
2188,66.0,88.0,True
2189,65.0,88.0,True
2190,75.0,88.0,True
2191,64.0,88.0,True
2192,63.0,88.0,False
2193,65.0,88.0,True
2194,71.0,88.0,True
2195,16.0,88.0,False
2196,57.0,88.0,True
2197,54.0,88.0,False
2198,75.0,88.0,True
2199,72.0,88.0,True
2200,61.0,88.0,True
2201,60.0,88.0,False
2202,64.0,88.0,False
2203,54.0,88.0,True
2204,51.0,88.0,True
2205,46.0,88.0,True
2206,38.0,88.0,False
2207,64.0,88.0,True
2208,56.0,88.0,False
2209,-1.0,88.0,True
2210,6.0,88.0,True
2211,28.0,88.0,True
2212,46.0,88.0,True
2213,63.0,88.0,True
2214,69.0,88.0,True
2215,58.0,88.0,True
2216,61.0,88.0,True
2217,73.0,88.0,False
2218,50.0,88.0,True
2219,60.0,88.0,True
2220,58.0,88.0,True
2221,66.0,88.0,True
2222,52.0,88.0,True
2223,67.0,88.0,True
2224,57.0,88.0,True
2225,63.0,88.0,True
2226,66.0,88.0,True
2227,55.0,88.0,True
2228,67.0,88.0,True
2229,70.0,88.0,False
2230,55.0,88.0,False
2231,57.0,88.0,True
2232,62.0,88.0,True
2233,72.0,88.0,False
2234,75.0,88.0,False
2235,72.0,88.0,False
2236,69.0,88.0,True
2237,66.0,88.0,True
2238,64.0,88.0,True
2239,59.0,88.0,False
2240,49.0,88.0,True
2241,43.0,88.0,False
2242,56.0,88.0,False
2243,49.0,88.0,False
2244,63.0,88.0,True
2245,26.0,88.0,False
2246,72.0,88.0,True
2247,58.0,88.0,False
2248,61.0,88.0,True
2249,58.0,88.0,True
2250,63.0,88.0,True
2251,72.0,88.0,False
2252,63.0,88.0,True
2253,70.0,88.0,False
2254,51.0,88.0,True
2255,61.0,88.0,True
2256,67.0,88.0,False
2257,54.0,88.0,True
2258,74.0,88.0,True
2259,67.0,88.0,False
2260,72.0,88.0,True
2261,67.0,88.0,True
2262,51.0,88.0,False
2263,63.0,88.0,True
2264,61.0,88.0,True
2265,56.0,88.0,True
2266,47.0,88.0,False
2267,72.0,88.0,True
2268,56.0,88.0,True
2269,54.0,88.0,False
2270,80.0,88.0,False
2271,49.0,88.0,False
2272,60.0,88.0,True
2273,65.0,88.0,True
2274,26.0,88.0,False
2275,51.0,88.0,True
2276,63.0,88.0,True
2277,53.0,88.0,True
2278,66.0,88.0,True
2279,63.0,88.0,True
2280,57.0,88.0,True
2281,53.0,88.0,False
2282,65.0,88.0,False
2283,70.0,88.0,True
2284,39.0,88.0,False
2285,54.0,88.0,True
2286,63.0,88.0,True
2287,50.0,88.0,False
2288,53.0,88.0,False
2289,52.0,88.0,False
2290,64.0,88.0,True
2291,76.0,88.0,True
2292,63.0,88.0,True
2293,49.0,88.0,True
2294,36.0,88.0,True
2295,74.0,88.0,True
2296,60.0,88.0,True
2297,69.0,88.0,False
2298,58.0,88.0,False
2299,76.0,88.0,True
2300,75.0,88.0,False
2301,54.0,88.0,True
2302,78.0,88.0,False
2303,66.0,88.0,True
2304,69.0,88.0,True
2305,46.0,88.0,True
2306,69.0,88.0,True
2307,67.0,88.0,True
2308,77.0,88.0,False
2309,60.0,88.0,True
2310,68.0,88.0,True
2311,60.0,88.0,True
2312,23.0,88.0,False
2313,58.0,88.0,False
2314,70.0,88.0,True
2315,69.0,88.0,False
2316,68.0,88.0,True
2317,58.0,88.0,True
2318,57.0,88.0,True
2319,56.0,88.0,False
2320,70.0,88.0,True
2321,58.0,88.0,True
2322,55.0,88.0,False
2323,59.0,88.0,True
2324,60.0,88.0,True
2325,57.0,88.0,True
2326,67.0,88.0,True
2327,57.0,88.0,False
2328,72.0,88.0,True
2329,66.0,88.0,True
2330,72.0,88.0,True
2331,66.0,88.0,True
2332,46.0,88.0,False
2333,57.0,88.0,True
2334,67.0,88.0,True
2335,63.0,88.0,True
2336,68.0,88.0,True
2337,66.0,88.0,True
2338,71.0,88.0,True
2339,-22.0,88.0,True
2340,-7.0,88.0,True
2341,-19.0,88.0,True
2342,-20.0,88.0,True
2343,-12.0,88.0,False
2344,22.0,88.0,True
2345,3.0,88.0,True
2346,10.0,88.0,False
2347,23.0,88.0,True
2348,36.0,88.0,True
2349,-3.0,88.0,True
2350,40.0,88.0,True
2351,5.0,88.0,True
2352,-4.0,88.0,True
2353,7.0,88.0,True
2354,-1.0,88.0,False
2355,2.0,88.0,True
2356,-8.0,88.0,True
2357,-8.0,88.0,True
2358,20.0,88.0,True
2359,9.0,88.0,False
2360,7.0,88.0,True
2361,4.0,88.0,True
2362,22.0,88.0,False
2363,9.0,88.0,True
2364,-2.0,88.0,True
2365,6.0,88.0,True
2366,4.0,88.0,True
2367,9.0,88.0,False
2368,6.0,88.0,True
2369,2.0,88.0,True
2370,26.0,88.0,True
2371,1.0,88.0,True
2372,2.0,88.0,False
2373,5.0,88.0,True
2374,2.0,88.0,True
2375,7.0,88.0,True
2376,14.0,88.0,True
2377,9.0,88.0,False
2378,9.0,88.0,True
2379,6.0,88.0,True
2380,0.0,88.0,True
2381,29.0,88.0,True
2382,33.0,88.0,True
2383,16.0,88.0,False
2384,34.0,88.0,False
2385,7.0,88.0,True
2386,9.0,88.0,True
2387,2.0,88.0,False
2388,3.0,88.0,True
2389,11.0,88.0,True
2390,6.0,88.0,True
2391,22.0,88.0,False
2392,8.0,88.0,True
2393,13.0,88.0,False
2394,25.0,88.0,False
2395,24.0,88.0,True
2396,10.0,88.0,True
2397,14.0,88.0,True
2398,21.0,88.0,False
2399,7.0,88.0,True
2400,23.0,88.0,False
2401,11.0,88.0,False
2402,13.0,88.0,True
2403,14.0,88.0,False
2404,3.0,88.0,True
2405,10.0,88.0,False
2406,16.0,88.0,False
2407,3.0,88.0,False
2408,17.0,88.0,True
2409,5.0,88.0,True
2410,7.0,88.0,False
2411,4.0,88.0,True
2412,12.0,88.0,True
2413,-5.0,88.0,True
2414,5.0,88.0,True
2415,12.0,88.0,False
2416,22.0,88.0,True
2417,8.0,88.0,True
2418,12.0,88.0,True
2419,25.0,88.0,True
2420,12.0,88.0,True
2421,23.0,88.0,True
2422,22.0,88.0,True
2423,16.0,88.0,True
2424,18.0,88.0,True
2425,10.0,88.0,True
2426,10.0,88.0,False
2427,16.0,88.0,True
2428,17.0,88.0,True
2429,6.0,88.0,True
2430,13.0,88.0,True
2431,28.0,88.0,True
2432,12.0,88.0,False
2433,4.0,88.0,False
2434,17.0,88.0,True
2435,12.0,88.0,False
2436,15.0,88.0,True
2437,15.0,88.0,True
2438,15.0,88.0,True
2439,-10.0,88.0,True
2440,22.0,88.0,False
2441,17.0,88.0,True
2442,7.0,88.0,True
2443,3.0,88.0,True
2444,18.0,88.0,True
2445,13.0,88.0,True
2446,23.0,88.0,True
2447,23.0,88.0,True
2448,3.0,88.0,True
2449,7.0,88.0,True
2450,27.0,88.0,True
2451,26.0,88.0,True
2452,32.0,88.0,False
2453,14.0,88.0,True
2454,30.0,88.0,False
2455,24.0,88.0,False
2456,22.0,88.0,True
2457,18.0,88.0,True
2458,7.0,88.0,True
2459,32.0,88.0,True
2460,50.0,88.0,True
2461,18.0,88.0,True
2462,2.0,88.0,True
2463,17.0,88.0,False
2464,9.0,88.0,True
2465,11.0,88.0,False
2466,22.0,88.0,True
2467,2.0,88.0,False
2468,18.0,88.0,True
2469,19.0,88.0,True
2470,25.0,88.0,False
2471,28.0,88.0,True
2472,13.0,88.0,False
2473,10.0,88.0,True
2474,8.0,88.0,True
2475,17.0,88.0,True
2476,7.0,88.0,False
2477,2.0,88.0,True
2478,42.0,88.0,False
2479,19.0,88.0,True
2480,7.0,88.0,False
2481,17.0,88.0,True
2482,16.0,88.0,True
2483,13.0,88.0,True
2484,-1.0,88.0,True
2485,6.0,88.0,True
2486,16.0,88.0,True
2487,12.0,88.0,True
2488,12.0,88.0,True
2489,21.0,88.0,True
2490,9.0,88.0,True
2491,6.0,88.0,True
2492,-3.0,88.0,True
2493,6.0,88.0,True
2494,-3.0,88.0,True
2495,12.0,88.0,True
2496,20.0,88.0,True
2497,4.0,88.0,True
2498,-2.0,88.0,True
2499,14.0,88.0,True
2500,13.0,88.0,True
2501,8.0,88.0,False
2502,16.0,88.0,True
2503,4.0,88.0,False
2504,13.0,88.0,True
2505,3.0,88.0,False
2506,15.0,88.0,True
2507,10.0,88.0,True
2508,-4.0,88.0,True
2509,4.0,88.0,True
2510,4.0,88.0,True
2511,24.0,88.0,True
2512,1.0,88.0,True
2513,23.0,88.0,True
2514,17.0,88.0,True
2515,13.0,88.0,True
2516,29.0,88.0,True
2517,27.0,88.0,True
2518,31.0,88.0,True
2519,6.0,88.0,True
2520,10.0,88.0,True
2521,5.0,88.0,True
2522,5.0,88.0,True
2523,6.0,88.0,True
2524,-2.0,88.0,True
2525,6.0,88.0,True
2526,7.0,88.0,True
2527,-2.0,88.0,False
2528,8.0,88.0,True
2529,2.0,88.0,False
2530,5.0,88.0,False
2531,-1.0,88.0,True
2532,10.0,88.0,False
2533,14.0,88.0,True
2534,4.0,88.0,False
2535,6.0,88.0,True
2536,1.0,88.0,True
2537,1.0,88.0,True
2538,8.0,88.0,False
2539,0.0,88.0,True
2540,8.0,88.0,True
2541,0.0,88.0,True
2542,7.0,88.0,True
2543,3.0,88.0,True
2544,9.0,88.0,True
2545,10.0,88.0,False
2546,2.0,88.0,True
2547,28.0,88.0,False
2548,17.0,88.0,True
2549,18.0,88.0,True
2550,4.0,88.0,True
2551,13.0,88.0,False
2552,5.0,88.0,True
2553,12.0,88.0,False
2554,5.0,88.0,False
2555,15.0,88.0,True
2556,10.0,88.0,True
2557,8.0,88.0,True
2558,2.0,88.0,True
2559,0.0,88.0,True
2560,1.0,88.0,False
2561,13.0,88.0,True
2562,30.0,88.0,True
2563,-4.0,88.0,False
2564,11.0,88.0,False
2565,1.0,88.0,True
2566,14.0,88.0,True
2567,39.0,88.0,True
2568,9.0,88.0,True
2569,23.0,88.0,False
2570,26.0,88.0,False
2571,8.0,88.0,False
2572,10.0,88.0,False
2573,10.0,88.0,True
2574,0.0,88.0,True
2575,6.0,88.0,True
2576,6.0,88.0,False
2577,6.0,88.0,True
2578,3.0,88.0,True
2579,3.0,88.0,True
2580,0.0,88.0,False
2581,6.0,88.0,True
2582,16.0,88.0,True
2583,8.0,88.0,True
2584,20.0,88.0,True
2585,25.0,88.0,True
2586,16.0,88.0,True
2587,36.0,88.0,True
2588,13.0,88.0,True
2589,31.0,88.0,False
2590,21.0,88.0,True
2591,10.0,88.0,True
2592,11.0,88.0,True
2593,22.0,88.0,False
2594,21.0,88.0,True
2595,3.0,88.0,True
2596,15.0,88.0,True
2597,7.0,88.0,True
2598,25.0,88.0,True
2599,15.0,88.0,True
2600,12.0,88.0,False
2601,18.0,88.0,True
2602,2.0,88.0,True
2603,4.0,88.0,True
2604,9.0,88.0,True
2605,12.0,88.0,True
2606,10.0,88.0,True
2607,12.0,88.0,False
2608,15.0,88.0,True
2609,9.0,88.0,True
2610,17.0,88.0,True
2611,15.0,88.0,True
2612,23.0,88.0,True
2613,13.0,88.0,True
2614,24.0,88.0,True
2615,8.0,88.0,False
2616,4.0,88.0,True
2617,16.0,88.0,False
2618,16.0,88.0,True
2619,13.0,88.0,True
2620,11.0,88.0,True
2621,5.0,88.0,True
2622,8.0,88.0,True
2623,10.0,88.0,True
2624,13.0,88.0,True
2625,13.0,88.0,True
2626,11.0,88.0,True
2627,12.0,88.0,False
2628,20.0,88.0,True
2629,9.0,88.0,True
2630,16.0,88.0,False
2631,18.0,88.0,True
2632,1.0,88.0,True
2633,8.0,88.0,True
2634,13.0,88.0,False
2635,4.0,88.0,True
2636,14.0,88.0,True
2637,15.0,88.0,False
2638,10.0,88.0,True
2639,5.0,88.0,True
2640,11.0,88.0,True
2641,9.0,88.0,True
2642,16.0,88.0,True
2643,15.0,88.0,True
2644,10.0,88.0,True
2645,8.0,88.0,True
2646,18.0,88.0,True
2647,11.0,88.0,False
2648,10.0,88.0,True
2649,10.0,88.0,True
2650,7.0,88.0,True
2651,14.0,88.0,True
2652,10.0,88.0,True
2653,11.0,88.0,True
2654,4.0,88.0,True
2655,6.0,88.0,True
2656,12.0,88.0,True
2657,17.0,88.0,True
2658,19.0,88.0,True
2659,23.0,88.0,True
2660,7.0,88.0,True
2661,8.0,88.0,True
2662,8.0,88.0,False
2663,5.0,88.0,False
2664,27.0,88.0,False
2665,11.0,88.0,False
2666,10.0,88.0,True
2667,9.0,88.0,True
2668,5.0,88.0,False
2669,8.0,88.0,True
2670,3.0,88.0,True
2671,9.0,88.0,True
2672,11.0,88.0,True
2673,8.0,88.0,True
2674,6.0,88.0,True
2675,18.0,88.0,True
2676,4.0,88.0,True
2677,10.0,88.0,False
2678,5.0,88.0,True
2679,13.0,88.0,False
2680,1.0,88.0,True
2681,11.0,88.0,False
2682,15.0,88.0,True
2683,3.0,88.0,True
2684,10.0,88.0,True
2685,9.0,88.0,True
2686,13.0,88.0,True
2687,2.0,88.0,True
2688,18.0,88.0,True
2689,15.0,88.0,True
2690,14.0,88.0,True
2691,6.0,88.0,True
2692,7.0,88.0,True
2693,7.0,88.0,False
2694,11.0,88.0,True
2695,14.0,88.0,False
2696,4.0,88.0,True
2697,16.0,88.0,True
2698,1.0,88.0,False
2699,3.0,88.0,False
2700,8.0,88.0,True
2701,9.0,88.0,True
2702,4.0,88.0,False
2703,4.0,88.0,False
2704,6.0,88.0,True
2705,12.0,88.0,True
2706,2.0,88.0,True
2707,12.0,88.0,True
2708,3.0,88.0,True
2709,3.0,88.0,True
2710,10.0,88.0,True
2711,15.0,88.0,True
2712,11.0,88.0,True
2713,4.0,88.0,False
2714,13.0,88.0,True
2715,0.0,88.0,False
2716,-1.0,88.0,True
2717,6.0,88.0,True
2718,3.0,88.0,True
2719,11.0,88.0,True
2720,11.0,88.0,False
2721,8.0,88.0,True
2722,13.0,88.0,True
2723,6.0,88.0,True
2724,8.0,88.0,True
2725,10.0,88.0,True
2726,9.0,88.0,True
2727,6.0,88.0,True
2728,10.0,88.0,True
2729,9.0,88.0,False
2730,2.0,88.0,True
2731,11.0,88.0,True
2732,4.0,88.0,True
2733,11.0,88.0,True
2734,16.0,88.0,True
2735,9.0,88.0,False
2736,5.0,88.0,True
2737,4.0,88.0,True
2738,10.0,88.0,False
2739,9.0,88.0,False
2740,17.0,88.0,True
2741,10.0,88.0,True
2742,23.0,88.0,True
2743,12.0,88.0,True
2744,6.0,88.0,True
2745,22.0,88.0,True
2746,13.0,88.0,True
2747,16.0,88.0,True
2748,10.0,88.0,True
2749,13.0,88.0,True
2750,8.0,88.0,True
2751,6.0,88.0,True
2752,4.0,88.0,True
2753,5.0,88.0,True
2754,12.0,88.0,False
2755,3.0,88.0,True
2756,0.0,88.0,False
2757,21.0,88.0,True
2758,7.0,88.0,True
2759,2.0,88.0,True
2760,25.0,88.0,True
2761,2.0,88.0,True
2762,8.0,88.0,True
2763,10.0,88.0,False
2764,4.0,88.0,True
2765,3.0,88.0,True
2766,4.0,88.0,False
2767,4.0,88.0,False
2768,11.0,88.0,True
2769,5.0,88.0,True
2770,6.0,88.0,False
2771,10.0,88.0,True
2772,4.0,88.0,True
2773,3.0,88.0,False
2774,7.0,88.0,True
2775,2.0,88.0,True
2776,4.0,88.0,True
2777,12.0,88.0,True
2778,3.0,88.0,True
2779,18.0,88.0,True
2780,6.0,88.0,True
2781,7.0,88.0,True
2782,46.0,88.0,True
2783,4.0,88.0,True
2784,13.0,88.0,True
2785,2.0,88.0,False
2786,14.0,88.0,True
2787,8.0,88.0,False
2788,27.0,88.0,True
2789,8.0,88.0,True
2790,5.0,88.0,True
2791,13.0,88.0,False
2792,11.0,88.0,True
2793,14.0,88.0,True
2794,8.0,88.0,True
2795,4.0,88.0,True
2796,5.0,88.0,True
2797,16.0,88.0,True
2798,8.0,88.0,True
2799,3.0,88.0,True
2800,9.0,88.0,True
2801,6.0,88.0,True
2802,21.0,88.0,True
2803,7.0,88.0,True
2804,3.0,88.0,False
2805,8.0,88.0,True
2806,4.0,88.0,True
2807,11.0,88.0,False
2808,10.0,88.0,True
2809,16.0,88.0,True
2810,8.0,88.0,True
2811,13.0,88.0,True
2812,13.0,88.0,False
2813,14.0,88.0,True
2814,7.0,88.0,True
2815,12.0,88.0,True
2816,7.0,88.0,True
2817,20.0,88.0,True
2818,11.0,88.0,True
2819,4.0,88.0,True
2820,12.0,88.0,True
2821,8.0,88.0,True
2822,13.0,88.0,False
2823,12.0,88.0,True
2824,12.0,88.0,False
2825,11.0,88.0,True
2826,7.0,88.0,True
2827,8.0,88.0,True
2828,8.0,88.0,True
2829,10.0,88.0,True
2830,12.0,88.0,True
2831,12.0,88.0,True
2832,10.0,88.0,True
2833,10.0,88.0,True
2834,14.0,88.0,True
2835,5.0,88.0,True
2836,10.0,88.0,True
2837,6.0,88.0,False
2838,9.0,88.0,True
2839,11.0,88.0,False
2840,2.0,88.0,True
2841,18.0,88.0,True
2842,10.0,88.0,True
2843,15.0,88.0,True
2844,13.0,88.0,True
2845,3.0,88.0,True
2846,8.0,88.0,True
2847,13.0,88.0,True
2848,16.0,88.0,True
2849,8.0,88.0,True
2850,8.0,88.0,True
2851,6.0,88.0,True
2852,19.0,88.0,True
2853,19.0,88.0,True
2854,9.0,88.0,True
2855,22.0,88.0,True
2856,6.0,88.0,True
2857,14.0,88.0,True
2858,27.0,88.0,True
2859,29.0,88.0,True
2860,23.0,88.0,False
2861,7.0,88.0,False
2862,8.0,88.0,True
2863,4.0,88.0,True
2864,10.0,88.0,True
2865,7.0,88.0,True
2866,5.0,88.0,True
2867,10.0,88.0,True
2868,16.0,88.0,True
2869,12.0,88.0,False
2870,7.0,88.0,False
2871,7.0,88.0,False
2872,12.0,88.0,True
2873,1.0,88.0,True
2874,3.0,88.0,False
2875,5.0,88.0,True
2876,2.0,88.0,True
2877,1.0,88.0,False
2878,1.0,88.0,True
2879,-5.0,88.0,True
2880,-2.0,88.0,False
2881,1.0,88.0,True
2882,2.0,88.0,True
2883,3.0,88.0,True
2884,3.0,88.0,True
2885,6.0,88.0,True
2886,7.0,88.0,True
2887,3.0,88.0,True
2888,23.0,88.0,True
2889,3.0,88.0,True
2890,2.0,88.0,True
2891,6.0,88.0,True
2892,4.0,88.0,True
2893,0.0,88.0,True
2894,2.0,88.0,True
2895,9.0,88.0,True
2896,-3.0,88.0,True
2897,0.0,88.0,True
2898,0.0,88.0,True
2899,9.0,88.0,True
2900,4.0,88.0,True
2901,2.0,88.0,False
2902,13.0,88.0,False
2903,7.0,88.0,True
2904,24.0,88.0,True
2905,7.0,88.0,False
2906,12.0,88.0,True
2907,9.0,88.0,True
2908,10.0,88.0,True
2909,3.0,88.0,False
2910,15.0,88.0,True
2911,2.0,88.0,True
2912,8.0,88.0,False
2913,13.0,88.0,False
2914,14.0,88.0,True
2915,19.0,88.0,True
2916,17.0,88.0,False
2917,33.0,88.0,True
2918,48.0,88.0,True
2919,53.0,88.0,True
2920,26.0,88.0,True
2921,9.0,88.0,True
2922,23.0,88.0,True
2923,19.0,88.0,False
2924,23.0,88.0,True
2925,21.0,88.0,True
2926,12.0,88.0,False
2927,51.0,88.0,True
2928,27.0,88.0,False
2929,35.0,88.0,False
2930,26.0,88.0,True
2931,27.0,88.0,True
2932,24.0,88.0,True
2933,37.0,88.0,False
2934,28.0,88.0,True
2935,28.0,88.0,False
2936,23.0,88.0,True
2937,15.0,88.0,True
2938,28.0,88.0,True
2939,20.0,88.0,True
2940,23.0,88.0,True
2941,36.0,88.0,True
2942,25.0,88.0,True
2943,21.0,88.0,True
2944,36.0,88.0,True
2945,39.0,88.0,True
2946,32.0,88.0,False
2947,14.0,88.0,True
2948,21.0,88.0,True
2949,25.0,88.0,True
2950,23.0,88.0,True
2951,20.0,88.0,False
2952,14.0,88.0,True
2953,26.0,88.0,True
2954,11.0,88.0,False
2955,32.0,88.0,True
2956,20.0,88.0,True
2957,18.0,88.0,True
2958,17.0,88.0,False
2959,32.0,88.0,True
2960,22.0,88.0,True
2961,43.0,88.0,True
2962,18.0,88.0,True
2963,22.0,88.0,True
2964,27.0,88.0,False
2965,3.0,88.0,True
2966,29.0,88.0,False
2967,17.0,88.0,True
2968,32.0,88.0,True
2969,19.0,88.0,False
2970,16.0,88.0,True
2971,19.0,88.0,True
2972,32.0,88.0,True
2973,21.0,88.0,True
2974,21.0,88.0,True
2975,11.0,88.0,False
2976,17.0,88.0,True
2977,36.0,88.0,True
2978,25.0,88.0,False
2979,22.0,88.0,True
2980,20.0,88.0,True
2981,1.0,88.0,True
2982,10.0,88.0,True
2983,-1.0,88.0,True
2984,2.0,88.0,True
2985,10.0,88.0,True
2986,8.0,88.0,True
2987,4.0,88.0,False
2988,0.0,88.0,True
2989,9.0,88.0,True
2990,3.0,88.0,False
2991,4.0,88.0,True
2992,6.0,88.0,True
2993,5.0,88.0,False
2994,8.0,88.0,False
2995,3.0,88.0,True
2996,3.0,88.0,True
2997,-3.0,88.0,True
2998,2.0,88.0,True
2999,16.0,88.0,True
3000,1.0,88.0,True
3001,18.0,88.0,True
3002,11.0,88.0,False
3003,3.0,88.0,True
3004,15.0,88.0,True
3005,0.0,88.0,True
3006,16.0,88.0,False
3007,9.0,88.0,True
3008,4.0,88.0,True
3009,28.0,88.0,True
3010,11.0,88.0,True
3011,7.0,88.0,True
3012,9.0,88.0,False
3013,8.0,88.0,True
3014,0.0,88.0,True
3015,3.0,88.0,True
3016,9.0,88.0,True
3017,2.0,88.0,True
3018,17.0,88.0,True
3019,13.0,88.0,False
3020,18.0,88.0,True
3021,13.0,88.0,True
3022,22.0,88.0,True
3023,12.0,88.0,True
3024,18.0,88.0,False
3025,12.0,88.0,True
3026,7.0,88.0,False
3027,6.0,88.0,True
3028,19.0,88.0,False
3029,3.0,88.0,True
3030,10.0,88.0,True
3031,15.0,88.0,False
3032,12.0,88.0,True
3033,25.0,88.0,True
3034,40.0,88.0,True
3035,17.0,88.0,True
3036,3.0,88.0,True
3037,21.0,88.0,True
3038,29.0,88.0,True
3039,18.0,88.0,True
3040,6.0,88.0,True
3041,6.0,88.0,True
3042,23.0,88.0,True
3043,20.0,88.0,True
3044,21.0,88.0,False
3045,19.0,88.0,True
3046,16.0,88.0,True
3047,13.0,88.0,False
3048,14.0,88.0,True
3049,18.0,88.0,True
3050,15.0,88.0,True
3051,13.0,88.0,True
3052,3.0,88.0,True
3053,14.0,88.0,False
3054,9.0,88.0,True
3055,0.0,88.0,True
3056,7.0,88.0,True
3057,13.0,88.0,True
3058,6.0,88.0,True
3059,5.0,88.0,True
3060,7.0,88.0,True
3061,0.0,88.0,True
3062,14.0,88.0,True
3063,5.0,88.0,True
3064,8.0,88.0,True
3065,10.0,88.0,True
3066,3.0,88.0,True
3067,2.0,88.0,True
3068,0.0,88.0,True
3069,0.0,88.0,True
3070,-5.0,88.0,False
3071,-3.0,88.0,True
3072,3.0,88.0,True
3073,3.0,88.0,True
3074,-1.0,88.0,True
3075,0.0,88.0,False
3076,1.0,88.0,False
3077,3.0,88.0,False
3078,1.0,88.0,True
3079,1.0,88.0,True
3080,2.0,88.0,True
3081,0.0,88.0,True
3082,3.0,88.0,True
3083,2.0,88.0,True
3084,0.0,88.0,True
3085,1.0,88.0,False
3086,-1.0,88.0,True
3087,2.0,88.0,False
3088,7.0,88.0,True
3089,-8.0,88.0,True
3090,-10.0,88.0,True
3091,-4.0,88.0,True
3092,13.0,88.0,True
3093,-1.0,88.0,True
3094,1.0,88.0,True
3095,3.0,88.0,False
3096,0.0,88.0,True
3097,18.0,88.0,True
3098,0.0,88.0,True
3099,20.0,88.0,True
3100,33.0,88.0,False
3101,36.0,88.0,False
3102,25.0,88.0,True
3103,11.0,88.0,False
3104,33.0,88.0,True
3105,49.0,88.0,True
3106,44.0,88.0,True
3107,48.0,88.0,True
3108,45.0,88.0,True
3109,45.0,88.0,False
3110,59.0,88.0,True
3111,38.0,88.0,True
3112,42.0,88.0,True
3113,44.0,88.0,True
3114,47.0,88.0,False
3115,37.0,88.0,True
3116,54.0,88.0,True
3117,40.0,88.0,True
3118,49.0,88.0,False
3119,39.0,88.0,False
3120,63.0,88.0,True
3121,46.0,88.0,False
3122,56.0,88.0,False
3123,65.0,88.0,True
3124,49.0,88.0,True
3125,47.0,88.0,False
3126,45.0,88.0,True
3127,48.0,88.0,True
3128,8.0,88.0,False
3129,61.0,88.0,True
3130,26.0,88.0,True
3131,31.0,88.0,True
3132,36.0,88.0,True
3133,47.0,88.0,True
3134,54.0,88.0,False
3135,56.0,88.0,True
3136,47.0,88.0,True
3137,43.0,88.0,True
3138,45.0,88.0,True
3139,33.0,88.0,False
3140,54.0,88.0,True
3141,52.0,88.0,True
3142,39.0,88.0,True
3143,52.0,88.0,True
3144,27.0,88.0,True
3145,41.0,88.0,False
3146,48.0,88.0,True
3147,32.0,88.0,True
3148,25.0,88.0,True
3149,32.0,88.0,False
3150,40.0,88.0,True
3151,34.0,88.0,True
3152,21.0,88.0,True
3153,13.0,88.0,True
3154,37.0,88.0,False
3155,22.0,88.0,True
3156,19.0,88.0,False
3157,21.0,88.0,True
3158,37.0,88.0,True
3159,25.0,88.0,False
3160,37.0,88.0,True
3161,26.0,88.0,True
3162,18.0,88.0,True
3163,24.0,88.0,True
3164,26.0,88.0,True
3165,34.0,88.0,True
3166,34.0,88.0,True
3167,18.0,88.0,True
3168,22.0,88.0,True
3169,28.0,88.0,True
3170,19.0,88.0,False
3171,4.0,88.0,True
3172,24.0,88.0,True
3173,20.0,88.0,True
3174,22.0,88.0,False
3175,9.0,88.0,True
3176,9.0,88.0,True
3177,12.0,88.0,False
3178,13.0,88.0,False
3179,13.0,88.0,True
3180,15.0,88.0,True
3181,1.0,88.0,True
3182,7.0,88.0,True
3183,13.0,88.0,False
3184,9.0,88.0,True
3185,13.0,88.0,False
3186,7.0,88.0,False
3187,3.0,88.0,True
3188,2.0,88.0,True
3189,1.0,88.0,True
3190,0.0,88.0,True
3191,3.0,88.0,True
3192,1.0,88.0,True
3193,4.0,88.0,True
3194,0.0,88.0,True
3195,2.0,88.0,True
3196,18.0,88.0,True
3197,10.0,88.0,False
3198,23.0,88.0,True
3199,19.0,88.0,True
3200,44.0,88.0,True
3201,25.0,88.0,True
3202,24.0,88.0,True
3203,37.0,88.0,False
3204,13.0,88.0,True
3205,5.0,88.0,False
3206,4.0,88.0,False
3207,0.0,88.0,True
3208,29.0,88.0,True
3209,14.0,88.0,True
3210,35.0,88.0,True
3211,47.0,88.0,True
3212,5.0,88.0,True
3213,31.0,88.0,True
3214,3.0,88.0,True
3215,38.0,88.0,False
3216,15.0,88.0,False
3217,4.0,88.0,True
3218,11.0,88.0,True
3219,40.0,88.0,True
3220,19.0,88.0,True
3221,16.0,88.0,True
3222,42.0,88.0,True
3223,28.0,88.0,False
3224,23.0,88.0,True
3225,55.0,88.0,True
3226,44.0,88.0,True
3227,36.0,88.0,True
3228,21.0,88.0,True
3229,45.0,88.0,True
3230,37.0,88.0,False
3231,30.0,88.0,True
3232,14.0,88.0,True
3233,12.0,88.0,True
3234,34.0,88.0,True
3235,22.0,88.0,False
3236,16.0,88.0,True
3237,36.0,88.0,True
3238,16.0,88.0,True
3239,37.0,88.0,True
3240,36.0,88.0,True
3241,13.0,88.0,False
3242,25.0,88.0,True
3243,7.0,88.0,True
3244,41.0,88.0,False
3245,40.0,88.0,True
3246,24.0,88.0,False
3247,19.0,88.0,False
3248,34.0,88.0,True
3249,27.0,88.0,True
3250,51.0,88.0,True
3251,28.0,88.0,True
3252,28.0,88.0,True
3253,25.0,88.0,True
3254,35.0,88.0,True
3255,56.0,88.0,True
3256,29.0,88.0,True
3257,16.0,88.0,True
3258,34.0,88.0,True
3259,32.0,88.0,True
3260,38.0,88.0,True
3261,30.0,88.0,True
3262,29.0,88.0,True
3263,44.0,88.0,True
3264,5.0,88.0,True
3265,2.0,88.0,True
3266,9.0,88.0,False
3267,17.0,88.0,True
3268,4.0,88.0,True
3269,30.0,88.0,False
3270,14.0,88.0,True
3271,10.0,88.0,True
3272,16.0,88.0,True
3273,29.0,88.0,False
3274,34.0,88.0,True
3275,40.0,88.0,True
3276,18.0,88.0,True
3277,13.0,88.0,True
3278,11.0,88.0,True
3279,3.0,88.0,True
3280,43.0,88.0,True
3281,7.0,88.0,True
3282,8.0,88.0,True
3283,11.0,88.0,True
3284,1.0,88.0,True
3285,9.0,88.0,True
3286,3.0,88.0,True
3287,0.0,88.0,False
3288,19.0,88.0,True
3289,33.0,88.0,True
3290,40.0,88.0,True
3291,20.0,88.0,True
3292,33.0,88.0,True
3293,32.0,88.0,True
3294,44.0,88.0,False
3295,43.0,88.0,True
3296,41.0,88.0,False
3297,15.0,88.0,True
3298,3.0,88.0,True
3299,14.0,88.0,False
3300,4.0,88.0,True
3301,34.0,88.0,True
3302,3.0,88.0,True
3303,16.0,88.0,True
3304,38.0,88.0,False
3305,45.0,88.0,False
3306,3.0,88.0,True
3307,38.0,88.0,True
3308,23.0,88.0,True
3309,35.0,88.0,True
3310,42.0,88.0,True
3311,44.0,88.0,False
3312,53.0,88.0,True
3313,37.0,88.0,True
3314,4.0,88.0,True
3315,48.0,88.0,True
3316,15.0,88.0,True
3317,53.0,88.0,True
3318,26.0,88.0,True
3319,52.0,88.0,True
3320,6.0,88.0,True
3321,-1.0,88.0,True
3322,2.0,88.0,True
3323,1.0,88.0,True
3324,-8.0,88.0,False
3325,6.0,88.0,True
3326,-6.0,88.0,True
3327,0.0,88.0,True
3328,2.0,88.0,True
3329,1.0,88.0,False
3330,1.0,88.0,True
3331,2.0,88.0,False
3332,1.0,88.0,True
3333,2.0,88.0,True
3334,1.0,88.0,True
3335,4.0,88.0,True
3336,10.0,88.0,True
3337,11.0,88.0,False
3338,21.0,88.0,True
3339,15.0,88.0,True
3340,3.0,88.0,True
3341,0.0,88.0,False
3342,3.0,88.0,False
3343,1.0,88.0,True
3344,2.0,88.0,True
3345,3.0,88.0,True
3346,3.0,88.0,False
3347,1.0,88.0,True
3348,1.0,88.0,False
3349,2.0,88.0,True
3350,1.0,88.0,True
3351,1.0,88.0,True
3352,2.0,88.0,True
3353,1.0,88.0,True
3354,2.0,88.0,True
3355,1.0,88.0,True
3356,2.0,88.0,True
3357,-6.0,88.0,True
3358,-6.0,88.0,True
3359,0.0,88.0,False
3360,-4.0,88.0,True
3361,10.0,88.0,True
3362,7.0,88.0,True
3363,13.0,88.0,True
3364,26.0,88.0,True
3365,10.0,88.0,True
3366,29.0,88.0,True
3367,9.0,88.0,True
3368,19.0,88.0,True
3369,12.0,88.0,True
3370,14.0,88.0,True
3371,5.0,88.0,False
3372,11.0,88.0,False
3373,8.0,88.0,True
3374,20.0,88.0,False
3375,27.0,88.0,True
3376,14.0,88.0,True
3377,12.0,88.0,False
3378,8.0,88.0,True
3379,18.0,88.0,True
3380,13.0,88.0,True
3381,34.0,88.0,False
3382,8.0,88.0,True
3383,-1.0,88.0,False
3384,7.0,88.0,True
3385,5.0,88.0,True
3386,9.0,88.0,True
3387,5.0,88.0,True
3388,9.0,88.0,True
3389,2.0,88.0,True
3390,20.0,88.0,False
3391,3.0,88.0,False
3392,12.0,88.0,False
3393,24.0,88.0,True
3394,17.0,88.0,True
3395,16.0,88.0,True
3396,5.0,88.0,True
3397,21.0,88.0,False
3398,11.0,88.0,False
3399,11.0,88.0,True
3400,15.0,88.0,True
3401,1.0,88.0,True
3402,10.0,88.0,True
3403,17.0,88.0,True
3404,0.0,88.0,True
3405,5.0,88.0,True
3406,4.0,88.0,True
3407,7.0,88.0,True
3408,10.0,88.0,False
3409,15.0,88.0,True
3410,2.0,88.0,True
3411,5.0,88.0,False
3412,12.0,88.0,False
3413,12.0,88.0,False
3414,23.0,88.0,False
3415,9.0,88.0,True
3416,6.0,88.0,True
3417,9.0,88.0,True
3418,22.0,88.0,False
3419,14.0,88.0,True
3420,10.0,88.0,False
3421,12.0,88.0,True
3422,11.0,88.0,True
3423,16.0,88.0,False
3424,4.0,88.0,True
3425,13.0,88.0,True
3426,23.0,88.0,True
3427,12.0,88.0,True
3428,11.0,88.0,True
3429,8.0,88.0,True
3430,3.0,88.0,True
3431,6.0,88.0,True
3432,2.0,88.0,True
3433,9.0,88.0,True
3434,17.0,88.0,True
3435,26.0,88.0,True
3436,5.0,88.0,True
3437,15.0,88.0,True
3438,20.0,88.0,True
3439,15.0,88.0,True
3440,16.0,88.0,True
3441,20.0,88.0,True
3442,30.0,88.0,True
3443,21.0,88.0,True
3444,13.0,88.0,True
3445,12.0,88.0,True
3446,37.0,88.0,True
3447,21.0,88.0,True
3448,18.0,88.0,False
3449,22.0,88.0,True
3450,36.0,88.0,False
3451,24.0,88.0,True
3452,21.0,88.0,True
3453,10.0,88.0,True
3454,21.0,88.0,False
3455,12.0,88.0,False
3456,27.0,88.0,True
3457,22.0,88.0,True
3458,30.0,88.0,False
3459,41.0,88.0,False
3460,22.0,88.0,True
3461,10.0,88.0,True
3462,15.0,88.0,True
3463,19.0,88.0,True
3464,29.0,88.0,True
3465,57.0,88.0,False
3466,18.0,88.0,True
3467,12.0,88.0,True
3468,28.0,88.0,False
3469,44.0,88.0,True
3470,19.0,88.0,True
3471,19.0,88.0,True
3472,20.0,88.0,True
3473,20.0,88.0,True
3474,6.0,88.0,True
3475,27.0,88.0,True
3476,34.0,88.0,True
3477,34.0,88.0,True
3478,20.0,88.0,True
3479,4.0,88.0,True
3480,31.0,88.0,True
3481,11.0,88.0,True
3482,21.0,88.0,True
3483,7.0,88.0,True
3484,11.0,88.0,True
3485,19.0,88.0,True
3486,18.0,88.0,True
3487,16.0,88.0,False
3488,19.0,88.0,True
3489,19.0,88.0,True
3490,21.0,88.0,True
3491,8.0,88.0,False
3492,21.0,88.0,True
3493,23.0,88.0,True
3494,19.0,88.0,True
3495,18.0,88.0,True
3496,26.0,88.0,True
3497,12.0,88.0,True
3498,18.0,88.0,True
3499,11.0,88.0,True
3500,12.0,88.0,True
3501,24.0,88.0,True
3502,18.0,88.0,False
3503,15.0,88.0,True
3504,12.0,88.0,True
3505,28.0,88.0,True
3506,11.0,88.0,True
3507,20.0,88.0,True
3508,7.0,88.0,True
3509,20.0,88.0,True
3510,27.0,88.0,True
3511,21.0,88.0,True
3512,7.0,88.0,True
3513,18.0,88.0,True
3514,11.0,88.0,False
3515,16.0,88.0,False
3516,21.0,88.0,True
3517,15.0,88.0,False
3518,21.0,88.0,True
3519,25.0,88.0,True
3520,18.0,88.0,True
3521,30.0,88.0,True
3522,12.0,88.0,False
3523,40.0,88.0,True
3524,12.0,88.0,True
3525,14.0,88.0,False
3526,13.0,88.0,False
3527,21.0,88.0,False
3528,12.0,88.0,True
3529,6.0,88.0,True
3530,27.0,88.0,True
3531,33.0,88.0,True
3532,22.0,88.0,True
3533,10.0,88.0,False
3534,17.0,88.0,True
3535,12.0,88.0,False
3536,8.0,88.0,True
3537,24.0,88.0,False
3538,27.0,88.0,True
3539,9.0,88.0,True
3540,10.0,88.0,True
3541,13.0,88.0,True
3542,10.0,88.0,True
3543,27.0,88.0,True
3544,8.0,88.0,True
3545,21.0,88.0,True
3546,22.0,88.0,True
3547,23.0,88.0,False
3548,16.0,88.0,True
3549,21.0,88.0,True
3550,32.0,88.0,True
3551,15.0,88.0,True
3552,23.0,88.0,True
3553,21.0,88.0,True
3554,14.0,88.0,True
3555,11.0,88.0,True
3556,1.0,88.0,True
3557,17.0,88.0,True
3558,20.0,88.0,True
3559,16.0,88.0,True
3560,21.0,88.0,True
3561,13.0,88.0,True
3562,15.0,88.0,True
3563,16.0,88.0,True
3564,31.0,88.0,True
3565,19.0,88.0,False
3566,17.0,88.0,True
3567,6.0,88.0,True
3568,23.0,88.0,True
3569,26.0,88.0,True
3570,19.0,88.0,True
3571,12.0,88.0,False
3572,18.0,88.0,False
3573,20.0,88.0,False
3574,16.0,88.0,True
3575,17.0,88.0,False
3576,13.0,88.0,True
3577,21.0,88.0,True
3578,24.0,88.0,True
3579,9.0,88.0,False
3580,15.0,88.0,True
3581,8.0,88.0,True
3582,28.0,88.0,False
3583,20.0,88.0,True
3584,16.0,88.0,True
3585,11.0,88.0,True
3586,11.0,88.0,True
3587,15.0,88.0,True
3588,1.0,88.0,True
3589,12.0,88.0,True
3590,15.0,88.0,False
3591,16.0,88.0,True
3592,9.0,88.0,True
3593,15.0,88.0,False
3594,4.0,88.0,True
3595,17.0,88.0,True
3596,11.0,88.0,True
3597,9.0,88.0,True
3598,9.0,88.0,True
3599,27.0,88.0,True
3600,25.0,88.0,True
3601,4.0,88.0,True
3602,10.0,88.0,True
3603,3.0,88.0,False
3604,16.0,88.0,True
3605,7.0,88.0,True
3606,12.0,88.0,True
3607,24.0,88.0,True
3608,11.0,88.0,False
3609,10.0,88.0,False
3610,21.0,88.0,True
3611,18.0,88.0,True
3612,28.0,88.0,False
3613,16.0,88.0,True
3614,14.0,88.0,True
3615,7.0,88.0,True
3616,7.0,88.0,True
3617,30.0,88.0,True
3618,22.0,88.0,False
3619,12.0,88.0,True
3620,13.0,88.0,True
3621,11.0,88.0,True
3622,9.0,88.0,False
3623,15.0,88.0,False
3624,13.0,88.0,False
3625,14.0,88.0,False
3626,17.0,88.0,True
3627,4.0,88.0,True
3628,25.0,88.0,True
3629,22.0,88.0,True
3630,20.0,88.0,True
3631,15.0,88.0,True
3632,16.0,88.0,True
3633,22.0,88.0,True
3634,13.0,88.0,True
3635,22.0,88.0,False
3636,3.0,88.0,False
3637,11.0,88.0,True
3638,9.0,88.0,True
3639,12.0,88.0,True
3640,13.0,88.0,False
3641,18.0,88.0,True
3642,23.0,88.0,True
3643,22.0,88.0,True
3644,13.0,88.0,True
3645,4.0,88.0,True
3646,22.0,88.0,True
3647,11.0,88.0,False
3648,18.0,88.0,True
3649,7.0,88.0,True
3650,9.0,88.0,True
3651,19.0,88.0,True
3652,10.0,88.0,True
3653,21.0,88.0,True
3654,10.0,88.0,True
3655,16.0,88.0,True
3656,22.0,88.0,True
3657,16.0,88.0,True
3658,19.0,88.0,True
3659,22.0,88.0,False
3660,18.0,88.0,True
3661,22.0,88.0,True
3662,26.0,88.0,True
3663,22.0,88.0,True
3664,21.0,88.0,False
3665,20.0,88.0,True
3666,15.0,88.0,True
3667,12.0,88.0,True
3668,29.0,88.0,True
3669,10.0,88.0,True
3670,18.0,88.0,True
3671,10.0,88.0,True
3672,23.0,88.0,True
3673,4.0,88.0,True
3674,17.0,88.0,True
3675,15.0,88.0,True
3676,16.0,88.0,True
3677,12.0,88.0,True
3678,21.0,88.0,True
3679,17.0,88.0,True
3680,19.0,88.0,True
3681,16.0,88.0,True
3682,10.0,88.0,True
3683,9.0,88.0,True
3684,18.0,88.0,True
3685,24.0,88.0,True
3686,10.0,88.0,True
3687,16.0,88.0,True
3688,13.0,88.0,True
3689,5.0,88.0,True
3690,20.0,88.0,True
3691,13.0,88.0,True
3692,20.0,88.0,False
3693,11.0,88.0,True
3694,0.0,88.0,True
3695,4.0,88.0,True
3696,3.0,88.0,True
3697,1.0,88.0,True
3698,5.0,88.0,True
3699,2.0,88.0,True
3700,3.0,88.0,True
3701,4.0,88.0,True
3702,0.0,88.0,True
3703,5.0,88.0,True
3704,3.0,88.0,True
3705,6.0,88.0,True
3706,5.0,88.0,True
3707,4.0,88.0,True
3708,1.0,88.0,True
3709,5.0,88.0,False
3710,6.0,88.0,True
3711,3.0,88.0,True
3712,2.0,88.0,True
3713,4.0,88.0,True
3714,4.0,88.0,True
3715,8.0,88.0,True
3716,1.0,88.0,True
3717,10.0,88.0,True
3718,13.0,88.0,False
3719,6.0,88.0,False
3720,21.0,88.0,False
3721,3.0,88.0,False
3722,15.0,88.0,True
3723,3.0,88.0,True
3724,6.0,88.0,True
3725,9.0,88.0,True
3726,7.0,88.0,True
3727,4.0,88.0,True
3728,-1.0,88.0,True
3729,2.0,88.0,True
3730,0.0,88.0,True
3731,1.0,88.0,True
3732,3.0,88.0,True
3733,1.0,88.0,True
3734,2.0,88.0,True
3735,1.0,88.0,True
3736,-2.0,88.0,True
3737,3.0,88.0,True
3738,5.0,88.0,True
3739,4.0,88.0,True
3740,2.0,88.0,True
3741,2.0,88.0,True
3742,3.0,88.0,True
3743,0.0,88.0,True
3744,4.0,88.0,True
3745,3.0,88.0,True
3746,2.0,88.0,True
3747,2.0,88.0,True
3748,4.0,88.0,True
3749,2.0,88.0,True
3750,5.0,88.0,False
3751,3.0,88.0,True
3752,2.0,88.0,True
3753,3.0,88.0,True
3754,3.0,88.0,True
3755,11.0,88.0,False
3756,-1.0,88.0,False
3757,3.0,88.0,True
3758,-3.0,88.0,False
3759,2.0,88.0,True
3760,5.0,88.0,True
3761,3.0,88.0,True
3762,3.0,88.0,True
3763,2.0,88.0,True
3764,7.0,88.0,True
3765,-3.0,88.0,False
3766,2.0,88.0,False
3767,4.0,88.0,True
3768,1.0,88.0,True
3769,2.0,88.0,True
3770,3.0,88.0,True
3771,4.0,88.0,True
3772,3.0,88.0,True
3773,1.0,88.0,True
3774,3.0,88.0,True
3775,5.0,88.0,False
3776,4.0,88.0,True
3777,0.0,88.0,True
3778,2.0,88.0,True
3779,2.0,88.0,True
3780,5.0,88.0,True
3781,7.0,88.0,True
3782,4.0,88.0,True
3783,2.0,88.0,False
3784,2.0,88.0,True
3785,1.0,88.0,True
3786,2.0,88.0,True
3787,3.0,88.0,False
3788,3.0,88.0,False
3789,2.0,88.0,True
3790,2.0,88.0,True
3791,0.0,88.0,True
3792,5.0,88.0,False
3793,3.0,88.0,True
3794,11.0,88.0,True
3795,0.0,88.0,True
3796,3.0,88.0,True
3797,2.0,88.0,True
3798,3.0,88.0,True
3799,0.0,88.0,True
3800,4.0,88.0,True
3801,3.0,88.0,True
3802,0.0,88.0,False
3803,2.0,88.0,True
3804,9.0,88.0,True
3805,1.0,88.0,True
3806,-1.0,88.0,True
3807,0.0,88.0,True
3808,0.0,88.0,True
3809,0.0,88.0,True
3810,4.0,88.0,True
3811,-4.0,88.0,True
3812,4.0,88.0,True
3813,1.0,88.0,True
3814,0.0,88.0,True
3815,1.0,88.0,True
3816,1.0,88.0,True
3817,3.0,88.0,True
3818,2.0,88.0,True
3819,-1.0,88.0,True
3820,3.0,88.0,True
3821,4.0,88.0,True
3822,2.0,88.0,True
3823,2.0,88.0,True
3824,7.0,88.0,True
3825,20.0,88.0,True
3826,2.0,88.0,True
3827,16.0,88.0,True
3828,1.0,88.0,True
3829,3.0,88.0,True
3830,-3.0,88.0,False
3831,2.0,88.0,True
3832,0.0,88.0,True
3833,5.0,88.0,True
3834,-1.0,88.0,True
3835,-1.0,88.0,True
3836,1.0,88.0,True
3837,1.0,88.0,False
3838,-5.0,88.0,False
3839,0.0,88.0,False
3840,3.0,88.0,True
3841,-1.0,88.0,True
3842,1.0,88.0,True
3843,0.0,88.0,True
3844,1.0,88.0,True
3845,1.0,88.0,True
3846,3.0,88.0,True
3847,11.0,88.0,True
3848,4.0,88.0,False
3849,12.0,88.0,False
3850,6.0,88.0,True
3851,6.0,88.0,True
3852,18.0,88.0,True
3853,12.0,88.0,False
3854,8.0,88.0,True
3855,19.0,88.0,True
3856,12.0,88.0,True
3857,16.0,88.0,True
3858,13.0,88.0,True
3859,17.0,88.0,True
3860,14.0,88.0,True
3861,14.0,88.0,True
3862,17.0,88.0,True
3863,8.0,88.0,True
3864,6.0,88.0,True
3865,12.0,88.0,True
3866,8.0,88.0,True
3867,4.0,88.0,True
3868,10.0,88.0,True
3869,11.0,88.0,True
3870,4.0,88.0,True
3871,2.0,88.0,True
3872,12.0,88.0,True
3873,15.0,88.0,True
3874,14.0,88.0,True
3875,23.0,88.0,True
3876,18.0,88.0,True
3877,18.0,88.0,True
3878,11.0,88.0,True
3879,15.0,88.0,True
3880,10.0,88.0,True
3881,6.0,88.0,True
3882,3.0,88.0,True
3883,2.0,88.0,True
3884,7.0,88.0,True
3885,30.0,88.0,True
3886,3.0,88.0,True
3887,3.0,88.0,True
3888,13.0,88.0,True
3889,4.0,88.0,True
3890,12.0,88.0,False
3891,10.0,88.0,True
3892,7.0,88.0,True
3893,11.0,88.0,False
3894,13.0,88.0,True
3895,25.0,88.0,True
3896,4.0,88.0,True
3897,4.0,88.0,True
3898,12.0,88.0,True
3899,5.0,88.0,True
3900,12.0,88.0,True
3901,1.0,88.0,True
3902,10.0,88.0,True
3903,3.0,88.0,True
3904,2.0,88.0,True
3905,2.0,88.0,True
3906,7.0,88.0,False
3907,2.0,88.0,True
3908,4.0,88.0,False
3909,0.0,88.0,True
3910,3.0,88.0,True
3911,0.0,88.0,True
3912,6.0,88.0,True
3913,8.0,88.0,False
3914,3.0,88.0,True
3915,4.0,88.0,False
3916,2.0,88.0,True
3917,1.0,88.0,True
3918,13.0,88.0,True
3919,1.0,88.0,True
3920,5.0,88.0,True
3921,2.0,88.0,True
3922,4.0,88.0,True
3923,4.0,88.0,True
3924,3.0,88.0,True
3925,5.0,88.0,False
3926,2.0,88.0,True
3927,17.0,88.0,True
3928,8.0,88.0,True
3929,4.0,88.0,False
3930,12.0,88.0,False
3931,6.0,88.0,True
3932,11.0,88.0,True
3933,6.0,88.0,True
3934,4.0,88.0,True
3935,9.0,88.0,True
3936,1.0,88.0,True
3937,4.0,88.0,True
3938,8.0,88.0,True
3939,8.0,88.0,True
3940,10.0,88.0,True
3941,11.0,88.0,True
3942,10.0,88.0,True
3943,11.0,88.0,True
3944,5.0,88.0,True
3945,8.0,88.0,True
3946,3.0,88.0,True
3947,3.0,88.0,True
3948,2.0,88.0,True
3949,3.0,88.0,True
3950,10.0,88.0,False
3951,4.0,88.0,False
3952,5.0,88.0,True
3953,2.0,88.0,True
3954,4.0,88.0,True
3955,12.0,88.0,True
3956,4.0,88.0,True
3957,7.0,88.0,False
3958,6.0,88.0,False
3959,12.0,88.0,True
3960,5.0,88.0,True
3961,5.0,88.0,False
3962,-3.0,88.0,False
3963,-2.0,88.0,True
3964,9.0,88.0,True
3965,15.0,88.0,False
3966,5.0,88.0,True
3967,1.0,88.0,True
3968,11.0,88.0,True
3969,6.0,88.0,False
3970,2.0,88.0,True
3971,6.0,88.0,True
3972,10.0,88.0,True
3973,1.0,88.0,True
3974,4.0,88.0,False
3975,2.0,88.0,True
3976,7.0,88.0,True
3977,3.0,88.0,True
3978,2.0,88.0,True
3979,1.0,88.0,True
3980,1.0,88.0,True
3981,-3.0,88.0,True
3982,-1.0,88.0,False
3983,-3.0,88.0,True
3984,-1.0,88.0,True
3985,-12.0,88.0,True
3986,2.0,88.0,True
3987,0.0,88.0,True
3988,1.0,88.0,True
3989,0.0,88.0,True
3990,-6.0,88.0,True
3991,4.0,88.0,True
3992,10.0,88.0,True
3993,0.0,88.0,True
3994,2.0,88.0,True
3995,4.0,88.0,True
3996,3.0,88.0,True
3997,9.0,88.0,False
3998,3.0,88.0,True
3999,14.0,88.0,True
4000,7.0,88.0,True
4001,6.0,88.0,False
4002,17.0,88.0,True
4003,12.0,88.0,True
4004,6.0,88.0,True
4005,6.0,88.0,True
4006,5.0,88.0,False
4007,6.0,88.0,True
4008,5.0,88.0,True
4009,9.0,88.0,True
4010,12.0,88.0,True
4011,7.0,88.0,False
4012,13.0,88.0,True
4013,8.0,88.0,True
4014,6.0,88.0,True
4015,5.0,88.0,True
4016,4.0,88.0,True
4017,8.0,88.0,True
4018,5.0,88.0,True
4019,3.0,88.0,True
4020,19.0,88.0,True
4021,10.0,88.0,True
4022,6.0,88.0,True
4023,21.0,88.0,True
4024,12.0,88.0,True
4025,8.0,88.0,True
4026,3.0,88.0,True
4027,9.0,88.0,True
4028,7.0,88.0,False
4029,5.0,88.0,False
4030,6.0,88.0,True
4031,5.0,88.0,True
4032,7.0,88.0,True
4033,5.0,88.0,False
4034,5.0,88.0,True
4035,5.0,88.0,True
4036,7.0,88.0,True
4037,6.0,88.0,True
4038,5.0,88.0,True
4039,6.0,88.0,True
4040,13.0,88.0,True
4041,12.0,88.0,False
4042,4.0,88.0,True
4043,2.0,88.0,True
4044,4.0,88.0,False
4045,3.0,88.0,True
4046,8.0,88.0,True
4047,7.0,88.0,True
4048,8.0,88.0,True
4049,11.0,88.0,True
4050,3.0,88.0,True
4051,8.0,88.0,False
4052,6.0,88.0,True
4053,6.0,88.0,True
4054,11.0,88.0,True
4055,5.0,88.0,True
4056,6.0,88.0,False
4057,4.0,88.0,True
4058,1.0,88.0,True
4059,1.0,88.0,True
4060,0.0,88.0,True
4061,10.0,88.0,True
4062,4.0,88.0,True
4063,3.0,88.0,True
4064,1.0,88.0,True
4065,6.0,88.0,True
4066,1.0,88.0,True
4067,4.0,88.0,True
4068,4.0,88.0,True
4069,8.0,88.0,True
4070,2.0,88.0,True
4071,17.0,88.0,True
4072,37.0,88.0,False
4073,32.0,88.0,True
4074,28.0,88.0,False
4075,36.0,88.0,True
4076,28.0,88.0,False
4077,16.0,88.0,True
4078,45.0,88.0,True
4079,28.0,88.0,False
4080,28.0,88.0,True
4081,44.0,88.0,True
4082,24.0,88.0,False
4083,29.0,88.0,False
4084,22.0,88.0,True
4085,22.0,88.0,False
4086,35.0,88.0,True
4087,15.0,88.0,True
4088,36.0,88.0,True
4089,21.0,88.0,True
4090,31.0,88.0,True
4091,38.0,88.0,True
4092,30.0,88.0,True
4093,32.0,88.0,False
4094,31.0,88.0,False
4095,36.0,88.0,True
4096,26.0,88.0,True
4097,32.0,88.0,True
4098,23.0,88.0,False
4099,17.0,88.0,True
4100,21.0,88.0,True
4101,27.0,88.0,False
4102,25.0,88.0,True
4103,28.0,88.0,True
4104,30.0,88.0,True
4105,22.0,88.0,True
4106,16.0,88.0,True
4107,38.0,88.0,True
4108,25.0,88.0,False
4109,38.0,88.0,True
4110,19.0,88.0,True
4111,26.0,88.0,False
4112,28.0,88.0,True
4113,33.0,88.0,True
4114,16.0,88.0,True
4115,35.0,88.0,True
4116,23.0,88.0,True
4117,18.0,88.0,False
4118,25.0,88.0,True
4119,22.0,88.0,False
4120,10.0,88.0,True
4121,13.0,88.0,False
4122,31.0,88.0,True
4123,12.0,88.0,True
4124,12.0,88.0,False
4125,12.0,88.0,True
4126,19.0,88.0,True
4127,20.0,88.0,True
4128,28.0,88.0,True
4129,7.0,88.0,True
4130,18.0,88.0,True
4131,27.0,88.0,True
4132,21.0,88.0,True
4133,2.0,88.0,True
4134,26.0,88.0,True
4135,19.0,88.0,True
4136,15.0,88.0,True
4137,17.0,88.0,True
4138,2.0,88.0,True
4139,-8.0,88.0,True
4140,9.0,88.0,True
4141,26.0,88.0,True
4142,10.0,88.0,True
4143,22.0,88.0,True
4144,20.0,88.0,True
4145,19.0,88.0,False
4146,23.0,88.0,True
4147,5.0,88.0,True
4148,28.0,88.0,True
4149,4.0,88.0,True
4150,9.0,88.0,False
4151,12.0,88.0,True
4152,31.0,88.0,True
4153,23.0,88.0,True
4154,14.0,88.0,True
4155,13.0,88.0,True
4156,14.0,88.0,True
4157,24.0,88.0,True
4158,22.0,88.0,True
4159,20.0,88.0,True
4160,5.0,88.0,False
4161,32.0,88.0,False
4162,18.0,88.0,True
4163,24.0,88.0,True
4164,14.0,88.0,True
4165,15.0,88.0,True
4166,7.0,88.0,True
4167,5.0,88.0,True
4168,19.0,88.0,True
4169,28.0,88.0,True
4170,34.0,88.0,False
4171,35.0,88.0,True
4172,37.0,88.0,False
4173,14.0,88.0,True
4174,20.0,88.0,True
4175,34.0,88.0,True
4176,28.0,88.0,True
4177,16.0,88.0,False
4178,3.0,88.0,True
4179,-1.0,88.0,True
4180,-7.0,88.0,True
4181,-8.0,88.0,True
4182,-1.0,88.0,True
4183,-3.0,88.0,True
4184,0.0,88.0,True
4185,-5.0,88.0,True
4186,-4.0,88.0,True
4187,2.0,88.0,True
4188,1.0,88.0,True
4189,3.0,88.0,True
4190,-6.0,88.0,True
4191,0.0,88.0,True
4192,2.0,88.0,True
4193,4.0,88.0,True
4194,-1.0,88.0,True
4195,5.0,88.0,True
4196,-2.0,88.0,True
4197,-9.0,88.0,False
4198,5.0,88.0,True
4199,-5.0,88.0,True
4200,3.0,88.0,True
4201,-5.0,88.0,True
4202,3.0,88.0,True
4203,2.0,88.0,False
4204,1.0,88.0,True
4205,0.0,88.0,False
4206,2.0,88.0,True
4207,-4.0,88.0,True
4208,0.0,88.0,True
4209,0.0,88.0,False
4210,-4.0,88.0,True
4211,3.0,88.0,True
4212,-1.0,88.0,True
4213,0.0,88.0,True
4214,10.0,88.0,True
4215,2.0,88.0,True
4216,4.0,88.0,True
4217,18.0,88.0,True
4218,5.0,88.0,False
4219,4.0,88.0,True
4220,11.0,88.0,True
4221,2.0,88.0,False
4222,6.0,88.0,True
4223,10.0,88.0,True
4224,3.0,88.0,True
4225,7.0,88.0,True
4226,1.0,88.0,True
4227,28.0,88.0,True
4228,9.0,88.0,False
4229,14.0,88.0,True
4230,1.0,88.0,True
4231,3.0,88.0,True
4232,15.0,88.0,True
4233,3.0,88.0,True
4234,8.0,88.0,False
4235,19.0,88.0,False
4236,7.0,88.0,True
4237,8.0,88.0,True
4238,0.0,88.0,False
4239,26.0,88.0,True
4240,60.0,88.0,False
4241,67.0,88.0,True
4242,51.0,88.0,True
4243,11.0,88.0,True
4244,37.0,88.0,True
4245,27.0,88.0,True
4246,11.0,88.0,False
4247,18.0,88.0,False
4248,22.0,88.0,False
4249,6.0,88.0,False
4250,28.0,88.0,False
4251,23.0,88.0,False
4252,40.0,88.0,False
4253,24.0,88.0,True
4254,11.0,88.0,True
4255,14.0,88.0,False
4256,20.0,88.0,True
4257,-4.0,88.0,True
4258,13.0,88.0,False
4259,10.0,88.0,True
4260,6.0,88.0,False
4261,19.0,88.0,True
4262,22.0,88.0,True
4263,17.0,88.0,True
4264,26.0,88.0,False
4265,23.0,88.0,False
4266,9.0,88.0,True
4267,4.0,88.0,True
4268,37.0,88.0,False
4269,1.0,88.0,True
4270,6.0,88.0,True
4271,12.0,88.0,True
4272,3.0,88.0,True
4273,4.0,88.0,True
4274,14.0,88.0,True
4275,6.0,88.0,True
4276,6.0,88.0,True
4277,23.0,88.0,True
4278,0.0,88.0,True
4279,2.0,88.0,True
4280,4.0,88.0,True
4281,6.0,88.0,True
4282,32.0,88.0,True
4283,21.0,88.0,True
4284,31.0,88.0,True
4285,10.0,88.0,True
4286,-1.0,88.0,True
4287,5.0,88.0,True
4288,4.0,88.0,False
4289,5.0,88.0,True
4290,9.0,88.0,True
4291,7.0,88.0,True
4292,4.0,88.0,True
4293,13.0,88.0,True
4294,47.0,88.0,True
4295,31.0,88.0,True
4296,29.0,88.0,True
4297,27.0,88.0,False
4298,40.0,88.0,False
4299,28.0,88.0,False
4300,15.0,88.0,True
4301,5.0,88.0,True
4302,20.0,88.0,True
4303,6.0,88.0,False
4304,15.0,88.0,True
4305,23.0,88.0,True
4306,6.0,88.0,True
4307,10.0,88.0,True
4308,12.0,88.0,True
4309,16.0,88.0,True
4310,19.0,88.0,True
4311,5.0,88.0,True
4312,14.0,88.0,True
4313,10.0,88.0,True
4314,9.0,88.0,False
4315,11.0,88.0,True
4316,6.0,88.0,True
4317,7.0,88.0,False
4318,13.0,88.0,True
4319,31.0,88.0,True
4320,20.0,88.0,False
4321,29.0,88.0,True
4322,24.0,88.0,True
4323,28.0,88.0,False
4324,34.0,88.0,True
4325,22.0,88.0,True
4326,49.0,88.0,True
4327,45.0,88.0,True
4328,28.0,88.0,True
4329,41.0,88.0,True
4330,50.0,88.0,True
4331,40.0,88.0,True
4332,23.0,88.0,False
4333,45.0,88.0,True
4334,17.0,88.0,True
4335,28.0,88.0,True
4336,36.0,88.0,True
4337,47.0,88.0,True
4338,39.0,88.0,True
4339,40.0,88.0,False
4340,52.0,88.0,True
4341,43.0,88.0,False
4342,51.0,88.0,True
4343,45.0,88.0,True
4344,56.0,88.0,True
4345,27.0,88.0,False
4346,40.0,88.0,False
4347,38.0,88.0,True
4348,53.0,88.0,True
4349,48.0,88.0,False
4350,38.0,88.0,False
4351,46.0,88.0,True
4352,37.0,88.0,True
4353,47.0,88.0,True
4354,45.0,88.0,True
4355,40.0,88.0,True
4356,55.0,88.0,True
4357,39.0,88.0,True
4358,16.0,88.0,True
4359,0.0,88.0,True
4360,-1.0,88.0,True
4361,27.0,88.0,True
4362,14.0,88.0,True
4363,10.0,88.0,True
4364,10.0,88.0,True
4365,45.0,88.0,True
4366,24.0,88.0,False
4367,53.0,88.0,False
4368,30.0,88.0,True
4369,17.0,88.0,False
4370,32.0,88.0,True
4371,46.0,88.0,True
4372,29.0,88.0,False
4373,20.0,88.0,False
4374,45.0,88.0,False
4375,34.0,88.0,True
4376,34.0,88.0,True
4377,31.0,88.0,False
4378,13.0,88.0,True
4379,18.0,88.0,True
4380,38.0,88.0,True
4381,3.0,88.0,False
4382,8.0,88.0,True
4383,30.0,88.0,True
4384,42.0,88.0,False
4385,29.0,88.0,True
4386,37.0,88.0,True
4387,25.0,88.0,True
4388,50.0,88.0,True
4389,46.0,88.0,True
4390,36.0,88.0,True
4391,53.0,88.0,True
4392,55.0,88.0,True
4393,65.0,88.0,True
4394,34.0,88.0,True
4395,38.0,88.0,False
4396,25.0,88.0,True
4397,39.0,88.0,True
4398,41.0,88.0,True
4399,52.0,88.0,True
4400,43.0,88.0,True
4401,47.0,88.0,True
4402,63.0,88.0,True
4403,24.0,88.0,False
4404,52.0,88.0,True
4405,47.0,88.0,True
4406,47.0,88.0,True
4407,42.0,88.0,False
4408,47.0,88.0,True
4409,35.0,88.0,True
4410,39.0,88.0,True
4411,31.0,88.0,True
4412,42.0,88.0,False
4413,44.0,88.0,False
4414,44.0,88.0,True
4415,45.0,88.0,True
4416,56.0,88.0,True
4417,42.0,88.0,True
4418,26.0,88.0,True
4419,48.0,88.0,False
4420,41.0,88.0,True
4421,37.0,88.0,True
4422,27.0,88.0,True
4423,58.0,88.0,True
4424,33.0,88.0,True
4425,38.0,88.0,False
4426,40.0,88.0,True
4427,19.0,88.0,True
4428,36.0,88.0,True
4429,28.0,88.0,False
4430,62.0,88.0,True
4431,29.0,88.0,False
4432,39.0,88.0,True
4433,37.0,88.0,False
4434,35.0,88.0,True
4435,30.0,88.0,True
4436,48.0,88.0,True
4437,50.0,88.0,True
4438,36.0,88.0,True
4439,20.0,88.0,True
4440,36.0,88.0,True
4441,48.0,88.0,True
4442,15.0,88.0,False
4443,22.0,88.0,True
4444,29.0,88.0,False
4445,38.0,88.0,False
4446,41.0,88.0,False
4447,35.0,88.0,True
4448,47.0,88.0,True
4449,40.0,88.0,False
4450,37.0,88.0,True
4451,40.0,88.0,True
4452,10.0,88.0,False
4453,39.0,88.0,True
4454,41.0,88.0,False
4455,46.0,88.0,True
4456,28.0,88.0,True
4457,45.0,88.0,True
4458,46.0,88.0,True
4459,33.0,88.0,True
4460,39.0,88.0,True
4461,43.0,88.0,True
4462,29.0,88.0,False
4463,38.0,88.0,True
4464,30.0,88.0,True
4465,24.0,88.0,True
4466,38.0,88.0,True
4467,12.0,88.0,False
4468,44.0,88.0,True
4469,48.0,88.0,True
4470,58.0,88.0,True
4471,30.0,88.0,True
4472,44.0,88.0,True
4473,43.0,88.0,True
4474,31.0,88.0,True
4475,38.0,88.0,True
4476,53.0,88.0,True
4477,35.0,88.0,True
4478,42.0,88.0,True
4479,39.0,88.0,False
4480,15.0,88.0,False
4481,15.0,88.0,False
4482,43.0,88.0,True
4483,45.0,88.0,True
4484,47.0,88.0,True
4485,27.0,88.0,True
4486,48.0,88.0,True
4487,45.0,88.0,True
4488,44.0,88.0,True
4489,36.0,88.0,False
4490,30.0,88.0,True
4491,41.0,88.0,False
4492,41.0,88.0,True
4493,48.0,88.0,True
4494,23.0,88.0,True
4495,31.0,88.0,True
4496,35.0,88.0,True
4497,50.0,88.0,True
4498,24.0,88.0,False
4499,30.0,88.0,False
4500,48.0,88.0,True
4501,44.0,88.0,True
4502,65.0,88.0,True
4503,56.0,88.0,True
4504,53.0,88.0,True
4505,51.0,88.0,True
4506,47.0,88.0,True
4507,48.0,88.0,True
4508,44.0,88.0,False
4509,39.0,88.0,True
4510,34.0,88.0,False
4511,49.0,88.0,False
4512,48.0,88.0,True
4513,48.0,88.0,True
4514,56.0,88.0,True
4515,34.0,88.0,True
4516,35.0,88.0,True
4517,52.0,88.0,True
4518,41.0,88.0,False
4519,51.0,88.0,True
4520,50.0,88.0,True
4521,37.0,88.0,True
4522,37.0,88.0,False
4523,55.0,88.0,True
4524,50.0,88.0,True
4525,57.0,88.0,True
4526,35.0,88.0,True
4527,50.0,88.0,True
4528,48.0,88.0,True
4529,47.0,88.0,False
4530,39.0,88.0,True
4531,27.0,88.0,True
4532,25.0,88.0,True
4533,16.0,88.0,False
4534,17.0,88.0,True
4535,29.0,88.0,True
4536,22.0,88.0,True
4537,31.0,88.0,True
4538,14.0,88.0,True
4539,15.0,88.0,True
4540,15.0,88.0,False
4541,20.0,88.0,False
4542,33.0,88.0,True
4543,31.0,88.0,True
4544,32.0,88.0,True
4545,28.0,88.0,True
4546,29.0,88.0,True
4547,20.0,88.0,True
4548,20.0,88.0,True
4549,47.0,88.0,True
4550,41.0,88.0,True
4551,20.0,88.0,False
4552,17.0,88.0,True
4553,32.0,88.0,True
4554,36.0,88.0,True
4555,9.0,88.0,False
4556,32.0,88.0,True
4557,32.0,88.0,True
4558,22.0,88.0,True
4559,25.0,88.0,True
4560,14.0,88.0,False
4561,41.0,88.0,True
4562,23.0,88.0,True
4563,17.0,88.0,True
4564,10.0,88.0,True
4565,-1.0,88.0,True
4566,22.0,88.0,True
4567,28.0,88.0,True
4568,4.0,88.0,True
4569,9.0,88.0,True
4570,23.0,88.0,True
4571,20.0,88.0,True
4572,22.0,88.0,True
4573,14.0,88.0,True
4574,23.0,88.0,True
4575,47.0,88.0,False
4576,49.0,88.0,True
4577,46.0,88.0,True
4578,33.0,88.0,True
4579,43.0,88.0,True
4580,55.0,88.0,True
4581,60.0,88.0,True
4582,48.0,88.0,True
4583,41.0,88.0,True
4584,33.0,88.0,False
4585,41.0,88.0,True
4586,43.0,88.0,False
4587,37.0,88.0,True
4588,35.0,88.0,True
4589,50.0,88.0,False
4590,58.0,88.0,False
4591,36.0,88.0,True
4592,37.0,88.0,True
4593,34.0,88.0,True
4594,46.0,88.0,True
4595,47.0,88.0,True
4596,43.0,88.0,True
4597,28.0,88.0,True
4598,40.0,88.0,True
4599,50.0,88.0,True
4600,44.0,88.0,False
4601,40.0,88.0,True
4602,50.0,88.0,True
4603,28.0,88.0,True
4604,46.0,88.0,True
4605,42.0,88.0,False
4606,48.0,88.0,True
4607,37.0,88.0,False
4608,43.0,88.0,True
4609,54.0,88.0,True
4610,58.0,88.0,True
4611,57.0,88.0,False
4612,38.0,88.0,True
4613,38.0,88.0,True
4614,45.0,88.0,True
4615,37.0,88.0,True
4616,53.0,88.0,True
4617,39.0,88.0,True
4618,38.0,88.0,False
4619,47.0,88.0,True
4620,55.0,88.0,True
4621,55.0,88.0,True
4622,39.0,88.0,False
4623,38.0,88.0,True
4624,46.0,88.0,True
4625,35.0,88.0,True
4626,49.0,88.0,True
4627,60.0,88.0,True
4628,46.0,88.0,True
4629,38.0,88.0,True
4630,44.0,88.0,True
4631,44.0,88.0,True
4632,30.0,88.0,True
4633,44.0,88.0,False
4634,44.0,88.0,True
4635,49.0,88.0,True
4636,43.0,88.0,True
4637,39.0,88.0,False
4638,26.0,88.0,True
4639,44.0,88.0,True
4640,40.0,88.0,True
4641,35.0,88.0,True
4642,44.0,88.0,True
4643,52.0,88.0,True
4644,57.0,88.0,True
4645,39.0,88.0,True
4646,54.0,88.0,True
4647,45.0,88.0,False
4648,46.0,88.0,True
4649,62.0,88.0,True
4650,55.0,88.0,True
4651,44.0,88.0,True
4652,61.0,88.0,True
4653,51.0,88.0,True
4654,46.0,88.0,False
4655,49.0,88.0,True
4656,48.0,88.0,True
4657,43.0,88.0,True
4658,36.0,88.0,True
4659,39.0,88.0,True
4660,35.0,88.0,True
4661,43.0,88.0,True
4662,38.0,88.0,True
4663,43.0,88.0,True
4664,47.0,88.0,True
4665,41.0,88.0,True
4666,34.0,88.0,False
4667,43.0,88.0,False
4668,42.0,88.0,False
4669,30.0,88.0,False
4670,49.0,88.0,True
4671,47.0,88.0,True
4672,30.0,88.0,True
4673,40.0,88.0,True
4674,28.0,88.0,True
4675,40.0,88.0,True
4676,48.0,88.0,True
4677,51.0,88.0,True
4678,39.0,88.0,True
4679,37.0,88.0,True
4680,34.0,88.0,True
4681,33.0,88.0,True
4682,29.0,88.0,True
4683,43.0,88.0,True
4684,45.0,88.0,True
4685,31.0,88.0,True
4686,37.0,88.0,False
4687,39.0,88.0,True
4688,39.0,88.0,True
4689,40.0,88.0,True
4690,38.0,88.0,True
4691,34.0,88.0,True
4692,38.0,88.0,False
4693,51.0,88.0,True
4694,27.0,88.0,True
4695,26.0,88.0,True
4696,43.0,88.0,True
4697,43.0,88.0,True
4698,34.0,88.0,True
4699,37.0,88.0,True
4700,36.0,88.0,True
4701,24.0,88.0,True
4702,44.0,88.0,False
4703,28.0,88.0,True
4704,45.0,88.0,True
4705,26.0,88.0,True
4706,46.0,88.0,True
4707,43.0,88.0,True
4708,32.0,88.0,True
4709,65.0,88.0,True
4710,52.0,88.0,True
4711,62.0,88.0,False
4712,56.0,88.0,False
4713,65.0,88.0,False
4714,65.0,88.0,False
4715,65.0,88.0,True
4716,47.0,88.0,False
4717,63.0,88.0,True
4718,57.0,88.0,False
4719,65.0,88.0,True
4720,69.0,88.0,True
4721,58.0,88.0,True
4722,37.0,88.0,True
4723,45.0,88.0,True
4724,47.0,88.0,True
4725,28.0,88.0,False
4726,55.0,88.0,True
4727,61.0,88.0,True
4728,62.0,88.0,True
4729,69.0,88.0,False
4730,43.0,88.0,True
4731,69.0,88.0,True
4732,55.0,88.0,True
4733,59.0,88.0,True
4734,64.0,88.0,True
4735,54.0,88.0,True
4736,49.0,88.0,True
4737,65.0,88.0,True
4738,46.0,88.0,True
4739,62.0,88.0,True
4740,61.0,88.0,True
4741,67.0,88.0,True
4742,56.0,88.0,False
4743,55.0,88.0,True
4744,52.0,88.0,True
4745,67.0,88.0,True
4746,58.0,88.0,True
4747,47.0,88.0,False
4748,72.0,88.0,True
4749,70.0,88.0,False
4750,72.0,88.0,True
4751,57.0,88.0,True
4752,43.0,88.0,True
4753,60.0,88.0,True
4754,58.0,88.0,True
4755,70.0,88.0,True
4756,65.0,88.0,True
4757,58.0,88.0,False
4758,54.0,88.0,True
4759,53.0,88.0,True
4760,81.0,88.0,True
4761,64.0,88.0,True
4762,74.0,88.0,False
4763,67.0,88.0,True
4764,74.0,88.0,True
4765,55.0,88.0,False
4766,56.0,88.0,False
4767,59.0,88.0,True
4768,62.0,88.0,True
4769,71.0,88.0,True
4770,48.0,88.0,True
4771,75.0,88.0,True
4772,61.0,88.0,True
4773,50.0,88.0,True
4774,66.0,88.0,False
4775,77.0,88.0,True
4776,53.0,88.0,True
4777,56.0,88.0,False
4778,74.0,88.0,True
4779,59.0,88.0,True
4780,59.0,88.0,True
4781,52.0,88.0,True
4782,58.0,88.0,True
4783,48.0,88.0,True
4784,53.0,88.0,True
4785,61.0,88.0,True
4786,53.0,88.0,True
4787,75.0,88.0,True
4788,75.0,88.0,True
4789,61.0,88.0,True
4790,62.0,88.0,False
4791,74.0,88.0,False
4792,71.0,88.0,True
4793,53.0,88.0,True
4794,60.0,88.0,True
4795,37.0,88.0,True
4796,42.0,88.0,True
4797,44.0,88.0,True
4798,49.0,88.0,True
4799,66.0,88.0,True
4800,46.0,88.0,True
4801,49.0,88.0,True
4802,70.0,88.0,True
4803,62.0,88.0,True
4804,64.0,88.0,True
4805,63.0,88.0,True
4806,63.0,88.0,True
4807,63.0,88.0,True
4808,57.0,88.0,True
4809,57.0,88.0,True
4810,58.0,88.0,True
4811,72.0,88.0,True
4812,64.0,88.0,False
4813,55.0,88.0,True
4814,67.0,88.0,True
4815,65.0,88.0,True
4816,57.0,88.0,True
4817,70.0,88.0,False
4818,59.0,88.0,True
4819,64.0,88.0,True
4820,74.0,88.0,True
4821,60.0,88.0,False
4822,59.0,88.0,False
4823,67.0,88.0,True
4824,62.0,88.0,True
4825,61.0,88.0,True
4826,59.0,88.0,True
4827,70.0,88.0,False
4828,61.0,88.0,False
4829,41.0,88.0,True
4830,59.0,88.0,True
4831,78.0,88.0,False
4832,62.0,88.0,True
4833,56.0,88.0,True
4834,62.0,88.0,True
4835,55.0,88.0,True
4836,59.0,88.0,True
4837,45.0,88.0,True
4838,37.0,88.0,True
4839,71.0,88.0,True
4840,58.0,88.0,True
4841,65.0,88.0,True
4842,70.0,88.0,True
4843,53.0,88.0,True
4844,66.0,88.0,True
4845,42.0,88.0,False
4846,45.0,88.0,True
4847,58.0,88.0,True
4848,51.0,88.0,True
4849,56.0,88.0,False
4850,56.0,88.0,True
4851,59.0,88.0,True
4852,54.0,88.0,True
4853,60.0,88.0,True
4854,65.0,88.0,True
4855,71.0,88.0,True
4856,63.0,88.0,True
4857,58.0,88.0,False
4858,65.0,88.0,True
4859,52.0,88.0,True
4860,58.0,88.0,False
4861,53.0,88.0,True
4862,53.0,88.0,True
4863,66.0,88.0,True
4864,59.0,88.0,True
4865,60.0,88.0,True
4866,57.0,88.0,False
4867,60.0,88.0,True
4868,71.0,88.0,False
4869,45.0,88.0,False
4870,70.0,88.0,True
4871,50.0,88.0,True
4872,58.0,88.0,True
4873,67.0,88.0,True
4874,59.0,88.0,True
4875,69.0,88.0,True
4876,46.0,88.0,False
4877,66.0,88.0,True
4878,70.0,88.0,True
4879,58.0,88.0,False
4880,69.0,88.0,True
4881,57.0,88.0,True
4882,67.0,88.0,True
4883,57.0,88.0,True
4884,63.0,88.0,False
4885,57.0,88.0,True
4886,70.0,88.0,False
4887,74.0,88.0,True
4888,65.0,88.0,True
4889,66.0,88.0,True
4890,70.0,88.0,True
4891,67.0,88.0,True
4892,62.0,88.0,True
4893,63.0,88.0,True
4894,51.0,88.0,True
4895,64.0,88.0,True
4896,38.0,88.0,True
4897,59.0,88.0,True
4898,60.0,88.0,True
4899,66.0,88.0,False
4900,65.0,88.0,True
4901,49.0,88.0,False
4902,66.0,88.0,True
4903,53.0,88.0,True
4904,65.0,88.0,True
4905,60.0,88.0,True
4906,66.0,88.0,False
4907,54.0,88.0,True
4908,68.0,88.0,True
4909,74.0,88.0,True
4910,54.0,88.0,False
4911,48.0,88.0,True
4912,44.0,88.0,True
4913,43.0,88.0,True
4914,62.0,88.0,True
4915,61.0,88.0,False
4916,64.0,88.0,True
4917,56.0,88.0,False
4918,56.0,88.0,True
4919,62.0,88.0,True
4920,61.0,88.0,True
4921,54.0,88.0,True
4922,76.0,88.0,True
4923,38.0,88.0,True
4924,63.0,88.0,False
4925,58.0,88.0,False
4926,48.0,88.0,True
4927,55.0,88.0,True
4928,60.0,88.0,True
4929,70.0,88.0,False
4930,63.0,88.0,True
4931,67.0,88.0,True
4932,65.0,88.0,True
4933,53.0,88.0,True
4934,61.0,88.0,True
4935,57.0,88.0,True
4936,65.0,88.0,True
4937,70.0,88.0,True
4938,58.0,88.0,False
4939,64.0,88.0,True
4940,62.0,88.0,False
4941,70.0,88.0,True
4942,74.0,88.0,True
4943,72.0,88.0,True
4944,66.0,88.0,True
4945,73.0,88.0,False
4946,78.0,88.0,True
4947,71.0,88.0,True
4948,53.0,88.0,True
4949,69.0,88.0,True
4950,67.0,88.0,True
4951,57.0,88.0,True
4952,79.0,88.0,False
4953,60.0,88.0,True
4954,74.0,88.0,False
4955,74.0,88.0,False
4956,78.0,88.0,True
4957,60.0,88.0,True
4958,55.0,88.0,True
4959,60.0,88.0,True
4960,68.0,88.0,False
4961,72.0,88.0,True
4962,74.0,88.0,True
4963,69.0,88.0,True
4964,80.0,88.0,True
4965,73.0,88.0,True
4966,63.0,88.0,True
4967,64.0,88.0,True
4968,65.0,88.0,True
4969,55.0,88.0,True
4970,75.0,88.0,True
4971,56.0,88.0,True
4972,61.0,88.0,False
4973,68.0,88.0,False
4974,65.0,88.0,True
4975,75.0,88.0,True
4976,64.0,88.0,True
4977,69.0,88.0,True
4978,65.0,88.0,False
4979,65.0,88.0,False
4980,62.0,88.0,True
4981,68.0,88.0,False
4982,54.0,88.0,False
4983,59.0,88.0,False
4984,76.0,88.0,True
4985,72.0,88.0,True
4986,61.0,88.0,False
4987,72.0,88.0,False
4988,64.0,88.0,True
4989,71.0,88.0,True
4990,63.0,88.0,True
4991,65.0,88.0,True
4992,79.0,88.0,True
4993,72.0,88.0,True
4994,65.0,88.0,False
4995,69.0,88.0,True
4996,56.0,88.0,True
4997,57.0,88.0,True
4998,68.0,88.0,True
4999,66.0,88.0,True
