0,0.0,0.0,True
1,0.0,0.0,True
2,0.0,0.0,True
3,0.0,0.0,True
4,0.0,0.0,True
5,0.0,0.0,True
6,0.0,0.0,True
7,0.0,0.0,True
8,0.0,0.0,True
9,0.0,0.0,True
10,0.0,0.0,True
11,2960.0,5200.0,True
12,2960.0,5200.0,True
13,3320.0,5200.0,True
14,2760.0,5200.0,False
15,3120.0,5200.0,False
16,3960.0,6600.0,False
17,3440.0,6600.0,False
18,3400.0,6600.0,False
19,3000.0,6600.0,True
20,3160.0,6600.0,True
21,2720.0,6600.0,False
22,3640.0,6600.0,True
23,3840.0,6800.0,True
24,3240.0,6800.0,False
25,3680.0,6800.0,True
26,4040.0,6800.0,False
27,3560.0,6800.0,True
28,3440.0,6800.0,False
29,3840.0,6800.0,True
30,3160.0,6800.0,False
31,4240.0,6800.0,True
32,4080.0,6800.0,False
33,4160.0,6800.0,True
34,3960.0,6800.0,True
35,2800.0,6800.0,False
36,3880.0,6800.0,False
37,4120.0,6800.0,True
38,3840.0,6800.0,True
39,3560.0,6800.0,False
40,3960.0,6800.0,True
41,3760.0,6800.0,False
42,3720.0,6800.0,False
43,3880.0,7400.0,True
44,3800.0,7400.0,False
45,4840.0,7400.0,False
46,3600.0,7400.0,True
47,4240.0,7400.0,False
48,4160.0,7400.0,True
49,4160.0,7400.0,True
50,3880.0,7400.0,True
51,4320.0,7400.0,True
52,3960.0,7400.0,True
53,3320.0,7400.0,False
54,3720.0,7400.0,True
55,3480.0,7400.0,True
56,3920.0,7400.0,True
57,3400.0,7400.0,True
58,3200.0,7400.0,True
59,4200.0,7400.0,True
60,3800.0,7400.0,False
61,3960.0,7400.0,True
62,2920.0,7400.0,False
63,4440.0,7400.0,True
64,3280.0,7400.0,False
65,4600.0,7400.0,True
66,3680.0,7400.0,True
67,3520.0,7400.0,True
68,3440.0,7400.0,True
69,3560.0,7400.0,False
70,2680.0,7400.0,False
71,3920.0,7400.0,False
72,4680.0,7400.0,True
73,3960.0,7400.0,False
74,2880.0,7400.0,True
75,3440.0,7400.0,False
76,3640.0,7400.0,True
77,3760.0,7400.0,False
78,4160.0,7400.0,False
79,4080.0,7400.0,False
80,3480.0,7400.0,True
81,4080.0,7400.0,True
82,4760.0,7400.0,False
83,2920.0,7400.0,True
84,3960.0,7400.0,True
85,4080.0,7400.0,True
86,4080.0,7400.0,True
87,4200.0,7400.0,False
88,2800.0,7400.0,False
89,3400.0,7400.0,True
90,3680.0,7400.0,False
91,3720.0,7400.0,True
92,4320.0,7400.0,False
93,3720.0,7400.0,True
94,4240.0,7400.0,True
95,4560.0,7400.0,True
96,5640.0,7400.0,False
97,4360.0,7400.0,True
98,4440.0,7800.0,True
99,4040.0,7800.0,True
100,5240.0,7800.0,True
101,4720.0,7800.0,True
102,5480.0,7800.0,True
103,5160.0,8200.0,True
104,4560.0,8200.0,False
105,4960.0,8200.0,True
106,5760.0,9400.0,True
107,5760.0,9400.0,False
108,4760.0,9400.0,True
109,4960.0,9400.0,False
110,5280.0,9400.0,False
111,5600.0,9400.0,True
112,5040.0,9400.0,True
113,4560.0,9400.0,False
114,5720.0,9400.0,False
115,4320.0,9400.0,True
116,4880.0,9400.0,False
117,5800.0,9400.0,False
118,4720.0,9400.0,True
119,5480.0,9400.0,True
120,5720.0,9400.0,True
121,4600.0,9400.0,True
122,5640.0,9400.0,True
123,5400.0,9400.0,False
124,5280.0,9400.0,False
125,5440.0,9400.0,True
126,4560.0,9400.0,False
127,4960.0,9400.0,False
128,6960.0,9400.0,True
129,5200.0,9400.0,False
130,4720.0,9400.0,False
131,4920.0,9400.0,True
132,4720.0,9400.0,False
133,5600.0,9400.0,False
134,5480.0,9400.0,True
135,3920.0,9400.0,True
136,4720.0,9400.0,True
137,4880.0,9400.0,False
138,4640.0,9400.0,False
139,4320.0,9400.0,True
140,6120.0,9400.0,True
141,15800.0,20600.0,True
142,15000.0,20600.0,True
143,15760.0,22200.0,False
144,15800.0,22200.0,False
145,12320.0,22200.0,False
146,21360.0,28400.0,True
147,17040.0,28400.0,False
148,18560.0,28400.0,True
149,18440.0,28400.0,True
150,16440.0,28400.0,False
151,20560.0,28400.0,True
152,15840.0,28400.0,False
153,20200.0,37200.0,True
154,21040.0,37200.0,True
155,20800.0,37200.0,True
156,18880.0,37200.0,True
157,18440.0,37200.0,False
158,12720.0,37200.0,False
159,21560.0,37200.0,True
160,19080.0,37200.0,True
161,17960.0,37200.0,True
162,21040.0,37200.0,True
163,17480.0,37200.0,True
164,16440.0,37200.0,False
165,18040.0,37200.0,False
166,17680.0,37200.0,False
167,17800.0,37200.0,False
168,14480.0,37200.0,True
169,18720.0,37200.0,False
170,17800.0,37200.0,True
171,18640.0,37200.0,False
172,18200.0,37200.0,True
173,17560.0,37200.0,False
174,16920.0,37200.0,False
175,19040.0,37200.0,True
176,17320.0,37200.0,True
177,18600.0,37200.0,False
178,17800.0,37200.0,True
179,20120.0,37200.0,True
180,19880.0,37200.0,True
181,17840.0,37200.0,False
182,17480.0,37200.0,False
183,15760.0,37200.0,True
184,18960.0,37200.0,True
185,17720.0,37200.0,True
186,18000.0,37200.0,True
187,19520.0,37200.0,True
188,16080.0,37200.0,True
189,18360.0,37200.0,True
190,17040.0,37200.0,False
191,20680.0,37200.0,True
192,15720.0,37200.0,False
193,21720.0,37200.0,True
194,18920.0,37200.0,True
195,18040.0,37200.0,True
196,20520.0,37200.0,False
197,19960.0,37200.0,True
198,19080.0,37200.0,False
199,16400.0,37200.0,True
200,16880.0,37200.0,True
201,14620.0,37200.0,False
202,16400.0,37200.0,True
203,16240.0,37200.0,False
204,16360.0,37200.0,True
205,19800.0,37200.0,True
206,17680.0,37200.0,False
207,16360.0,37200.0,True
208,18560.0,37200.0,True
209,17960.0,37200.0,False
210,20000.0,37200.0,True
211,18640.0,37200.0,True
212,18880.0,37200.0,False
213,16760.0,37200.0,True
214,18840.0,37200.0,False
215,18320.0,37200.0,True
216,18360.0,37200.0,False
217,19520.0,37200.0,True
218,19760.0,37200.0,True
219,19360.0,37200.0,False
220,26920.0,37200.0,False
221,19040.0,37200.0,False
222,20520.0,37200.0,False
223,19040.0,37200.0,True
224,17600.0,37200.0,True
225,15640.0,37200.0,False
226,16560.0,37200.0,False
227,20600.0,37200.0,True
228,18280.0,37200.0,False
229,21280.0,37200.0,True
230,16640.0,37200.0,True
231,16040.0,37200.0,True
232,19280.0,37200.0,True
233,18080.0,37200.0,True
234,17440.0,37200.0,True
235,19640.0,37200.0,True
236,17620.0,37200.0,True
237,16320.0,37200.0,True
238,18540.0,37200.0,True
239,15580.0,37200.0,False
240,18740.0,37200.0,True
241,18460.0,37200.0,True
242,18680.0,37200.0,False
243,17400.0,37200.0,True
244,17200.0,37200.0,True
245,17960.0,37200.0,True
246,16400.0,37200.0,True
247,17400.0,37200.0,True
248,17680.0,37200.0,False
249,15000.0,37200.0,False
250,16280.0,37200.0,False
251,16200.0,37200.0,False
252,16240.0,37200.0,False
253,18720.0,37200.0,True
254,17640.0,37200.0,True
255,18280.0,37200.0,False
256,17400.0,37200.0,True
257,18480.0,37200.0,True
258,16000.0,37200.0,True
259,19960.0,37200.0,False
260,18440.0,37200.0,True
261,16400.0,37200.0,False
262,21680.0,37200.0,True
263,17880.0,37200.0,False
264,16480.0,37200.0,True
265,16400.0,37200.0,True
266,17360.0,37200.0,True
267,14640.0,37200.0,False
268,17840.0,37200.0,True
269,17800.0,37200.0,True
270,17120.0,37200.0,False
271,18080.0,37200.0,True
272,17080.0,37200.0,True
273,20040.0,37200.0,True
274,16480.0,37200.0,True
275,17400.0,37200.0,False
276,16160.0,37200.0,False
277,15400.0,37200.0,True
278,15440.0,37200.0,True
279,17280.0,37200.0,False
280,18320.0,37200.0,True
281,20240.0,37200.0,False
282,19080.0,37200.0,False
283,18760.0,37200.0,True
284,16680.0,37200.0,False
285,17360.0,37200.0,False
286,18200.0,37200.0,True
287,18280.0,37200.0,True
288,17080.0,37200.0,False
289,18920.0,37200.0,True
290,17680.0,37200.0,True
291,18480.0,37200.0,True
292,16880.0,37200.0,True
293,16640.0,37200.0,True
294,17400.0,37200.0,False
295,19520.0,37200.0,True
296,18320.0,37200.0,False
297,17040.0,37200.0,False
298,14440.0,37200.0,False
299,15600.0,37200.0,False
300,16560.0,37200.0,True
301,14560.0,37200.0,False
302,17520.0,37200.0,True
303,18080.0,37200.0,True
304,19120.0,37200.0,True
305,16200.0,37200.0,True
306,17000.0,37200.0,True
307,18520.0,37200.0,True
308,24560.0,37200.0,False
309,22080.0,37200.0,True
310,20000.0,37200.0,False
311,22080.0,37200.0,True
312,22400.0,37200.0,False
313,21760.0,37200.0,True
314,24760.0,37200.0,False
315,25080.0,37200.0,False
316,19920.0,37200.0,False
317,26720.0,37200.0,False
318,17960.0,37200.0,False
319,23400.0,37200.0,False
320,23840.0,37200.0,False
321,23680.0,37200.0,False
322,23920.0,37200.0,True
323,27200.0,40400.0,True
324,24200.0,40400.0,False
325,22760.0,40400.0,False
326,20960.0,40400.0,False
327,20760.0,40400.0,True
328,26360.0,40400.0,True
329,29760.0,40400.0,False
330,22800.0,40400.0,True
331,20400.0,40400.0,False
332,16880.0,40400.0,False
333,23200.0,40400.0,True
334,21320.0,40400.0,False
335,24160.0,40400.0,False
336,23800.0,40400.0,True
337,24840.0,40400.0,True
338,19880.0,40400.0,True
339,27120.0,40400.0,False
340,22880.0,40400.0,False
341,20440.0,40400.0,False
342,22000.0,40400.0,True
343,26560.0,40400.0,False
344,17120.0,40400.0,False
345,19880.0,40400.0,True
346,22360.0,40400.0,False
347,21880.0,40400.0,True
348,25400.0,40400.0,True
349,25280.0,40400.0,True
350,20200.0,40400.0,False
351,23600.0,40400.0,False
352,26480.0,40400.0,True
353,19520.0,40400.0,False
354,23800.0,40400.0,True
355,25400.0,40400.0,False
356,29960.0,44000.0,True
357,26560.0,44000.0,True
358,25680.0,44000.0,False
359,25400.0,44000.0,True
360,22360.0,44000.0,False
361,22920.0,44000.0,True
362,26080.0,44000.0,False
363,27880.0,44000.0,True
364,23600.0,44000.0,True
365,22880.0,44000.0,False
366,24760.0,44000.0,True
367,23680.0,44000.0,True
368,27160.0,44000.0,False
369,27480.0,44000.0,False
370,26800.0,44000.0,False
371,25440.0,44000.0,False
372,26640.0,44000.0,False
373,25800.0,44000.0,True
374,21920.0,44000.0,True
375,24720.0,44000.0,True
376,25400.0,44000.0,True
377,28800.0,44000.0,False
378,25160.0,44000.0,False
379,23400.0,44000.0,True
380,28200.0,44000.0,True
381,25440.0,44000.0,True
382,21640.0,44000.0,False
383,23520.0,44000.0,True
384,21960.0,44000.0,True
385,20320.0,44000.0,False
386,23960.0,44000.0,False
387,31160.0,44000.0,False
388,22960.0,44000.0,True
389,24640.0,44000.0,False
390,22320.0,44000.0,False
391,25120.0,44000.0,False
392,23200.0,44000.0,True
393,25240.0,44000.0,False
394,21600.0,44000.0,False
395,19800.0,44000.0,False
396,22680.0,44000.0,False
397,21880.0,44000.0,False
398,22520.0,44000.0,False
399,22440.0,44000.0,False
400,23680.0,44000.0,True
401,21480.0,44000.0,False
402,24160.0,44000.0,True
403,24240.0,44000.0,False
404,28240.0,44000.0,True
405,21240.0,44000.0,True
406,23880.0,44000.0,False
407,23560.0,44000.0,True
408,22560.0,44000.0,True
409,23320.0,44000.0,True
410,24280.0,44000.0,False
411,26520.0,44000.0,True
412,24040.0,44000.0,False
413,25800.0,44000.0,False
414,22280.0,44000.0,False
415,22720.0,44000.0,True
416,24320.0,44000.0,False
417,21360.0,44000.0,False
418,27040.0,44000.0,False
419,27760.0,44000.0,True
420,25360.0,44000.0,False
421,24880.0,44000.0,True
422,18560.0,44000.0,False
423,24360.0,44000.0,True
424,26880.0,44000.0,True
425,26680.0,44000.0,False
426,17080.0,44000.0,False
427,22520.0,44000.0,False
428,22400.0,44000.0,True
429,21720.0,44000.0,False
430,18800.0,44000.0,False
431,21480.0,44000.0,True
432,24200.0,44000.0,True
433,24160.0,44000.0,True
434,21400.0,44000.0,True
435,29320.0,44000.0,True
436,26480.0,44000.0,True
437,25840.0,44000.0,True
438,22440.0,44000.0,False
439,25840.0,44000.0,True
440,23720.0,44000.0,False
441,23880.0,44000.0,False
442,20400.0,44000.0,False
443,20360.0,44000.0,False
444,22640.0,44000.0,False
445,27000.0,44000.0,False
446,22040.0,44000.0,True
447,22160.0,44000.0,False
448,23360.0,44000.0,True
449,23080.0,44000.0,False
450,20080.0,44000.0,False
451,24160.0,44000.0,True
452,21560.0,44000.0,True
453,24280.0,44000.0,True
454,19360.0,44000.0,False
455,27560.0,44000.0,True
456,23360.0,44000.0,False
457,23280.0,44000.0,True
458,25080.0,44000.0,True
459,24680.0,44000.0,False
460,24520.0,44000.0,False
461,25960.0,44000.0,True
462,24200.0,44000.0,True
463,22680.0,44000.0,True
464,23880.0,44000.0,False
465,21720.0,44000.0,True
466,19640.0,44000.0,False
467,23560.0,44000.0,True
468,16080.0,44000.0,False
469,26720.0,44000.0,False
470,21240.0,44000.0,False
471,22160.0,44000.0,True
472,22680.0,44000.0,False
473,21640.0,44000.0,True
474,20640.0,44000.0,False
475,21760.0,44000.0,True
476,24880.0,44000.0,False
477,23440.0,44000.0,False
478,25880.0,44000.0,False
479,19440.0,44000.0,False
480,25960.0,44000.0,True
481,18000.0,44000.0,False
482,22240.0,44000.0,False
483,21080.0,44000.0,False
484,22120.0,44000.0,False
485,25640.0,44000.0,True
486,23520.0,44000.0,False
487,22680.0,44000.0,False
488,22560.0,44000.0,False
489,24880.0,44000.0,True
490,25040.0,44000.0,False
491,21160.0,44000.0,False
492,24320.0,44000.0,False
493,26280.0,44000.0,False
494,22320.0,44000.0,True
495,23680.0,44000.0,True
496,24280.0,44000.0,True
497,19600.0,44000.0,True
498,27240.0,44000.0,False
499,25040.0,44000.0,True
500,21360.0,44000.0,True
501,21360.0,44000.0,True
502,24240.0,44000.0,False
503,25200.0,44000.0,True
504,21680.0,44000.0,True
505,18080.0,44000.0,False
506,16520.0,44000.0,False
507,19320.0,44000.0,True
508,25920.0,44000.0,True
509,22760.0,44000.0,True
510,24240.0,44000.0,False
511,22840.0,44000.0,True
512,20760.0,44000.0,False
513,21640.0,44000.0,False
514,26160.0,44000.0,False
515,21840.0,44000.0,True
516,23080.0,44000.0,False
517,21560.0,44000.0,True
518,21840.0,44000.0,True
519,20560.0,44000.0,True
520,17760.0,44000.0,False
521,23560.0,44000.0,False
522,23880.0,44000.0,False
523,21520.0,44000.0,False
524,21680.0,44000.0,False
525,16480.0,44000.0,False
526,27000.0,44000.0,True
527,23760.0,44000.0,True
528,25600.0,44000.0,False
529,23640.0,44000.0,False
530,30200.0,44000.0,True
531,24480.0,44000.0,False
532,24760.0,44000.0,False
533,25600.0,44000.0,False
534,25680.0,44000.0,False
535,31920.0,44000.0,True
536,26520.0,44000.0,False
537,24880.0,44000.0,True
538,27400.0,44000.0,True
539,26040.0,44000.0,False
540,25440.0,44000.0,False
541,29960.0,44000.0,True
542,26000.0,44000.0,False
543,26800.0,44000.0,True
544,30000.0,44000.0,True
545,38320.0,48400.0,False
546,32240.0,48400.0,True
547,27320.0,48400.0,False
548,28040.0,48400.0,True
549,33320.0,52800.0,False
550,27640.0,52800.0,False
551,17040.0,52800.0,True
552,27720.0,52800.0,True
553,31440.0,52800.0,True
554,28080.0,52800.0,True
555,28080.0,52800.0,True
556,33720.0,52800.0,False
557,32200.0,54600.0,False
558,32480.0,54600.0,True
559,30240.0,54600.0,True
560,37560.0,54600.0,True
561,37680.0,54600.0,True
562,38440.0,59600.0,False
563,32920.0,59600.0,False
564,35720.0,59600.0,True
565,38880.0,59600.0,True
566,35800.0,59600.0,False
567,36240.0,59600.0,True
568,36240.0,59600.0,True
569,30920.0,59600.0,False
570,36880.0,59600.0,False
571,36920.0,59600.0,True
572,30960.0,59600.0,False
573,35560.0,59600.0,True
574,32400.0,59600.0,False
575,30360.0,59600.0,True
576,33160.0,59600.0,True
577,28360.0,59600.0,True
578,28960.0,59600.0,False
579,25000.0,59600.0,True
580,21640.0,59600.0,False
581,33000.0,59600.0,True
582,26400.0,59600.0,True
583,28480.0,59600.0,True
584,22720.0,59600.0,False
585,33480.0,59600.0,True
586,30320.0,59600.0,False
587,25400.0,59600.0,False
588,27360.0,59600.0,False
589,40080.0,59600.0,True
590,25240.0,59600.0,True
591,24760.0,59600.0,True
592,33840.0,59600.0,True
593,29000.0,59600.0,False
594,27520.0,59600.0,True
595,21560.0,59600.0,False
596,25400.0,59600.0,True
597,29120.0,59600.0,True
598,25640.0,59600.0,False
599,29520.0,59600.0,True
600,30360.0,59600.0,True
601,26400.0,59600.0,False
602,41960.0,59600.0,True
603,27640.0,59600.0,False
604,29520.0,59600.0,True
605,33320.0,59600.0,True
606,28000.0,59600.0,True
607,26840.0,59600.0,True
608,29920.0,59600.0,False
609,27440.0,59600.0,False
610,28760.0,59600.0,True
611,26520.0,59600.0,True
612,33360.0,59600.0,False
613,29240.0,59600.0,True
614,28600.0,59600.0,True
615,26080.0,59600.0,True
616,23320.0,59600.0,True
617,29160.0,59600.0,True
618,27880.0,59600.0,True
619,26640.0,59600.0,True
620,23840.0,59600.0,False
621,29880.0,59600.0,False
622,28960.0,59600.0,True
623,25480.0,59600.0,True
624,29600.0,59600.0,False
625,24360.0,59600.0,False
626,22680.0,59600.0,True
627,27400.0,59600.0,False
628,27840.0,59600.0,False
629,23280.0,59600.0,True
630,26120.0,59600.0,False
631,26880.0,59600.0,True
632,26160.0,59600.0,True
633,24640.0,59600.0,True
634,23120.0,59600.0,True
635,27400.0,59600.0,True
636,29320.0,59600.0,True
637,25640.0,59600.0,True
638,24560.0,59600.0,True
639,25360.0,59600.0,False
640,27000.0,59600.0,True
641,27840.0,59600.0,False
642,25920.0,59600.0,True
643,29200.0,59600.0,True
644,23520.0,59600.0,False
645,24520.0,59600.0,False
646,25720.0,59600.0,True
647,29080.0,59600.0,False
648,29840.0,59600.0,False
649,29720.0,59600.0,True
650,31600.0,59600.0,True
651,30600.0,59600.0,False
652,27600.0,59600.0,True
653,22720.0,59600.0,True
654,27160.0,59600.0,True
655,22600.0,59600.0,False
656,23800.0,59600.0,True
657,30680.0,59600.0,True
658,25560.0,59600.0,True
659,22280.0,59600.0,True
660,21120.0,59600.0,True
661,23000.0,59600.0,True
662,24160.0,59600.0,True
663,27920.0,59600.0,True
664,21240.0,59600.0,True
665,23680.0,59600.0,False
666,26600.0,59600.0,True
667,25280.0,59600.0,True
668,21040.0,59600.0,True
669,29680.0,59600.0,True
670,27320.0,59600.0,True
671,35680.0,59600.0,True
672,26440.0,59600.0,True
673,22040.0,59600.0,False
674,26920.0,59600.0,True
675,24760.0,59600.0,True
676,25800.0,59600.0,True
677,28840.0,59600.0,False
678,23440.0,59600.0,False
679,23920.0,59600.0,True
680,19320.0,59600.0,True
681,28280.0,59600.0,True
682,25960.0,59600.0,True
683,26960.0,59600.0,False
684,30680.0,59600.0,True
685,36040.0,59600.0,True
686,27240.0,59600.0,True
687,31680.0,59600.0,False
688,38840.0,59600.0,True
689,38080.0,59600.0,False
690,36360.0,59600.0,False
691,32920.0,59600.0,False
692,34360.0,59600.0,False
693,38920.0,59600.0,False
694,34280.0,59600.0,True
695,39760.0,59600.0,True
696,34640.0,59600.0,False
697,34440.0,59600.0,True
698,36720.0,59600.0,False
699,42320.0,59600.0,True
700,33960.0,59600.0,False
701,33960.0,59600.0,True
702,38040.0,60600.0,True
703,27520.0,60600.0,False
704,24320.0,60600.0,True
705,38600.0,60600.0,False
706,35280.0,60600.0,True
707,35640.0,60600.0,False
708,34880.0,60600.0,False
709,40680.0,60600.0,True
710,37760.0,60600.0,True
711,30480.0,60600.0,True
712,37960.0,60600.0,True
713,33120.0,60600.0,True
714,38320.0,60600.0,True
715,33320.0,60600.0,True
716,34000.0,60600.0,False
717,32600.0,60600.0,False
718,35560.0,60600.0,True
719,31240.0,60600.0,False
720,33400.0,60600.0,False
721,40200.0,60600.0,True
722,37760.0,60600.0,True
723,34400.0,60600.0,True
724,34280.0,60600.0,False
725,32560.0,60600.0,True
726,33680.0,60600.0,True
727,34480.0,60600.0,False
728,28240.0,60600.0,False
729,37720.0,60600.0,False
730,29520.0,60600.0,True
731,39520.0,60600.0,True
732,30080.0,60600.0,True
733,31320.0,60600.0,False
734,36360.0,60600.0,False
735,36480.0,60600.0,False
736,31880.0,60600.0,False
737,34200.0,60600.0,True
738,34400.0,60600.0,True
739,37160.0,60600.0,False
740,31880.0,60600.0,True
741,36880.0,60600.0,True
742,29480.0,60600.0,True
743,32640.0,60600.0,True
744,44080.0,60600.0,False
745,33080.0,60600.0,True
746,35320.0,60600.0,True
747,34600.0,60600.0,False
748,28680.0,60600.0,False
749,30880.0,60600.0,False
750,36000.0,60600.0,True
751,32480.0,60600.0,False
752,42360.0,60600.0,False
753,33840.0,60600.0,False
754,32480.0,60600.0,False
755,32400.0,60600.0,False
756,32920.0,60600.0,False
757,31760.0,60600.0,True
758,27760.0,60600.0,False
759,30600.0,60600.0,False
760,37080.0,60600.0,True
761,37120.0,60600.0,True
762,24840.0,60600.0,True
763,33640.0,60600.0,False
764,29560.0,60600.0,True
765,37240.0,60600.0,True
766,42440.0,60600.0,False
767,34520.0,60600.0,False
768,36360.0,60600.0,False
769,37160.0,60600.0,False
770,34040.0,60600.0,True
771,35440.0,60600.0,False
772,32320.0,60600.0,True
773,34720.0,60600.0,False
774,37120.0,60600.0,False
775,39600.0,60600.0,True
776,34200.0,60600.0,False
777,37960.0,60600.0,True
778,33240.0,60600.0,True
779,40200.0,60600.0,True
780,38160.0,60600.0,True
781,27920.0,60600.0,False
782,26440.0,60600.0,False
783,36720.0,60600.0,False
784,33280.0,60600.0,False
785,32920.0,60600.0,False
786,32320.0,60600.0,False
787,35320.0,60600.0,True
788,35640.0,60600.0,False
789,32320.0,60600.0,True
790,29440.0,60600.0,False
791,34840.0,60600.0,True
792,40880.0,60600.0,True
793,39680.0,60600.0,False
794,40040.0,60600.0,False
795,35440.0,60600.0,False
796,41000.0,60600.0,True
797,37720.0,60600.0,False
798,39040.0,60600.0,False
799,36960.0,60600.0,False
800,43120.0,60600.0,False
801,42320.0,60600.0,True
802,38840.0,60600.0,False
803,38600.0,60600.0,False
804,37560.0,60600.0,True
805,38640.0,60600.0,False
806,37240.0,60600.0,True
807,42840.0,60600.0,True
808,36280.0,60600.0,True
809,42640.0,60600.0,True
810,35200.0,60600.0,False
811,36800.0,60600.0,True
812,39720.0,60600.0,True
813,37240.0,60600.0,False
814,37080.0,60600.0,False
815,37320.0,60600.0,False
816,33040.0,60600.0,True
817,39160.0,60600.0,True
818,35240.0,60600.0,True
819,38040.0,60600.0,True
820,40040.0,60600.0,False
821,39880.0,60600.0,False
822,43200.0,60600.0,True
823,41640.0,60600.0,True
824,39720.0,60600.0,False
825,38560.0,60600.0,False
826,42440.0,60600.0,True
827,42640.0,60600.0,True
828,39080.0,60600.0,False
829,38920.0,60600.0,True
830,45240.0,60600.0,True
831,38960.0,60600.0,False
832,41680.0,60600.0,False
833,39440.0,60600.0,False
834,41440.0,60600.0,True
835,43200.0,60600.0,False
836,43080.0,60600.0,True
837,42240.0,60600.0,True
838,40240.0,60600.0,True
839,42120.0,60600.0,True
840,40880.0,60600.0,False
841,44760.0,60600.0,False
842,40880.0,60600.0,False
843,41480.0,60600.0,False
844,43600.0,60600.0,False
845,46240.0,60600.0,False
846,42080.0,60600.0,True
847,38680.0,60600.0,False
848,44520.0,60600.0,True
849,45360.0,60600.0,True
850,40120.0,60600.0,True
851,45200.0,60600.0,False
852,41960.0,60600.0,False
853,43400.0,60600.0,True
854,43760.0,60600.0,True
855,39360.0,60600.0,False
856,41440.0,60600.0,True
857,41600.0,60600.0,False
858,44720.0,60600.0,True
859,40440.0,60600.0,False
860,42840.0,60600.0,False
861,42040.0,60600.0,True
862,40960.0,60600.0,True
863,42040.0,60600.0,True
864,44400.0,60600.0,False
865,43760.0,60600.0,False
866,40960.0,60600.0,False
867,37520.0,60600.0,True
868,40560.0,60600.0,False
869,38520.0,60600.0,True
870,38480.0,60600.0,True
871,41600.0,60600.0,True
872,41760.0,60600.0,True
873,38520.0,60600.0,True
874,37360.0,60600.0,False
875,40600.0,60600.0,True
876,41520.0,60600.0,False
877,41840.0,60600.0,False
878,44640.0,60600.0,True
879,40960.0,60600.0,True
880,43320.0,60600.0,True
881,44280.0,60600.0,False
882,41160.0,60600.0,True
883,40640.0,60600.0,False
884,38120.0,60600.0,False
885,42480.0,60600.0,True
886,45560.0,65000.0,False
887,41280.0,65000.0,True
888,41880.0,65000.0,True
889,43280.0,65000.0,True
890,38840.0,65000.0,False
891,42240.0,65000.0,True
892,38280.0,65000.0,False
893,41480.0,65000.0,True
894,39480.0,65000.0,True
895,37680.0,65000.0,False
896,40120.0,65000.0,False
897,42680.0,65000.0,True
898,35840.0,65000.0,False
899,46200.0,65000.0,True
900,42520.0,65000.0,False
901,38480.0,65000.0,True
902,42360.0,65000.0,True
903,40760.0,65000.0,True
904,42360.0,65000.0,True
905,42960.0,65000.0,True
906,42440.0,65000.0,False
907,43680.0,65000.0,True
908,43760.0,65000.0,True
909,38360.0,65000.0,True
910,38400.0,65000.0,False
911,36560.0,65000.0,False
912,39440.0,65000.0,False
913,43000.0,65000.0,False
914,44320.0,65000.0,True
915,39560.0,65000.0,False
916,45960.0,65000.0,True
917,41040.0,65000.0,False
918,42680.0,65000.0,True
919,39840.0,65000.0,False
920,46520.0,65000.0,True
921,39120.0,65000.0,False
922,41720.0,65000.0,False
923,39880.0,65000.0,False
924,37760.0,65000.0,True
925,40240.0,65000.0,True
926,39560.0,65000.0,True
927,39320.0,65000.0,False
928,37960.0,65000.0,False
929,46200.0,65000.0,True
930,42480.0,65000.0,True
931,44640.0,65000.0,False
932,40120.0,65000.0,True
933,39680.0,65000.0,True
934,43960.0,65000.0,True
935,40000.0,65000.0,True
936,43840.0,65000.0,True
937,45880.0,65000.0,True
938,34560.0,65000.0,True
939,43480.0,65000.0,True
940,37440.0,65000.0,True
941,39320.0,65000.0,False
942,37480.0,65000.0,True
943,42040.0,65000.0,True
944,38600.0,65000.0,False
945,36520.0,65000.0,True
946,47520.0,65000.0,True
947,39560.0,65000.0,True
948,43920.0,65000.0,False
949,39760.0,65000.0,True
950,41000.0,65000.0,False
951,37840.0,65000.0,True
952,37960.0,65000.0,True
953,45560.0,65000.0,True
954,40920.0,65000.0,True
955,41840.0,65000.0,True
956,45320.0,65000.0,True
957,37960.0,65000.0,False
958,41520.0,65000.0,False
959,40760.0,65000.0,True
960,41880.0,65000.0,True
961,39640.0,65000.0,False
962,39360.0,65000.0,True
963,43160.0,65000.0,True
964,42800.0,65000.0,True
965,43680.0,65000.0,True
966,45840.0,65000.0,False
967,38600.0,65000.0,True
968,43600.0,65000.0,True
969,39320.0,65000.0,False
970,40400.0,65000.0,True
971,40800.0,65000.0,True
972,39040.0,65000.0,True
973,41560.0,65000.0,False
974,39040.0,65000.0,True
975,42840.0,65000.0,False
976,43520.0,65000.0,True
977,42040.0,65000.0,False
978,45360.0,65000.0,True
979,40320.0,65000.0,True
980,42600.0,65000.0,False
981,43640.0,65000.0,True
982,36880.0,65000.0,True
983,41520.0,65000.0,False
984,34360.0,65000.0,False
985,41760.0,65000.0,True
986,39960.0,65000.0,True
987,34960.0,65000.0,True
988,44320.0,65000.0,True
989,39880.0,65000.0,True
990,34520.0,65000.0,False
991,44880.0,65000.0,True
992,44840.0,65000.0,True
993,42200.0,65000.0,True
994,43560.0,65000.0,False
995,42200.0,65000.0,False
996,41120.0,65000.0,True
997,43560.0,65000.0,True
998,42520.0,65000.0,False
999,42000.0,65000.0,False
1000,44000.0,65000.0,True
1001,41400.0,65000.0,True
1002,49040.0,65000.0,True
1003,44240.0,65000.0,False
1004,44280.0,65000.0,True
1005,43760.0,65000.0,False
1006,42720.0,65000.0,False
1007,45760.0,65000.0,False
1008,43080.0,65000.0,True
1009,46880.0,65000.0,False
1010,45720.0,65000.0,True
1011,48160.0,65000.0,True
1012,41040.0,65000.0,True
1013,42040.0,65000.0,False
1014,42760.0,65000.0,False
1015,43480.0,65000.0,True
1016,45640.0,65000.0,False
1017,37560.0,65000.0,True
1018,41840.0,65000.0,True
1019,45200.0,65000.0,True
1020,45320.0,65000.0,True
1021,39200.0,65000.0,False
1022,43840.0,65000.0,False
1023,39280.0,65000.0,True
1024,41160.0,65000.0,True
1025,40000.0,65000.0,False
1026,44000.0,65000.0,False
1027,44520.0,65000.0,False
1028,44240.0,65000.0,True
1029,43440.0,65000.0,True
1030,40880.0,65000.0,False
1031,41760.0,65000.0,False
1032,46520.0,65000.0,True
1033,42840.0,65000.0,False
1034,38640.0,65000.0,False
1035,43840.0,65000.0,True
1036,42680.0,65000.0,False
1037,40840.0,65000.0,True
1038,43200.0,65000.0,True
1039,43800.0,65000.0,True
1040,41040.0,65000.0,False
1041,45160.0,65000.0,True
1042,45200.0,65000.0,True
1043,44640.0,65000.0,True
1044,41840.0,65000.0,True
1045,45440.0,65000.0,False
1046,40160.0,65000.0,False
1047,43440.0,65000.0,True
1048,42920.0,65000.0,True
1049,45520.0,65000.0,False
1050,42880.0,65000.0,True
1051,40800.0,65000.0,True
1052,45120.0,65000.0,False
1053,46600.0,65000.0,False
1054,43480.0,65000.0,False
1055,39360.0,65000.0,True
1056,41280.0,65000.0,False
1057,46320.0,65000.0,True
1058,42680.0,65000.0,True
1059,43520.0,65000.0,True
1060,42440.0,65000.0,True
1061,43000.0,65000.0,True
1062,39560.0,65000.0,True
1063,46800.0,65000.0,False
1064,43120.0,65000.0,True
1065,43560.0,65000.0,True
1066,39000.0,65000.0,False
1067,33720.0,65000.0,False
1068,45480.0,65000.0,True
1069,38560.0,65000.0,False
1070,41040.0,65000.0,True
1071,41720.0,65000.0,False
1072,40760.0,65000.0,False
1073,37000.0,65000.0,True
1074,42720.0,65000.0,True
1075,37760.0,65000.0,True
1076,43880.0,65000.0,True
1077,40120.0,65000.0,False
1078,39400.0,65000.0,True
1079,43000.0,65000.0,True
1080,38600.0,65000.0,True
1081,42280.0,65000.0,True
1082,39080.0,65000.0,True
1083,34560.0,65000.0,False
1084,44640.0,65000.0,True
1085,38400.0,65000.0,True
1086,43400.0,65000.0,False
1087,44160.0,65000.0,True
1088,43320.0,65000.0,False
1089,45800.0,65000.0,True
1090,40120.0,65000.0,False
1091,44680.0,65000.0,True
1092,39720.0,65000.0,False
1093,39720.0,65000.0,False
1094,40920.0,65000.0,True
1095,41680.0,65000.0,False
1096,45360.0,65000.0,True
1097,37880.0,65000.0,True
1098,45280.0,65000.0,True
1099,40320.0,65000.0,True
1100,34080.0,65000.0,False
1101,37640.0,65000.0,True
1102,35800.0,65000.0,True
1103,37760.0,65000.0,True
1104,38960.0,65000.0,False
1105,37400.0,65000.0,True
1106,41920.0,65000.0,False
1107,39720.0,65000.0,False
1108,40680.0,65000.0,False
1109,44480.0,65000.0,True
1110,42440.0,65000.0,True
1111,38520.0,65000.0,False
1112,44480.0,65000.0,True
1113,39760.0,65000.0,True
1114,38040.0,65000.0,True
1115,41920.0,65000.0,True
1116,39480.0,65000.0,True
1117,42760.0,65000.0,True
1118,44560.0,65000.0,True
1119,40560.0,65000.0,False
1120,44920.0,65000.0,True
1121,41000.0,65000.0,True
1122,43200.0,65000.0,False
1123,44400.0,65000.0,True
1124,42120.0,65000.0,True
1125,41480.0,65000.0,True
1126,42280.0,65000.0,True
1127,37800.0,65000.0,False
1128,39560.0,65000.0,True
1129,41800.0,65000.0,False
1130,37360.0,65000.0,True
1131,38600.0,65000.0,True
1132,39720.0,65000.0,False
1133,41440.0,65000.0,True
1134,38600.0,65000.0,True
1135,42760.0,65000.0,False
1136,39040.0,65000.0,True
1137,40880.0,65000.0,True
1138,42360.0,65000.0,True
1139,43120.0,65000.0,True
1140,40920.0,65000.0,True
1141,37040.0,65000.0,True
1142,42600.0,65000.0,True
1143,38800.0,65000.0,True
1144,36320.0,65000.0,True
1145,46840.0,65000.0,True
1146,44760.0,65000.0,True
1147,42120.0,65000.0,True
1148,39200.0,65000.0,True
1149,36120.0,65000.0,True
1150,38800.0,65000.0,False
1151,42000.0,65000.0,True
1152,36040.0,65000.0,False
1153,38560.0,65000.0,False
1154,38720.0,65000.0,False
1155,40920.0,65000.0,True
1156,40960.0,65000.0,True
1157,44200.0,65000.0,False
1158,39560.0,65000.0,True
1159,43560.0,65000.0,True
1160,41360.0,65000.0,True
1161,36840.0,65000.0,True
1162,40120.0,65000.0,True
1163,36640.0,65000.0,False
1164,41440.0,65000.0,True
1165,40640.0,65000.0,True
1166,41120.0,65000.0,True
1167,44960.0,65000.0,True
1168,37360.0,65000.0,True
1169,40600.0,65000.0,False
1170,35840.0,65000.0,False
1171,38120.0,65000.0,True
1172,40120.0,65000.0,True
1173,42760.0,65000.0,True
1174,39680.0,65000.0,True
1175,34480.0,65000.0,False
1176,44520.0,65000.0,True
1177,38920.0,65000.0,True
1178,37280.0,65000.0,False
1179,39000.0,65000.0,False
1180,41200.0,65000.0,True
1181,42120.0,65000.0,True
1182,37520.0,65000.0,True
1183,40920.0,65000.0,False
1184,40240.0,65000.0,False
1185,46160.0,65000.0,False
1186,45520.0,65000.0,True
1187,41760.0,65000.0,False
1188,40600.0,65000.0,False
1189,40640.0,65000.0,False
1190,39080.0,65000.0,False
1191,41760.0,65000.0,False
1192,42560.0,65000.0,False
1193,33640.0,65000.0,True
1194,43000.0,65000.0,False
1195,40000.0,65000.0,False
1196,40880.0,65000.0,True
1197,41640.0,65000.0,True
1198,43480.0,65000.0,False
1199,44520.0,65000.0,False
1200,40840.0,65000.0,True
1201,41920.0,65000.0,False
1202,41600.0,65000.0,True
1203,42120.0,65000.0,False
1204,40720.0,65000.0,True
1205,48280.0,65000.0,True
1206,40880.0,65000.0,True
1207,37240.0,65000.0,False
1208,40040.0,65000.0,True
1209,42600.0,65000.0,True
1210,40760.0,65000.0,True
1211,39400.0,65000.0,True
1212,41720.0,65000.0,False
1213,43000.0,65000.0,False
1214,42680.0,65000.0,True
1215,37760.0,65000.0,False
1216,42800.0,65000.0,True
1217,37880.0,65000.0,False
1218,40680.0,65000.0,False
1219,42160.0,65000.0,False
1220,41200.0,65000.0,True
1221,43080.0,65000.0,True
1222,40200.0,65000.0,True
1223,34240.0,65000.0,True
1224,25640.0,65000.0,True
1225,24720.0,65000.0,False
1226,28600.0,65000.0,True
1227,30960.0,65000.0,True
1228,30200.0,65000.0,True
1229,34080.0,65000.0,True
1230,28720.0,65000.0,False
1231,39240.0,65000.0,True
1232,33880.0,65000.0,True
1233,35000.0,65000.0,True
1234,25800.0,65000.0,True
1235,35040.0,65000.0,True
1236,36920.0,65000.0,False
1237,37600.0,65000.0,True
1238,36280.0,65000.0,False
1239,37480.0,65000.0,True
1240,31760.0,65000.0,False
1241,33360.0,65000.0,False
1242,34640.0,65000.0,True
1243,32520.0,65000.0,False
1244,35440.0,65000.0,True
1245,37760.0,65000.0,True
1246,29920.0,65000.0,True
1247,32520.0,65000.0,False
1248,37960.0,65000.0,True
1249,31880.0,65000.0,False
1250,39080.0,65000.0,True
1251,33080.0,65000.0,True
1252,34200.0,65000.0,False
1253,35840.0,65000.0,False
1254,32120.0,65000.0,False
1255,29880.0,65000.0,False
1256,35240.0,65000.0,True
1257,35240.0,65000.0,False
1258,32040.0,65000.0,False
1259,34240.0,65000.0,False
1260,35400.0,65000.0,False
1261,37280.0,65000.0,True
1262,35840.0,65000.0,True
1263,38640.0,65000.0,True
1264,35000.0,65000.0,True
1265,35920.0,65000.0,False
1266,33360.0,65000.0,False
1267,39840.0,65000.0,True
1268,36440.0,65000.0,True
1269,39400.0,65000.0,False
1270,40200.0,65000.0,True
1271,35480.0,65000.0,True
1272,34920.0,65000.0,False
1273,33600.0,65000.0,False
1274,38440.0,65000.0,True
1275,36880.0,65000.0,False
1276,37880.0,65000.0,True
1277,35400.0,65000.0,True
1278,38800.0,65000.0,True
1279,34160.0,65000.0,False
1280,33920.0,65000.0,False
1281,36840.0,65000.0,True
1282,37080.0,65000.0,True
1283,33880.0,65000.0,False
1284,35560.0,65000.0,True
1285,32960.0,65000.0,True
1286,39280.0,65000.0,False
1287,34600.0,65000.0,False
1288,43160.0,65000.0,True
1289,37120.0,65000.0,True
1290,37720.0,65000.0,False
1291,36400.0,65000.0,True
1292,41120.0,65000.0,True
1293,34920.0,65000.0,False
1294,36440.0,65000.0,False
1295,35960.0,65000.0,False
1296,35000.0,65000.0,True
1297,37960.0,65000.0,True
1298,38600.0,65000.0,True
1299,40240.0,65000.0,True
1300,32760.0,65000.0,False
1301,33160.0,65000.0,True
1302,37520.0,65000.0,True
1303,40440.0,65000.0,True
1304,35360.0,65000.0,False
1305,34920.0,65000.0,True
1306,36040.0,65000.0,False
1307,39640.0,65000.0,True
1308,32920.0,65000.0,True
1309,34880.0,65000.0,True
1310,36160.0,65000.0,True
1311,38840.0,65000.0,True
1312,36640.0,65000.0,False
1313,34280.0,65000.0,False
1314,40920.0,65000.0,False
1315,37960.0,65000.0,True
1316,42960.0,65000.0,True
1317,34680.0,65000.0,True
1318,34280.0,65000.0,True
1319,40240.0,65000.0,False
1320,37920.0,65000.0,True
1321,36440.0,65000.0,False
1322,38000.0,65000.0,True
1323,35280.0,65000.0,True
1324,31960.0,65000.0,False
1325,38880.0,65000.0,True
1326,40800.0,65000.0,False
1327,39680.0,65000.0,True
1328,38640.0,65000.0,False
1329,37720.0,65000.0,False
1330,37240.0,65000.0,True
1331,35240.0,65000.0,True
1332,41960.0,65000.0,True
1333,35600.0,65000.0,True
1334,28080.0,65000.0,False
1335,34560.0,65000.0,False
1336,40600.0,65000.0,True
1337,39080.0,65000.0,True
1338,41960.0,65000.0,True
1339,37200.0,65000.0,True
1340,37360.0,65000.0,True
1341,40000.0,65000.0,True
1342,38440.0,65000.0,True
1343,34840.0,65000.0,False
1344,35480.0,65000.0,True
1345,34760.0,65000.0,True
1346,38360.0,65000.0,True
1347,29440.0,65000.0,False
1348,40400.0,65000.0,False
1349,37720.0,65000.0,True
1350,37120.0,65000.0,True
1351,33920.0,65000.0,False
1352,33880.0,65000.0,True
1353,38520.0,65000.0,False
1354,35920.0,65000.0,True
1355,31960.0,65000.0,False
1356,37720.0,65000.0,True
1357,35040.0,65000.0,False
1358,36880.0,65000.0,False
1359,31080.0,65000.0,False
1360,32920.0,65000.0,False
1361,39720.0,65000.0,False
1362,31800.0,65000.0,False
1363,40080.0,65000.0,False
1364,37240.0,65000.0,True
1365,31240.0,65000.0,False
1366,33560.0,65000.0,True
1367,37920.0,65000.0,False
1368,37880.0,65000.0,True
1369,36080.0,65000.0,True
1370,32960.0,65000.0,True
1371,33520.0,65000.0,True
1372,35320.0,65000.0,True
1373,35320.0,65000.0,True
1374,34600.0,65000.0,False
1375,35840.0,65000.0,False
1376,37000.0,65000.0,False
1377,39920.0,65000.0,False
1378,34200.0,65000.0,False
1379,39840.0,65000.0,False
1380,38480.0,65000.0,True
1381,36320.0,65000.0,True
1382,38400.0,65000.0,True
1383,35520.0,65000.0,True
1384,38960.0,65000.0,False
1385,42080.0,65000.0,True
1386,37200.0,65000.0,True
1387,36880.0,65000.0,True
1388,39560.0,65000.0,True
1389,36080.0,65000.0,True
1390,29760.0,65000.0,False
1391,41560.0,65000.0,False
1392,43200.0,65000.0,True
1393,36560.0,65000.0,True
1394,38880.0,65000.0,True
1395,37000.0,65000.0,False
1396,42240.0,65000.0,True
1397,34360.0,65000.0,False
1398,43720.0,65000.0,True
1399,39240.0,65000.0,False
1400,42480.0,65000.0,True
1401,42040.0,65000.0,True
1402,41760.0,65000.0,True
1403,50280.0,65000.0,True
1404,47240.0,65000.0,True
1405,46160.0,65000.0,False
1406,39800.0,65000.0,False
1407,41960.0,65000.0,True
1408,38040.0,65000.0,False
1409,40720.0,65000.0,False
1410,45400.0,65000.0,False
1411,41640.0,65000.0,False
1412,44600.0,65000.0,False
1413,42960.0,65000.0,False
1414,43680.0,65000.0,True
1415,42360.0,65000.0,False
1416,37800.0,65000.0,False
1417,43720.0,65000.0,False
1418,46000.0,65000.0,False
1419,42600.0,65000.0,True
1420,44000.0,65000.0,False
1421,44040.0,65000.0,True
1422,40520.0,65000.0,True
1423,43160.0,65000.0,False
1424,46880.0,65000.0,True
1425,42400.0,65000.0,False
1426,44960.0,65000.0,False
1427,45840.0,65000.0,False
1428,43440.0,65000.0,True
1429,40080.0,65000.0,False
1430,47040.0,65000.0,True
1431,46360.0,65000.0,False
1432,43080.0,65000.0,True
1433,42880.0,65000.0,True
1434,40520.0,65000.0,False
1435,35400.0,65000.0,False
1436,39680.0,65000.0,False
1437,35960.0,65000.0,True
1438,29600.0,65000.0,False
1439,39400.0,65000.0,True
1440,39240.0,65000.0,True
1441,36440.0,65000.0,True
1442,42840.0,65000.0,False
1443,34840.0,65000.0,False
1444,26720.0,65000.0,False
1445,37920.0,65000.0,False
1446,24960.0,65000.0,False
1447,38600.0,65000.0,False
1448,39600.0,65000.0,False
1449,36080.0,65000.0,True
1450,35960.0,65000.0,True
1451,36680.0,65000.0,True
1452,38880.0,65000.0,True
1453,33160.0,65000.0,True
1454,33400.0,65000.0,False
1455,31560.0,65000.0,False
1456,27080.0,65000.0,True
1457,29800.0,65000.0,True
1458,33120.0,65000.0,False
1459,27800.0,65000.0,False
1460,33360.0,65000.0,True
1461,32600.0,65000.0,False
1462,29560.0,65000.0,False
1463,36280.0,65000.0,True
1464,23800.0,65000.0,True
1465,25280.0,65000.0,False
1466,38520.0,65000.0,True
1467,28240.0,65000.0,True
1468,29640.0,65000.0,True
1469,42600.0,65000.0,True
1470,32240.0,65000.0,True
1471,33040.0,65000.0,False
1472,36680.0,65000.0,False
1473,36320.0,65000.0,True
1474,32880.0,65000.0,True
1475,35680.0,65000.0,False
1476,35840.0,65000.0,True
1477,26040.0,65000.0,False
1478,35800.0,65000.0,False
1479,44200.0,65000.0,True
1480,29000.0,65000.0,False
1481,33800.0,65000.0,False
1482,22080.0,65000.0,False
1483,36800.0,65000.0,True
1484,30400.0,65000.0,False
1485,29440.0,65000.0,False
1486,38680.0,65000.0,True
1487,30040.0,65000.0,True
1488,33880.0,65000.0,True
1489,35760.0,65000.0,False
1490,32400.0,65000.0,True
1491,32040.0,65000.0,True
1492,35400.0,65000.0,False
1493,32140.0,65000.0,True
1494,28360.0,65000.0,True
1495,37120.0,65000.0,True
1496,23320.0,65000.0,False
1497,30120.0,65000.0,True
1498,31040.0,65000.0,True
1499,32320.0,65000.0,True
1500,38520.0,65000.0,True
1501,33200.0,65000.0,True
1502,34760.0,65000.0,False
1503,37040.0,65000.0,True
1504,36600.0,65000.0,False
1505,38880.0,65000.0,True
1506,31840.0,65000.0,True
1507,34960.0,65000.0,True
1508,37280.0,65000.0,False
1509,37720.0,65000.0,True
1510,37000.0,65000.0,True
1511,38120.0,65000.0,True
1512,36120.0,65000.0,True
1513,31800.0,65000.0,True
1514,33160.0,65000.0,False
1515,26360.0,65000.0,False
1516,33640.0,65000.0,True
1517,33240.0,65000.0,True
1518,27960.0,65000.0,False
1519,37120.0,65000.0,False
1520,28960.0,65000.0,False
1521,40280.0,65000.0,True
1522,30600.0,65000.0,True
1523,36600.0,65000.0,True
1524,39880.0,65000.0,False
1525,40640.0,66000.0,False
1526,32360.0,66000.0,True
1527,35960.0,66000.0,True
1528,41560.0,66000.0,True
1529,36960.0,66000.0,False
1530,40040.0,66000.0,True
1531,35360.0,66000.0,True
1532,41680.0,66000.0,False
1533,32040.0,66000.0,True
1534,40120.0,66000.0,True
1535,44920.0,66000.0,False
1536,36240.0,66000.0,True
1537,36000.0,66000.0,True
1538,35080.0,66000.0,True
1539,33440.0,66000.0,True
1540,18920.0,66000.0,True
1541,22640.0,66000.0,True
1542,26840.0,66000.0,False
1543,19400.0,66000.0,False
1544,22600.0,66000.0,True
1545,24400.0,66000.0,True
1546,28360.0,66000.0,False
1547,28360.0,66000.0,True
1548,37800.0,66000.0,True
1549,34840.0,66000.0,True
1550,34280.0,66000.0,False
1551,34920.0,66000.0,False
1552,37560.0,66000.0,True
1553,38520.0,66000.0,True
1554,37880.0,66000.0,False
1555,32640.0,66000.0,True
1556,38280.0,66000.0,True
1557,40480.0,66000.0,False
1558,34520.0,66000.0,False
1559,40320.0,66000.0,False
1560,39640.0,66000.0,False
1561,38600.0,66000.0,True
1562,32680.0,66000.0,False
1563,33720.0,66000.0,False
1564,41000.0,66000.0,False
1565,34880.0,66000.0,True
1566,39240.0,66000.0,True
1567,39720.0,66000.0,True
1568,38760.0,66000.0,True
1569,39960.0,66000.0,True
1570,30640.0,66000.0,False
1571,31920.0,66000.0,True
1572,39160.0,66000.0,True
1573,37160.0,66000.0,True
1574,32720.0,66000.0,False
1575,30480.0,66000.0,False
1576,34120.0,66000.0,True
1577,32720.0,66000.0,True
1578,31160.0,66000.0,True
1579,29480.0,66000.0,False
1580,33280.0,66000.0,False
1581,36720.0,66000.0,True
1582,43400.0,66000.0,True
1583,35800.0,66000.0,True
1584,36400.0,66000.0,False
1585,39600.0,66000.0,True
1586,35600.0,66000.0,True
1587,34920.0,66000.0,True
1588,37000.0,66000.0,False
1589,28760.0,66000.0,False
1590,35880.0,66000.0,False
1591,36640.0,66000.0,True
1592,38360.0,66000.0,False
1593,40360.0,66000.0,False
1594,38640.0,66000.0,True
1595,40680.0,66000.0,True
1596,35520.0,66000.0,False
1597,39600.0,66000.0,False
1598,45280.0,66000.0,True
1599,40360.0,66000.0,False
1600,32120.0,66000.0,True
1601,40760.0,66000.0,True
1602,33440.0,66000.0,True
1603,37960.0,66000.0,True
1604,37880.0,66000.0,True
1605,35200.0,66000.0,False
1606,32400.0,66000.0,True
1607,34320.0,66000.0,True
1608,38440.0,66000.0,True
1609,41000.0,66000.0,False
1610,34120.0,66000.0,False
1611,41560.0,66000.0,True
1612,39960.0,66000.0,True
1613,41240.0,66000.0,False
1614,39680.0,66000.0,False
1615,35920.0,66000.0,True
1616,33680.0,66000.0,True
1617,32240.0,66000.0,True
1618,40480.0,66000.0,False
1619,35800.0,66000.0,True
1620,38520.0,66000.0,True
1621,39880.0,66000.0,False
1622,35640.0,66000.0,True
1623,38120.0,66000.0,True
1624,38040.0,66000.0,True
1625,43040.0,66000.0,False
1626,32360.0,66000.0,True
1627,42200.0,66000.0,False
1628,38080.0,66000.0,True
1629,36360.0,66000.0,True
1630,35440.0,66000.0,False
1631,36240.0,66000.0,False
1632,37960.0,66000.0,True
1633,40320.0,66000.0,True
1634,37640.0,66000.0,True
1635,36280.0,66000.0,True
1636,35720.0,66000.0,True
1637,35160.0,66000.0,False
1638,35480.0,66000.0,True
1639,31840.0,66000.0,True
1640,46960.0,66000.0,False
1641,30640.0,66000.0,False
1642,34800.0,66000.0,True
1643,39960.0,66000.0,True
1644,32880.0,66000.0,False
1645,35240.0,66000.0,False
1646,39080.0,66000.0,True
1647,44240.0,66000.0,True
1648,37560.0,66000.0,False
1649,34360.0,66000.0,False
1650,37040.0,66000.0,True
1651,36560.0,66000.0,True
1652,39080.0,66000.0,True
1653,39720.0,66000.0,True
1654,39200.0,66000.0,True
1655,39160.0,66000.0,True
1656,35720.0,66000.0,False
1657,37200.0,66000.0,True
1658,34080.0,66000.0,True
1659,38600.0,66000.0,True
1660,37200.0,66000.0,True
1661,40240.0,66000.0,False
1662,37720.0,66000.0,False
1663,38720.0,66000.0,True
1664,38200.0,66000.0,True
1665,34800.0,66000.0,False
1666,32560.0,66000.0,True
1667,38640.0,66000.0,True
1668,41680.0,66000.0,True
1669,38040.0,66000.0,False
1670,39440.0,66000.0,True
1671,38440.0,66000.0,True
1672,43200.0,66000.0,True
1673,44080.0,66000.0,True
1674,41640.0,66000.0,False
1675,35080.0,66000.0,True
1676,34960.0,66000.0,False
1677,37800.0,66000.0,True
1678,36040.0,66000.0,True
1679,40840.0,66000.0,True
1680,41280.0,66000.0,False
1681,39320.0,66000.0,True
1682,40520.0,66000.0,False
1683,40480.0,66000.0,True
1684,43800.0,66000.0,True
1685,33840.0,66000.0,False
1686,36480.0,66000.0,False
1687,37680.0,66000.0,True
1688,38480.0,66000.0,False
1689,37920.0,66000.0,True
1690,41400.0,66000.0,True
1691,38760.0,66000.0,False
1692,31960.0,66000.0,True
1693,38000.0,66000.0,True
1694,42200.0,66000.0,True
1695,34480.0,66000.0,False
1696,39120.0,66000.0,True
1697,40640.0,66000.0,False
1698,39120.0,66000.0,True
1699,45240.0,66000.0,True
1700,32320.0,66000.0,True
1701,38640.0,66000.0,True
1702,45400.0,66000.0,True
1703,36680.0,66000.0,True
1704,39720.0,66000.0,True
1705,40680.0,66000.0,True
1706,38560.0,66000.0,True
1707,40960.0,66000.0,False
1708,39160.0,66000.0,False
1709,43320.0,66000.0,True
1710,47320.0,66000.0,True
1711,43440.0,66000.0,True
1712,41560.0,66000.0,False
1713,41400.0,66000.0,True
1714,45880.0,66000.0,False
1715,42720.0,66000.0,False
1716,47840.0,66000.0,True
1717,41560.0,66000.0,True
1718,42040.0,66000.0,False
1719,39600.0,66000.0,True
1720,39600.0,66000.0,False
1721,42000.0,66000.0,True
1722,35760.0,66000.0,False
1723,42840.0,66000.0,False
1724,41600.0,66000.0,False
1725,40760.0,66000.0,False
1726,40240.0,66000.0,False
1727,43600.0,66000.0,True
1728,47120.0,66000.0,True
1729,42560.0,66000.0,True
1730,40160.0,66000.0,False
1731,41280.0,66000.0,True
1732,41720.0,66000.0,True
1733,43120.0,66000.0,True
1734,41040.0,66000.0,False
1735,44000.0,66000.0,False
1736,41800.0,66000.0,True
1737,41840.0,66000.0,True
1738,47160.0,66000.0,True
1739,40240.0,66000.0,False
1740,40560.0,66000.0,True
1741,40960.0,66000.0,False
1742,43160.0,66000.0,False
1743,42800.0,66000.0,False
1744,38520.0,66000.0,True
1745,42760.0,66000.0,True
1746,41720.0,66000.0,True
1747,39680.0,66000.0,False
1748,42080.0,66000.0,False
1749,42560.0,66000.0,False
1750,42720.0,66000.0,True
1751,40880.0,66000.0,True
1752,44200.0,66000.0,True
1753,40920.0,66000.0,False
1754,39520.0,66000.0,True
1755,39520.0,66000.0,False
1756,41000.0,66000.0,False
1757,43440.0,66000.0,True
1758,43720.0,66000.0,False
1759,40720.0,66000.0,False
1760,41480.0,66000.0,True
1761,44040.0,66000.0,False
1762,42640.0,66000.0,True
1763,41840.0,66000.0,True
1764,43960.0,66000.0,True
1765,41560.0,66000.0,False
1766,44400.0,66000.0,True
1767,40240.0,66000.0,False
1768,41720.0,66000.0,False
1769,42920.0,66000.0,False
1770,40720.0,66000.0,True
1771,44760.0,66000.0,True
1772,44280.0,66000.0,True
1773,45320.0,66000.0,True
1774,44200.0,66000.0,True
1775,37200.0,66000.0,False
1776,41960.0,66000.0,True
1777,42720.0,66000.0,True
1778,44520.0,66000.0,True
1779,43880.0,66000.0,True
1780,41800.0,66000.0,False
1781,42240.0,66000.0,True
1782,47520.0,66000.0,False
1783,46840.0,66000.0,True
1784,43120.0,66000.0,True
1785,44680.0,66000.0,True
1786,46880.0,66000.0,True
1787,42520.0,66000.0,True
1788,43720.0,66000.0,False
1789,44520.0,66000.0,True
1790,46360.0,66000.0,False
1791,43240.0,66000.0,True
1792,43560.0,66000.0,False
1793,42360.0,66000.0,True
1794,44240.0,66000.0,False
1795,43840.0,66000.0,True
1796,41200.0,66000.0,False
1797,41040.0,66000.0,False
1798,44160.0,66000.0,True
1799,45560.0,66000.0,True
1800,39680.0,66000.0,True
1801,42040.0,66000.0,True
1802,43400.0,66000.0,False
1803,39720.0,66000.0,True
1804,42560.0,66000.0,False
1805,43520.0,66000.0,False
1806,40760.0,66000.0,True
1807,40640.0,66000.0,False
1808,42240.0,66000.0,False
1809,43840.0,66000.0,True
1810,41880.0,66000.0,True
1811,43160.0,66000.0,False
1812,41320.0,66000.0,True
1813,41880.0,66000.0,False
1814,42000.0,66000.0,True
1815,36160.0,66000.0,False
1816,40600.0,66000.0,True
1817,39080.0,66000.0,False
1818,43600.0,66000.0,True
1819,43680.0,66000.0,True
1820,38160.0,66000.0,False
1821,42200.0,66000.0,True
1822,43160.0,66000.0,True
1823,43760.0,66000.0,False
1824,42880.0,66000.0,False
1825,39280.0,66000.0,False
1826,42840.0,66000.0,False
1827,42640.0,66000.0,False
1828,44080.0,66000.0,False
1829,41680.0,66000.0,True
1830,44800.0,66000.0,True
1831,43040.0,66000.0,False
1832,43240.0,66000.0,False
1833,39200.0,66000.0,False
1834,43080.0,66000.0,True
1835,45240.0,66000.0,True
1836,42920.0,66000.0,True
1837,41760.0,66000.0,False
1838,43360.0,66000.0,False
1839,43280.0,66000.0,True
1840,43280.0,66000.0,False
1841,39120.0,66000.0,False
1842,45160.0,66000.0,True
1843,41640.0,66000.0,True
1844,42760.0,66000.0,True
1845,44120.0,66000.0,True
1846,43600.0,66000.0,True
1847,37840.0,66000.0,False
1848,45960.0,66000.0,False
1849,43920.0,66000.0,True
1850,44160.0,66000.0,False
1851,37520.0,66000.0,False
1852,39560.0,66000.0,True
1853,41480.0,66000.0,True
1854,37240.0,66000.0,False
1855,43760.0,66000.0,True
1856,45160.0,66000.0,False
1857,42840.0,66000.0,False
1858,40800.0,66000.0,True
1859,46120.0,66000.0,True
1860,43080.0,66000.0,True
1861,41560.0,66000.0,False
1862,40360.0,66000.0,True
1863,42520.0,66000.0,True
1864,40480.0,66000.0,False
1865,43160.0,66000.0,True
1866,43360.0,66000.0,True
1867,41400.0,66000.0,False
1868,39360.0,66000.0,False
1869,40960.0,66000.0,True
1870,41720.0,66000.0,True
1871,41560.0,66000.0,False
1872,38640.0,66000.0,True
1873,39880.0,66000.0,False
1874,40200.0,66000.0,False
1875,37640.0,66000.0,False
1876,38520.0,66000.0,False
1877,39640.0,66000.0,False
1878,45040.0,66000.0,False
1879,40920.0,66000.0,True
1880,38400.0,66000.0,False
1881,41360.0,66000.0,False
1882,41600.0,66000.0,True
1883,40600.0,66000.0,False
1884,36720.0,66000.0,True
1885,33040.0,66000.0,False
1886,42320.0,66000.0,False
1887,39040.0,66000.0,False
1888,42600.0,66000.0,False
1889,42640.0,66000.0,False
1890,40000.0,66000.0,False
1891,41400.0,66000.0,False
1892,42600.0,66000.0,False
1893,44680.0,66000.0,False
1894,42480.0,66000.0,False
1895,38520.0,66000.0,False
1896,40520.0,66000.0,True
1897,43120.0,66000.0,False
1898,38680.0,66000.0,False
1899,35360.0,66000.0,False
1900,35600.0,66000.0,True
1901,31880.0,66000.0,False
1902,35720.0,66000.0,True
1903,24160.0,66000.0,True
1904,24360.0,66000.0,True
1905,27520.0,66000.0,False
1906,40960.0,66000.0,False
1907,27080.0,66000.0,True
1908,33560.0,66000.0,True
1909,41280.0,66000.0,True
1910,41920.0,66000.0,False
1911,31920.0,66000.0,False
1912,37160.0,66000.0,True
1913,36400.0,66000.0,True
1914,39520.0,66000.0,True
1915,40560.0,66000.0,False
1916,38280.0,66000.0,False
1917,37160.0,66000.0,False
1918,45680.0,66000.0,True
1919,37360.0,66000.0,False
1920,40000.0,66000.0,False
1921,41920.0,66000.0,True
1922,38760.0,66000.0,True
1923,38200.0,66000.0,False
1924,36120.0,66000.0,False
1925,39000.0,66000.0,True
1926,38240.0,66000.0,False
1927,36560.0,66000.0,False
1928,39520.0,66000.0,True
1929,43320.0,66000.0,True
1930,38240.0,66000.0,False
1931,38720.0,66000.0,False
1932,38360.0,66000.0,True
1933,37680.0,66000.0,False
1934,35720.0,66000.0,True
1935,44120.0,66000.0,True
1936,39760.0,66000.0,False
1937,33560.0,66000.0,False
1938,36720.0,66000.0,False
1939,41320.0,66000.0,False
1940,42400.0,66000.0,True
1941,45840.0,66000.0,False
1942,39120.0,66000.0,False
1943,42520.0,66000.0,False
1944,39120.0,66000.0,False
1945,39760.0,66000.0,True
1946,37360.0,66000.0,False
1947,41720.0,66000.0,False
1948,40880.0,66000.0,False
1949,36720.0,66000.0,False
1950,41920.0,66000.0,True
1951,42360.0,66000.0,True
1952,41640.0,66000.0,False
1953,39080.0,66000.0,False
1954,37480.0,66000.0,False
1955,38880.0,66000.0,False
1956,43120.0,66000.0,False
1957,42320.0,66000.0,False
1958,36360.0,66000.0,False
1959,43440.0,66000.0,False
1960,37880.0,66000.0,False
1961,42240.0,66000.0,True
1962,43440.0,66000.0,False
1963,45040.0,66000.0,True
1964,41120.0,66000.0,True
1965,38160.0,66000.0,False
1966,41960.0,66000.0,True
1967,40080.0,66000.0,True
1968,43360.0,66000.0,False
1969,45200.0,66000.0,True
1970,40960.0,66000.0,False
1971,40320.0,66000.0,True
1972,44880.0,66000.0,True
1973,46040.0,66000.0,False
1974,41160.0,66000.0,True
1975,43960.0,66000.0,True
1976,36760.0,66000.0,True
1977,42840.0,66000.0,False
1978,41960.0,66000.0,True
1979,40480.0,66000.0,False
1980,37640.0,66000.0,False
1981,42920.0,66000.0,True
1982,43880.0,66000.0,True
1983,42800.0,66000.0,True
1984,41800.0,66000.0,True
1985,40360.0,66000.0,True
1986,42080.0,66000.0,True
1987,36480.0,66000.0,False
1988,40760.0,66000.0,True
1989,42160.0,66000.0,True
1990,40720.0,66000.0,True
1991,40960.0,66000.0,False
1992,42760.0,66000.0,True
1993,43240.0,66000.0,False
1994,45880.0,66000.0,True
1995,40280.0,66000.0,True
1996,41560.0,66000.0,True
1997,43400.0,66000.0,False
1998,44800.0,66000.0,False
1999,48240.0,66000.0,True
