0,-21.0,0,True
1,-21.0,0,True
2,-21.0,0,True
3,-21.0,0,True
4,-21.0,0,True
5,-21.0,0,True
6,-21.0,0,True
7,-21.0,0,True
8,-21.0,0,True
9,-21.0,0,True
10,-21.0,0,True
11,-21.0,0,True
12,-21.0,0,True
13,-21.0,0,True
14,-21.0,0,True
15,-21.0,0,True
16,-21.0,0,True
17,-21.0,0,True
18,-21.0,0,True
19,-21.0,0,True
20,-21.0,0,True
21,-20.8,0,True
22,-20.4,0,True
23,-20.0,0,False
24,-20.8,0,False
25,-20.4,0,True
26,-19.8,0,True
27,-20.4,0,True
28,-20.2,0,True
29,-19.6,0,True
30,-20.0,0,True
31,-19.8,0,True
32,-20.0,0,True
33,-20.2,0,False
34,-20.2,0,True
35,-20.2,0,False
36,-20.0,0,True
37,-20.2,0,False
38,-20.2,0,True
39,-20.4,0,False
40,-20.0,0,False
41,-20.2,0,True
42,-20.0,0,True
43,-19.8,0,True
44,-20.2,0,True
45,-19.6,0,False
46,-20.2,0,False
47,-19.8,0,False
48,-19.8,0,False
49,-18.6,0,False
50,-19.4,0,True
51,-19.4,0,False
52,-19.8,0,True
53,-20.4,0,False
54,-19.8,0,False
55,-20.0,0,False
56,-20.6,0,False
57,-20.0,0,True
58,-19.0,0,True
59,-19.4,0,True
60,-20.2,0,True
61,-19.8,0,False
62,-20.2,0,True
63,-19.4,0,False
64,-19.8,0,True
65,-19.6,0,False
66,-20.0,0,True
67,-19.8,0,False
68,-20.6,0,False
69,-19.6,0,True
70,-20.4,0,False
71,-19.8,0,False
72,-19.6,0,False
73,-20.4,0,True
74,-19.6,0,False
75,-20.2,0,True
76,-19.2,0,False
77,-19.4,0,False
78,-19.6,0,False
79,-19.8,0,False
80,-19.8,0,True
81,-20.6,0,False
82,-20.2,0,True
83,-20.0,0,True
84,-20.4,0,True
85,-19.8,0,False
86,-20.0,0,True
87,-20.2,0,False
88,-19.8,0,False
89,-20.0,0,True
90,-19.6,0,True
91,-19.6,0,True
92,-20.0,0,True
93,-20.0,0,True
94,-19.6,0,True
95,-19.4,0,False
96,-19.6,0,True
97,-20.0,0,True
98,-19.8,0,False
99,-20.0,0,True
100,-20.0,0,True
101,-20.0,0,True
102,-19.8,0,False
103,-19.8,0,True
104,-19.4,0,True
105,-20.4,0,False
106,-20.2,0,True
107,-20.2,0,True
108,-19.6,0,False
109,-20.2,0,False
110,-19.4,0,True
111,-19.8,0,True
112,-19.8,0,False
113,-20.0,0,False
114,-20.2,0,False
115,-20.4,0,False
116,-20.2,0,False
117,-19.8,0,False
118,-20.2,0,True
119,-19.4,0,False
120,-20.4,0,False
121,-20.2,0,True
122,-20.2,0,True
123,-20.0,0,False
124,-19.6,0,False
125,-20.4,0,False
126,-19.8,0,True
127,-20.2,0,True
128,-19.6,0,False
129,-19.6,0,True
130,-20.0,0,True
131,-19.6,0,True
132,-20.4,0,False
133,-19.8,0,True
134,-19.8,0,True
135,-19.4,0,True
136,-19.8,0,False
137,-20.2,0,True
138,-20.0,0,True
139,-19.8,0,True
140,-19.6,0,False
141,-20.4,0,False
142,-20.2,0,False
143,-19.8,0,False
144,-20.0,0,False
145,-19.6,0,False
146,-19.8,0,True
147,-19.6,0,False
148,-19.6,0,True
149,-20.0,0,False
150,-19.8,0,True
151,-19.6,0,True
152,-19.4,0,True
153,-20.0,0,True
154,-20.2,0,False
155,-20.4,0,True
156,-19.8,0,True
157,-19.6,0,True
158,-20.2,0,True
159,-19.6,0,True
160,-20.6,0,False
161,-19.2,0,True
162,-19.4,0,True
163,-20.0,0,False
164,-20.0,0,False
165,-20.2,0,False
166,-20.2,0,True
167,-19.8,0,False
168,-19.8,0,True
169,-19.2,0,False
170,-19.6,0,True
171,-19.8,0,True
172,-20.0,0,False
173,-19.8,0,True
174,-20.0,0,False
175,-19.6,0,True
176,-20.6,0,True
177,-20.4,0,False
178,-20.2,0,True
179,-20.2,0,True
180,-20.6,0,True
181,-20.0,0,False
182,-20.2,0,False
183,-20.0,0,False
184,-20.4,0,True
185,-20.6,0,False
186,-20.2,0,False
187,-20.8,0,False
188,-19.8,0,True
189,-19.6,0,False
190,-20.4,0,True
191,-20.0,0,True
192,-20.4,0,True
193,-19.8,0,False
194,-21.0,0,True
195,-21.0,0,True
196,-21.0,0,True
197,-21.0,0,True
198,-21.0,0,True
199,-21.0,0,True
200,-21.0,0,True
201,-21.0,0,True
202,-21.0,0,True
203,-21.0,0,True
204,-21.0,0,True
205,-21.0,0,True
206,-21.0,0,True
207,-21.0,0,True
208,-21.0,0,True
209,-21.0,0,True
210,-21.0,0,True
211,-21.0,0,True
212,-21.0,0,True
213,-21.0,0,True
214,-21.0,0,True
215,-21.0,0,True
216,-21.0,0,True
217,-21.0,0,True
218,-21.0,0,True
219,-21.0,0,True
220,-21.0,0,True
221,-21.0,0,True
222,-21.0,0,True
223,-21.0,0,True
224,-21.0,0,True
225,-21.0,0,True
226,-21.0,0,True
227,-21.0,0,True
228,-21.0,0,True
229,-21.0,0,True
230,-21.0,0,True
231,-21.0,0,True
232,-21.0,0,True
233,-21.0,0,True
234,-21.0,0,True
235,-21.0,0,True
236,-21.0,0,True
237,-21.0,0,True
238,-21.0,0,True
239,-21.0,0,True
240,-21.0,0,True
241,-21.0,0,True
242,-21.0,0,True
243,-21.0,0,True
244,-21.0,0,True
245,-21.0,0,True
246,-21.0,0,True
247,-21.0,0,True
248,-21.0,0,True
249,-21.0,0,True
250,-21.0,0,True
251,-21.0,0,True
252,-21.0,0,True
253,-21.0,0,True
254,-21.0,0,True
255,-21.0,0,True
256,-21.0,0,True
257,-21.0,0,True
258,-21.0,0,True
259,-21.0,0,True
260,-21.0,0,True
261,-21.0,0,True
262,-21.0,0,True
263,-21.0,0,True
264,-21.0,0,True
265,-21.0,0,True
266,-20.8,0,True
267,-20.6,0,True
268,-20.8,0,True
269,-20.4,0,True
270,-20.4,0,True
271,-21.0,0,True
272,-21.0,0,True
273,-21.0,0,True
274,-21.0,0,True
275,-21.0,0,True
276,-21.0,0,True
277,-21.0,0,True
278,-14.4,0,True
279,-13.8,0,True
280,-13.2,0,True
281,-14.8,0,False
282,-15.4,0,True
283,-12.2,0,True
284,-14.6,0,False
285,-15.2,0,True
286,-14.6,0,False
287,-15.0,0,True
288,-13.4,0,True
289,-15.0,0,True
290,-14.4,0,True
291,-14.4,0,True
292,-13.8,0,True
293,-14.8,0,False
294,-14.6,0,True
295,-15.2,0,True
296,-14.2,0,True
297,-15.0,0,True
298,-14.0,0,True
299,-16.4,0,False
300,-14.4,0,True
301,-14.6,0,True
302,-14.2,0,True
303,-14.0,0,True
304,-14.4,0,False
305,-13.4,0,True
306,-13.8,0,True
307,-14.4,0,True
308,-13.6,0,False
309,-15.2,0,True
310,-14.4,0,True
311,-14.0,0,True
312,-13.8,0,True
313,-15.0,0,True
314,-15.6,0,False
315,-12.8,0,True
316,-14.8,0,False
317,-14.6,0,False
318,-13.8,0,False
319,-14.6,0,False
320,-14.2,0,False
321,-14.6,0,True
322,-14.6,0,False
323,-13.4,0,False
324,-15.0,0,False
325,-14.4,0,False
326,-13.8,0,False
327,-13.4,0,True
328,-14.4,0,False
329,-13.8,0,True
330,-14.0,0,True
331,-15.4,0,False
332,-12.8,0,False
333,-13.4,0,False
334,-14.8,0,True
335,-16.4,0,False
336,-14.2,0,True
337,-14.0,0,False
338,-15.6,0,True
339,-15.4,0,True
340,-12.6,0,True
341,-14.4,0,True
342,-12.4,0,True
343,-15.0,0,True
344,-14.0,0,True
345,-10.0,0,True
346,-12.0,0,True
347,-10.2,0,True
348,-12.0,0,False
349,-11.0,0,True
350,-10.0,0,False
351,-10.8,0,True
352,-11.0,0,True
353,-10.2,0,True
354,-10.4,0,True
355,-12.8,0,False
356,-14.8,0,False
357,-10.6,0,True
358,-12.0,0,False
359,-10.2,0,True
360,-10.2,0,True
361,-13.6,0,False
362,-10.6,0,True
363,-11.0,0,False
364,-12.8,0,True
365,-9.2,0,True
366,-10.8,0,True
367,-10.2,0,True
368,-12.4,0,False
369,-11.6,0,True
370,-13.0,0,True
371,-11.8,0,False
372,-9.8,0,True
373,-12.0,0,True
374,-10.8,0,True
375,-12.0,0,False
376,-14.2,0,True
377,-9.8,0,True
378,-11.6,0,True
379,-11.8,0,True
380,-11.8,0,True
381,-10.4,0,True
382,-11.4,0,True
383,-11.0,0,False
384,-11.6,0,True
385,-11.6,0,True
386,-11.8,0,False
387,-11.0,0,False
388,-12.2,0,False
389,-12.2,0,True
390,-10.8,0,False
391,-11.8,0,False
392,-11.4,0,False
393,-11.6,0,True
394,-12.0,0,True
395,-11.8,0,True
396,-10.8,0,True
397,-9.6,0,True
398,-11.6,0,True
399,-12.0,0,True
400,-11.8,0,True
401,-9.8,0,False
402,-12.0,0,False
403,-11.0,0,False
404,-11.4,0,True
405,-10.2,0,True
406,-11.8,0,False
407,-9.8,0,True
408,-10.4,3.0,True
409,-13.6,3.0,True
410,-11.8,3.0,False
411,-10.2,3.0,True
412,-10.6,3.0,True
413,-10.6,3.0,True
414,-11.2,3.0,True
415,-11.6,3.0,True
416,-9.6,3.0,True
417,-10.8,3.0,True
418,-10.8,3.0,True
419,-11.8,3.0,False
420,-11.0,3.0,True
421,-12.2,3.0,False
422,-9.4,3.0,False
423,-12.0,3.0,True
424,-15.4,3.0,False
425,-10.4,3.0,True
426,-10.0,3.0,True
427,-11.0,3.0,True
428,-10.8,3.0,True
429,-13.6,3.0,True
430,-11.4,3.0,True
431,-12.4,3.0,False
432,-11.2,3.0,False
433,-10.0,3.0,False
434,-9.8,3.0,False
435,-11.8,3.0,False
436,-9.4,3.0,True
437,-11.6,3.0,True
438,-13.4,3.0,False
439,-13.2,3.0,False
440,-9.8,3.0,True
441,-12.8,3.0,True
442,-12.8,3.0,True
443,-11.2,3.0,True
444,-10.4,3.0,False
445,-10.2,3.0,True
446,-11.2,3.0,False
447,-13.4,3.0,False
448,-12.4,3.0,False
449,-10.8,3.0,True
450,-7.2,3.0,True
451,-10.6,3.0,False
452,-10.4,3.0,True
453,-11.8,3.0,True
454,-12.4,3.0,False
455,-13.8,3.0,False
456,-12.4,3.0,False
457,-10.8,3.0,False
458,-11.2,3.0,True
459,-10.2,3.0,True
460,-12.2,3.0,True
461,-13.0,3.0,False
462,-10.6,3.0,False
463,-12.0,3.0,True
464,-11.2,3.0,True
465,-11.0,3.0,True
466,-11.0,3.0,True
467,-11.0,3.0,True
468,-11.6,3.0,True
469,-14.8,3.0,False
470,-11.2,3.0,False
471,-11.8,3.0,True
472,-11.6,3.0,True
473,-12.2,3.0,False
474,-11.8,3.0,False
475,-11.4,3.0,True
476,-12.4,3.0,True
477,-13.6,3.0,False
478,-11.2,3.0,True
479,-10.2,3.0,True
480,-12.4,3.0,False
481,-11.6,3.0,False
482,-11.6,3.0,False
483,-10.4,3.0,True
484,-11.2,3.0,False
485,-10.4,3.0,True
486,-11.6,3.0,True
487,-12.4,3.0,True
488,-11.4,3.0,False
489,-9.2,3.0,True
490,-11.0,3.0,True
491,-10.2,3.0,False
492,-12.0,3.0,True
493,-10.0,3.0,True
494,-10.4,3.0,True
495,-9.4,3.0,True
496,-10.8,3.0,False
497,-11.0,3.0,False
498,-13.0,3.0,True
499,-10.6,3.0,False
500,-12.0,3.0,False
501,-11.2,3.0,False
502,-11.8,3.0,True
503,-12.6,3.0,True
504,-12.2,3.0,True
505,-9.8,3.0,True
506,-12.0,3.0,True
507,-11.6,3.0,True
508,-13.0,3.0,True
509,-10.2,3.0,True
510,-12.6,3.0,False
511,-11.2,3.0,False
512,-12.0,3.0,True
513,-12.2,3.0,False
514,-11.6,3.0,False
515,-10.8,3.0,False
516,-15.2,3.0,False
517,-13.0,3.0,False
518,-12.6,3.0,False
519,-12.6,3.0,False
520,-11.4,3.0,True
521,-10.0,3.0,False
522,-11.4,3.0,False
523,-10.4,3.0,False
524,-9.8,3.0,True
525,-12.2,3.0,False
526,-9.8,3.0,False
527,-10.6,3.0,True
528,-11.0,3.0,False
529,-12.0,3.0,True
530,-12.2,3.0,True
531,-9.0,3.0,False
532,-13.0,3.0,True
533,-12.0,3.0,False
534,-12.0,3.0,True
535,-14.8,3.0,False
536,-13.4,3.0,True
537,-14.6,3.0,True
538,-13.0,3.0,False
539,-13.2,3.0,True
540,-16.0,3.0,False
541,-12.8,3.0,False
542,-13.2,3.0,True
543,-12.0,3.0,False
544,-14.6,3.0,True
545,-12.2,3.0,False
546,-14.4,3.0,False
547,-15.0,3.0,True
548,-11.4,3.0,False
549,-13.2,3.0,True
550,-12.6,3.0,True
551,-13.6,3.0,True
552,-13.4,3.0,False
553,-14.4,3.0,True
554,-15.4,3.0,True
555,-13.0,3.0,False
556,-14.2,3.0,True
557,-15.2,3.0,False
558,-14.4,3.0,False
559,-14.8,3.0,True
560,-13.0,3.0,False
561,-14.0,3.0,False
562,-14.4,3.0,False
563,-15.0,3.0,True
564,-14.2,3.0,True
565,-13.6,3.0,True
566,-13.0,3.0,True
567,-14.6,3.0,False
568,-15.6,3.0,False
569,-14.4,3.0,False
570,-14.6,3.0,True
571,-14.8,3.0,True
572,-14.8,3.0,False
573,-13.4,3.0,True
574,-14.8,3.0,False
575,-14.2,3.0,True
576,-12.4,3.0,True
577,-14.2,3.0,True
578,-14.8,3.0,True
579,-14.8,3.0,True
580,-14.0,3.0,False
581,-13.6,3.0,True
582,-14.4,3.0,True
583,-14.4,3.0,True
584,-14.8,3.0,True
585,-15.0,3.0,True
586,-14.6,3.0,True
587,-14.8,3.0,False
588,-15.2,3.0,True
589,-13.2,3.0,True
590,-14.0,3.0,True
591,-14.2,3.0,True
592,-14.6,3.0,True
593,-14.6,3.0,False
594,-15.6,3.0,True
595,-14.6,3.0,True
596,-15.4,3.0,True
597,-15.0,3.0,True
598,-13.4,3.0,True
599,-14.8,3.0,False
600,-12.8,3.0,False
601,-15.0,3.0,False
602,-15.2,3.0,False
603,-13.4,3.0,True
604,-12.8,3.0,False
605,-14.6,3.0,False
606,-14.0,3.0,True
607,-15.6,3.0,True
608,-13.8,3.0,False
609,-14.6,3.0,True
610,-12.6,3.0,True
611,-10.0,3.0,False
612,-11.6,3.0,False
613,-12.4,3.0,True
614,-11.2,3.0,True
615,-11.8,3.0,True
616,-13.6,3.0,True
617,-13.2,3.0,True
618,-12.2,3.0,True
619,-11.6,3.0,False
620,-11.8,3.0,False
621,-12.2,3.0,False
622,-9.0,3.0,False
623,-13.4,3.0,False
624,-12.0,3.0,False
625,-10.6,3.0,True
626,-12.8,3.0,False
627,-11.4,3.0,True
628,-12.0,3.0,False
629,-10.8,3.0,True
630,-11.8,3.0,False
631,-12.2,3.0,True
632,-10.8,3.0,False
633,-13.2,3.0,False
634,-12.4,3.0,False
635,-13.0,3.0,True
636,-12.2,3.0,True
637,-12.6,3.0,False
638,-12.6,3.0,True
639,-11.2,3.0,True
640,-12.4,3.0,True
641,-13.8,3.0,True
642,-11.8,3.0,True
643,-13.2,3.0,False
644,-11.6,3.0,False
645,-11.2,3.0,False
646,-11.8,3.0,False
647,-9.6,3.0,True
648,-10.6,3.0,True
649,-13.0,3.0,False
650,-12.0,3.0,True
651,-10.0,3.0,True
652,-9.2,3.0,True
653,-11.8,3.0,True
654,-12.8,3.0,True
655,-12.8,3.0,False
656,-12.0,3.0,False
657,-12.0,3.0,True
658,-12.8,3.0,True
659,-12.6,3.0,True
660,-11.2,3.0,True
661,-11.8,3.0,False
662,-12.4,3.0,False
663,-11.2,3.0,True
664,-11.8,3.0,False
665,-12.4,3.0,True
666,-11.8,3.0,True
667,-14.6,3.0,False
668,-14.2,3.0,False
669,-13.6,3.0,False
670,-10.4,3.0,False
671,-11.6,3.0,False
672,-12.8,3.0,True
673,-12.4,3.0,True
674,-14.0,3.0,True
675,-9.8,3.0,False
676,-12.6,3.0,True
677,-10.8,3.0,True
678,-12.4,3.0,False
679,-10.6,3.0,True
680,-12.2,3.0,False
681,-13.2,3.0,True
682,-10.8,3.0,False
683,-11.2,3.0,False
684,-13.2,3.0,True
685,-12.4,3.0,True
686,-12.0,3.0,False
687,-12.4,3.0,True
688,-11.2,3.0,True
689,-12.8,3.0,True
690,-11.4,3.0,True
691,-12.8,3.0,True
692,-11.0,3.0,False
693,-11.8,3.0,True
694,-12.2,3.0,True
695,-12.8,3.0,True
696,-11.4,3.0,True
697,-11.6,3.0,True
698,-10.6,3.0,True
699,-12.8,3.0,True
700,-11.2,3.0,False
701,-11.8,3.0,False
702,-13.6,3.0,True
703,-10.0,3.0,True
704,-11.6,3.0,True
705,-12.0,3.0,True
706,-12.8,3.0,True
707,-13.4,3.0,True
708,-12.6,3.0,True
709,-14.2,3.0,False
710,-9.6,3.0,True
711,-11.4,3.0,False
712,-13.6,3.0,True
713,-12.4,3.0,True
714,-11.8,3.0,False
715,-11.2,3.0,True
716,-11.6,3.0,True
717,-12.2,3.0,True
718,-14.6,3.0,True
719,-12.0,3.0,True
720,-11.6,3.0,False
721,-12.2,3.0,True
722,-11.2,3.0,True
723,-13.8,3.0,False
724,-12.2,3.0,True
725,-11.2,3.0,True
726,-12.8,3.0,True
727,-12.6,3.0,True
728,-12.4,3.0,True
729,-9.2,3.0,False
730,-12.4,3.0,False
731,-14.0,3.0,False
732,-10.4,3.0,True
733,-12.4,3.0,True
734,-10.0,3.0,False
735,-10.6,3.0,True
736,-12.2,3.0,False
737,-14.2,3.0,True
738,-10.8,3.0,True
739,-14.0,3.0,True
740,-10.4,3.0,True
741,-13.8,3.0,False
742,-12.4,3.0,True
743,-12.0,3.0,False
744,-12.4,3.0,False
745,-12.2,3.0,False
746,-13.8,3.0,False
747,-13.8,3.0,True
748,-12.0,3.0,False
749,-11.8,3.0,True
750,-12.8,3.0,False
751,-10.6,3.0,False
752,-12.8,3.0,True
753,-13.6,3.0,False
754,-13.8,3.0,True
755,-11.6,3.0,False
756,-12.4,3.0,True
757,-10.2,3.0,True
758,-12.8,3.0,True
759,-11.6,3.0,True
760,-13.2,3.0,True
761,-10.6,3.0,False
762,-10.0,3.0,False
763,-11.0,3.0,True
764,-13.0,3.0,False
765,-10.8,3.0,True
766,-13.4,3.0,False
767,-9.4,3.0,False
768,-13.4,3.0,True
769,-11.0,3.0,True
770,-11.8,3.0,True
771,-12.8,3.0,False
772,-13.0,3.0,True
773,-8.0,3.0,False
774,-12.4,3.0,True
775,-11.2,3.0,False
776,-8.6,3.0,True
777,-12.4,3.0,True
778,-13.2,3.0,True
779,-9.8,3.0,True
780,-12.8,3.0,True
781,-11.6,3.0,False
782,-10.2,3.0,True
783,-11.8,3.0,False
784,-10.2,3.0,True
785,-14.2,3.0,False
786,-13.0,3.0,False
787,-12.4,3.0,True
788,-12.6,3.0,True
789,-12.0,3.0,True
790,-12.4,3.0,False
791,-12.8,3.0,True
792,-10.2,3.0,False
793,-12.8,3.0,False
794,-13.0,3.0,True
795,-13.4,3.0,True
796,-10.4,3.0,True
797,-11.4,3.0,False
798,-12.6,3.0,True
799,-11.2,3.0,True
800,-11.6,3.0,False
801,-10.6,3.0,False
802,-10.6,3.0,False
803,-12.0,3.0,False
804,-10.0,3.0,True
805,-12.2,3.0,True
806,-11.4,3.0,True
807,-12.4,3.0,True
808,-10.2,3.0,True
809,-13.8,3.0,True
810,-12.6,3.0,False
811,-11.8,3.0,True
812,-11.0,3.0,True
813,-12.6,3.0,False
814,-10.8,3.0,False
815,-10.8,3.0,False
816,-12.6,3.0,True
817,-11.2,3.0,True
818,-12.6,3.0,False
819,-8.2,3.0,True
820,-13.0,3.0,False
821,-11.2,3.0,True
822,-12.0,3.0,False
823,-9.2,3.0,False
824,-12.0,3.0,True
825,-11.6,3.0,False
826,-12.0,3.0,False
827,-13.0,3.0,False
828,-13.0,3.0,True
829,-11.4,3.0,False
830,-13.4,3.0,True
831,-10.4,3.0,True
832,-12.0,3.0,True
833,-12.2,3.0,False
834,-12.8,3.0,False
835,-14.0,3.0,True
836,-11.2,3.0,False
837,-12.4,3.0,False
838,-10.4,3.0,False
839,-12.8,3.0,True
840,-12.6,3.0,False
841,-13.2,3.0,True
842,-13.4,3.0,False
843,-12.6,3.0,True
844,-13.6,3.0,True
845,-12.6,3.0,True
846,-13.4,3.0,True
847,-11.8,3.0,False
848,-9.6,3.0,False
849,-12.6,3.0,True
850,-12.8,3.0,True
851,-12.6,3.0,False
852,-13.4,3.0,True
853,-13.8,3.0,False
854,-14.0,3.0,False
855,-11.6,3.0,True
856,-10.0,3.0,True
857,-15.0,3.0,False
858,-12.8,3.0,False
859,-13.4,3.0,False
860,-13.6,3.0,True
861,-10.2,3.0,False
862,-14.0,3.0,True
863,-10.0,3.0,True
864,-12.6,3.0,False
865,-14.2,3.0,True
866,-14.0,3.0,False
867,-15.8,3.0,False
868,-14.2,3.0,True
869,-15.4,3.0,True
870,-14.2,3.0,True
871,-14.4,3.0,True
872,-13.2,3.0,True
873,-14.4,3.0,True
874,-13.0,3.0,True
875,-12.0,3.0,False
876,-14.2,3.0,False
877,-13.8,3.0,True
878,-16.4,3.0,True
879,-13.4,3.0,False
880,-13.2,3.0,False
881,-15.2,3.0,True
882,-14.0,3.0,False
883,-14.8,3.0,True
884,-13.6,3.0,True
885,-14.2,3.0,False
886,-14.4,3.0,True
887,-15.8,3.0,True
888,-14.2,3.0,True
889,-13.8,3.0,True
890,-13.6,3.0,False
891,-13.8,3.0,True
892,-15.0,3.0,True
893,-15.4,3.0,False
894,-13.8,3.0,False
895,-13.6,3.0,True
896,-14.0,3.0,True
897,-14.2,3.0,True
898,-14.2,3.0,True
899,-13.6,3.0,False
900,-15.6,3.0,False
901,-13.2,3.0,True
902,-15.4,3.0,True
903,-15.0,3.0,False
904,-15.8,3.0,False
905,-15.6,3.0,True
906,-15.2,3.0,False
907,-14.6,3.0,True
908,-15.4,3.0,True
909,-13.8,3.0,True
910,-15.8,3.0,True
911,-13.4,3.0,False
912,-15.4,3.0,False
913,-14.2,3.0,True
914,-14.0,3.0,True
915,-14.6,3.0,True
916,-14.6,3.0,True
917,-13.2,3.0,True
918,-14.8,3.0,False
919,-14.2,3.0,True
920,-11.8,3.0,True
921,-14.0,3.0,False
922,-13.6,3.0,True
923,-14.8,3.0,True
924,-13.8,3.0,False
925,-15.4,3.0,False
926,-14.4,3.0,True
927,-14.8,3.0,True
928,-15.4,3.0,False
929,-14.2,3.0,True
930,-13.4,3.0,False
931,-13.6,3.0,False
932,-14.2,3.0,False
933,-13.2,3.0,False
934,-14.6,3.0,False
935,-15.8,3.0,False
936,-13.6,3.0,True
937,-15.0,3.0,False
938,-14.6,3.0,True
939,-15.2,3.0,True
940,-13.0,3.0,False
941,-14.8,3.0,False
942,-14.8,3.0,True
943,-13.2,3.0,True
944,-13.8,3.0,True
945,-14.8,3.0,False
946,-14.0,3.0,True
947,-15.0,3.0,False
948,-14.0,3.0,True
949,-15.0,3.0,True
950,-12.8,3.0,True
951,-15.0,3.0,True
952,-14.0,3.0,False
953,-13.2,3.0,True
954,-15.0,3.0,True
955,-15.6,3.0,False
956,-13.2,3.0,True
957,-13.8,3.0,False
958,-13.6,3.0,False
959,-14.4,3.0,True
960,-15.8,3.0,True
961,-15.6,3.0,True
962,-13.6,3.0,True
963,-13.4,3.0,True
964,-14.4,3.0,False
965,-14.4,3.0,True
966,-14.0,3.0,True
967,-15.4,3.0,False
968,-14.6,3.0,True
969,-15.4,3.0,True
970,-14.2,3.0,False
971,-13.8,3.0,True
972,-14.2,3.0,True
973,-14.2,3.0,True
974,-14.2,3.0,False
975,-15.4,3.0,False
976,-12.8,3.0,False
977,-15.0,3.0,True
978,-15.2,3.0,True
979,-13.2,3.0,True
980,-14.2,3.0,True
981,-14.6,3.0,False
982,-14.4,3.0,False
983,-14.6,3.0,True
984,-14.2,3.0,True
985,-14.2,3.0,False
986,-12.8,3.0,True
987,-13.8,3.0,True
988,-14.6,3.0,True
989,-16.2,3.0,True
990,-14.8,3.0,True
991,-14.6,3.0,False
992,-13.8,3.0,True
993,-14.2,3.0,True
994,-14.4,3.0,True
995,-15.4,3.0,True
996,-15.4,3.0,True
997,-14.6,3.0,True
998,-15.6,3.0,True
999,-12.8,3.0,True
1000,-13.6,3.0,True
1001,-14.6,3.0,True
1002,-14.6,3.0,True
1003,-14.0,3.0,True
1004,-13.4,3.0,True
1005,-14.6,3.0,True
1006,-17.4,3.0,False
1007,-13.2,3.0,False
1008,-13.4,3.0,True
1009,-15.0,3.0,True
1010,-13.2,3.0,False
1011,-13.0,3.0,False
1012,-14.4,3.0,True
1013,-15.0,3.0,True
1014,-12.4,3.0,True
1015,-15.2,3.0,True
1016,-13.6,3.0,False
1017,-14.0,3.0,True
1018,-14.2,3.0,True
1019,-14.8,3.0,True
1020,-13.8,3.0,True
1021,-13.0,3.0,True
1022,-14.0,3.0,True
1023,-16.4,3.0,False
1024,-13.8,3.0,True
1025,-15.6,3.0,True
1026,-14.4,3.0,False
1027,-15.0,3.0,False
1028,-15.2,3.0,True
1029,-14.2,3.0,False
1030,-13.8,3.0,True
1031,-14.0,3.0,True
1032,-15.2,3.0,False
1033,-12.8,3.0,True
1034,-15.0,3.0,True
1035,-14.6,3.0,True
1036,-14.0,3.0,True
1037,-15.0,3.0,False
1038,-16.0,3.0,True
1039,-12.2,3.0,False
1040,-15.2,3.0,True
1041,-13.8,3.0,False
1042,-14.4,3.0,True
1043,-13.0,3.0,False
1044,-14.8,3.0,False
1045,-15.2,3.0,True
1046,-13.6,3.0,False
1047,-14.4,3.0,False
1048,-12.4,3.0,True
1049,-14.6,3.0,False
1050,-14.8,3.0,True
1051,-14.8,3.0,False
1052,-14.0,3.0,True
1053,-15.4,3.0,True
1054,-13.2,3.0,False
1055,-14.6,3.0,True
1056,-13.8,3.0,False
1057,-15.0,3.0,True
1058,-15.4,3.0,False
1059,-15.4,3.0,True
1060,-14.0,3.0,False
1061,-14.8,3.0,True
1062,-16.2,3.0,True
1063,-12.0,3.0,True
1064,-15.4,3.0,False
1065,-14.4,3.0,False
1066,-14.6,3.0,True
1067,-13.8,3.0,True
1068,-14.2,3.0,True
1069,-14.0,3.0,True
1070,-13.0,3.0,True
1071,-16.4,3.0,False
1072,-14.8,3.0,False
1073,-14.2,3.0,True
1074,-14.8,3.0,False
1075,-14.8,3.0,True
1076,-14.6,3.0,True
1077,-14.4,3.0,True
1078,-15.8,3.0,True
1079,-12.6,3.0,True
1080,-13.6,3.0,False
1081,-14.0,3.0,True
1082,-13.8,3.0,False
1083,-13.8,3.0,True
1084,-14.8,3.0,False
1085,-15.8,3.0,False
1086,-15.2,3.0,True
1087,-14.8,3.0,False
1088,-15.4,3.0,True
1089,-15.0,3.0,False
1090,-15.8,3.0,True
1091,-14.4,3.0,True
1092,-15.4,3.0,True
1093,-14.6,3.0,True
1094,-14.4,3.0,False
1095,-14.8,3.0,False
1096,-14.4,3.0,True
1097,-15.0,3.0,False
1098,-15.4,3.0,False
1099,-13.4,3.0,False
1100,-14.4,3.0,False
1101,-15.8,3.0,True
1102,-15.0,3.0,True
1103,-15.8,3.0,True
1104,-13.8,3.0,True
1105,-14.0,3.0,True
1106,-14.8,3.0,True
1107,-14.0,3.0,True
1108,-14.6,3.0,False
1109,-14.4,3.0,False
1110,-14.2,3.0,False
1111,-14.4,3.0,True
1112,-15.0,3.0,False
1113,-15.0,3.0,False
1114,-14.2,3.0,True
1115,-13.6,3.0,False
1116,-14.0,3.0,True
1117,-14.6,3.0,False
1118,-14.4,3.0,True
1119,-15.0,3.0,True
1120,-13.0,3.0,True
1121,-15.0,3.0,True
1122,-14.2,3.0,True
1123,-14.2,3.0,True
1124,-13.0,3.0,True
1125,-14.4,3.0,False
1126,-12.2,3.0,True
1127,-14.4,3.0,True
1128,-14.0,3.0,True
1129,-14.2,3.0,False
1130,-13.4,3.0,True
1131,-14.0,3.0,True
1132,-16.2,3.0,True
1133,-16.0,3.0,True
1134,-15.8,3.0,True
1135,-15.0,3.0,True
1136,-14.2,3.0,False
1137,-15.4,3.0,True
1138,-14.2,3.0,False
1139,-13.6,3.0,True
1140,-11.8,3.0,False
1141,-13.4,3.0,True
1142,-15.0,3.0,False
1143,-16.2,3.0,True
1144,-15.2,3.0,False
1145,-14.6,3.0,True
1146,-14.4,3.0,True
1147,-16.4,3.0,False
1148,-13.8,3.0,True
1149,-15.6,3.0,False
1150,-14.8,3.0,True
1151,-15.2,3.0,True
1152,-15.0,3.0,False
1153,-14.6,3.0,True
1154,-13.8,3.0,False
1155,-13.0,3.0,False
1156,-14.8,3.0,True
1157,-14.0,3.0,False
1158,-15.4,3.0,False
1159,-14.2,3.0,True
1160,-14.6,3.0,True
1161,-15.4,3.0,False
1162,-13.8,3.0,True
1163,-14.2,3.0,False
1164,-14.2,3.0,False
1165,-16.0,3.0,True
1166,-15.4,3.0,True
1167,-14.4,3.0,False
1168,-13.0,3.0,True
1169,-15.0,3.0,True
1170,-15.6,3.0,False
1171,-15.8,3.0,False
1172,-15.4,3.0,False
1173,-14.2,3.0,True
1174,-15.0,3.0,True
1175,-14.6,3.0,False
1176,-13.2,3.0,True
1177,-13.0,3.0,True
1178,-15.4,3.0,True
1179,-15.8,3.0,False
1180,-15.0,3.0,True
1181,-15.0,3.0,True
1182,-14.8,3.0,True
1183,-14.6,3.0,True
1184,-14.6,3.0,True
1185,-13.4,3.0,True
1186,-14.4,3.0,True
1187,-15.0,3.0,False
1188,-15.2,3.0,False
1189,-16.6,3.0,False
1190,-14.8,3.0,False
1191,-15.8,3.0,True
1192,-12.8,3.0,False
1193,-15.2,3.0,False
1194,-15.8,3.0,False
1195,-14.8,3.0,True
1196,-16.4,3.0,True
1197,-13.6,3.0,True
1198,-12.8,3.0,False
1199,-14.0,3.0,False
1200,-14.4,3.0,False
1201,-14.2,3.0,True
1202,-14.8,3.0,False
1203,-14.2,3.0,False
1204,-14.4,3.0,True
1205,-15.2,3.0,True
1206,-13.0,3.0,False
1207,-14.0,3.0,True
1208,-14.8,3.0,False
1209,-14.2,3.0,True
1210,-14.8,3.0,True
1211,-14.0,3.0,True
1212,-15.2,3.0,True
1213,-15.2,3.0,True
1214,-14.0,3.0,False
1215,-13.6,3.0,True
1216,-14.4,3.0,True
1217,-14.2,3.0,False
1218,-15.0,3.0,False
1219,-16.6,3.0,True
1220,-16.2,3.0,False
1221,-14.6,3.0,True
1222,-15.2,3.0,False
1223,-15.4,3.0,False
1224,-16.6,3.0,False
1225,-14.6,3.0,True
1226,-14.0,3.0,True
1227,-15.0,3.0,True
1228,-12.8,3.0,True
1229,-13.4,3.0,True
1230,-15.2,3.0,True
1231,-14.6,3.0,True
1232,-14.0,3.0,True
1233,-16.0,3.0,True
1234,-15.2,3.0,True
1235,-14.0,3.0,True
1236,-15.2,3.0,False
1237,-15.2,3.0,True
1238,-14.2,3.0,True
1239,-15.0,3.0,True
1240,-15.6,3.0,True
1241,-15.6,3.0,False
1242,-14.8,3.0,True
1243,-14.0,3.0,True
1244,-14.8,3.0,False
1245,-14.0,3.0,True
1246,-14.6,3.0,True
1247,-14.4,3.0,False
1248,-14.4,3.0,True
1249,-14.2,3.0,True
1250,-14.2,3.0,True
1251,-14.4,3.0,True
1252,-14.8,3.0,True
1253,-14.2,3.0,True
1254,-14.4,3.0,True
1255,-14.6,3.0,True
1256,-14.6,3.0,False
1257,-14.0,3.0,True
1258,-14.2,3.0,True
1259,-14.8,3.0,False
1260,-13.2,3.0,False
1261,-14.2,3.0,True
1262,-14.0,3.0,True
1263,-14.4,3.0,True
1264,-16.0,3.0,True
1265,-15.4,3.0,True
1266,-13.8,3.0,True
1267,-14.8,3.0,True
1268,-14.2,3.0,False
1269,-13.8,3.0,True
1270,-14.2,3.0,True
1271,-13.6,3.0,True
1272,-14.8,3.0,True
1273,-13.8,3.0,False
1274,-14.6,3.0,True
1275,-14.4,3.0,True
1276,-14.6,3.0,False
1277,-12.8,3.0,True
1278,-16.2,3.0,False
1279,-15.2,3.0,True
1280,-13.4,3.0,True
1281,-15.8,3.0,False
1282,-15.2,3.0,False
1283,-15.0,3.0,False
1284,-14.4,3.0,False
1285,-14.2,3.0,True
1286,-15.2,3.0,True
1287,-14.2,3.0,False
1288,-14.0,3.0,True
1289,-13.6,3.0,False
1290,-15.4,3.0,True
1291,-14.4,3.0,False
1292,-14.2,3.0,False
1293,-13.6,3.0,False
1294,-13.6,3.0,True
1295,-14.0,3.0,True
1296,-15.2,3.0,True
1297,-13.2,3.0,False
1298,-13.2,3.0,True
1299,-13.6,3.0,False
1300,-15.0,3.0,True
1301,-15.0,3.0,True
1302,-15.4,3.0,True
1303,-15.4,3.0,True
1304,-13.8,3.0,False
1305,-14.2,3.0,False
1306,-15.6,3.0,False
1307,-13.4,3.0,True
1308,-14.6,3.0,True
1309,-15.2,3.0,True
1310,-13.8,3.0,True
1311,-15.4,3.0,False
1312,-15.2,3.0,False
1313,-14.6,3.0,True
1314,-13.8,3.0,True
1315,-14.6,3.0,True
1316,-14.0,3.0,True
1317,-15.0,3.0,True
1318,-14.8,3.0,True
1319,-14.2,3.0,True
1320,-14.0,3.0,True
1321,-15.2,3.0,False
1322,-14.4,3.0,False
1323,-15.0,3.0,True
1324,-14.6,3.0,True
1325,-14.2,3.0,False
1326,-13.4,3.0,False
1327,-14.2,3.0,True
1328,-13.8,3.0,True
1329,-13.4,3.0,True
1330,-14.6,3.0,True
1331,-14.6,3.0,False
1332,-15.8,3.0,True
1333,-15.0,3.0,True
1334,-15.0,3.0,True
1335,-13.8,3.0,False
1336,-14.6,3.0,True
1337,-14.8,3.0,True
1338,-15.2,3.0,True
1339,-13.8,3.0,False
1340,-16.4,3.0,True
1341,-16.0,3.0,False
1342,-15.6,3.0,True
1343,-14.0,3.0,True
1344,-16.8,3.0,True
1345,-14.6,3.0,True
1346,-14.0,3.0,True
1347,-15.4,3.0,False
1348,-15.4,3.0,False
1349,-14.4,3.0,True
1350,-15.4,3.0,True
1351,-14.8,3.0,True
1352,-14.6,3.0,True
1353,-15.8,3.0,False
1354,-14.0,3.0,True
1355,-14.6,3.0,True
1356,-15.0,3.0,True
1357,-13.8,3.0,True
1358,-15.2,3.0,True
1359,-14.6,3.0,False
1360,-16.0,3.0,True
1361,-14.0,3.0,True
1362,-13.4,3.0,True
1363,-15.8,3.0,False
1364,-14.8,3.0,False
1365,-14.2,3.0,True
1366,-14.8,3.0,False
1367,-14.8,3.0,False
1368,-12.8,3.0,False
1369,-14.8,3.0,False
1370,-13.8,3.0,True
1371,-14.8,3.0,False
1372,-16.2,3.0,True
1373,-15.2,3.0,False
1374,-13.2,3.0,False
1375,-14.6,3.0,False
1376,-15.2,3.0,False
1377,-14.8,3.0,True
1378,-15.0,3.0,True
1379,-14.0,3.0,False
1380,-15.2,3.0,True
1381,-13.6,3.0,True
1382,-16.6,3.0,False
1383,-13.4,3.0,True
1384,-13.6,3.0,True
1385,-13.0,3.0,True
1386,-13.2,3.0,False
1387,-15.2,3.0,True
1388,-16.4,3.0,False
1389,-13.6,3.0,True
1390,-16.0,3.0,True
1391,-14.0,3.0,True
1392,-14.4,3.0,False
1393,-15.0,3.0,True
1394,-15.0,3.0,False
1395,-14.0,3.0,False
1396,-15.4,3.0,True
1397,-13.4,3.0,False
1398,-13.4,3.0,False
1399,-14.6,3.0,False
1400,-14.8,3.0,False
1401,-14.4,3.0,True
1402,-15.0,3.0,False
1403,-13.6,3.0,True
1404,-14.4,3.0,False
1405,-14.4,3.0,True
1406,-13.4,3.0,False
1407,-14.0,3.0,False
1408,-15.0,3.0,True
1409,-13.6,3.0,True
1410,-14.6,3.0,True
1411,-13.8,3.0,True
1412,-15.2,3.0,True
1413,-14.0,3.0,False
1414,-15.4,3.0,True
1415,-14.6,3.0,True
1416,-13.4,3.0,True
1417,-13.4,3.0,False
1418,-15.0,3.0,True
1419,-14.0,3.0,True
1420,-13.4,3.0,True
1421,-15.0,3.0,True
1422,-14.4,3.0,False
1423,-13.8,3.0,True
1424,-14.8,3.0,True
1425,-15.8,3.0,True
1426,-15.2,3.0,True
1427,-14.4,3.0,True
1428,-14.6,3.0,True
1429,-14.8,3.0,True
1430,-13.6,3.0,False
1431,-15.0,3.0,True
1432,-11.8,3.0,False
1433,-15.0,3.0,True
1434,-13.8,3.0,True
1435,-14.6,3.0,True
1436,-14.4,3.0,True
1437,-15.4,3.0,True
1438,-14.2,3.0,True
1439,-12.8,3.0,True
1440,-14.0,3.0,True
1441,-14.2,3.0,True
1442,-13.6,3.0,True
1443,-15.8,3.0,True
1444,-14.2,3.0,True
1445,-14.6,3.0,False
1446,-14.4,3.0,True
1447,-14.6,3.0,False
1448,-15.0,3.0,True
1449,-15.2,3.0,False
1450,-13.6,3.0,True
1451,-16.0,3.0,True
1452,-14.8,3.0,True
1453,-13.8,3.0,False
1454,-13.4,3.0,True
1455,-13.8,3.0,True
1456,-15.2,3.0,False
1457,-14.6,3.0,True
1458,-14.6,3.0,True
1459,-16.2,3.0,False
1460,-15.2,3.0,True
1461,-13.4,3.0,True
1462,-14.4,3.0,False
1463,-14.6,3.0,False
1464,-14.2,3.0,True
1465,-14.4,3.0,True
1466,-14.0,3.0,False
1467,-13.4,3.0,True
1468,-14.6,3.0,True
1469,-15.0,3.0,True
1470,-13.8,3.0,False
1471,-14.6,3.0,True
1472,-16.2,3.0,True
1473,-14.4,3.0,True
1474,-15.6,3.0,True
1475,-15.2,3.0,False
1476,-14.4,3.0,False
1477,-15.6,3.0,False
1478,-14.4,3.0,True
1479,-14.8,3.0,True
1480,-13.8,3.0,False
1481,-15.2,3.0,False
1482,-13.8,3.0,True
1483,-14.0,3.0,False
1484,-14.8,3.0,False
1485,-15.6,3.0,True
1486,-13.8,3.0,True
1487,-12.0,3.0,True
1488,-15.0,3.0,False
1489,-14.2,3.0,True
1490,-13.0,3.0,False
1491,-13.6,3.0,False
1492,-15.4,3.0,True
1493,-14.4,3.0,True
1494,-15.8,3.0,True
1495,-15.8,3.0,False
1496,-15.2,3.0,True
1497,-13.0,3.0,True
1498,-14.4,3.0,True
1499,-13.6,3.0,False
1500,-15.0,3.0,True
1501,-14.6,3.0,True
1502,-14.8,3.0,True
1503,-13.2,3.0,False
1504,-13.6,3.0,True
1505,-14.6,3.0,True
1506,-13.4,3.0,False
1507,-15.4,3.0,True
1508,-15.0,3.0,True
1509,-14.8,3.0,False
1510,-14.0,3.0,True
1511,-14.8,3.0,True
1512,-14.0,3.0,True
1513,-13.8,3.0,True
1514,-13.0,3.0,False
1515,-14.6,3.0,False
1516,-15.0,3.0,False
1517,-14.8,3.0,True
1518,-13.8,3.0,True
1519,-13.8,3.0,False
1520,-13.8,3.0,True
1521,-14.0,3.0,True
1522,-15.0,3.0,False
1523,-13.8,3.0,False
1524,-14.6,3.0,False
1525,-15.8,3.0,False
1526,-15.8,3.0,False
1527,-13.6,3.0,True
1528,-14.6,3.0,False
1529,-15.0,3.0,True
1530,-14.8,3.0,True
1531,-14.0,3.0,False
1532,-14.4,3.0,False
1533,-13.8,3.0,True
1534,-13.2,3.0,False
1535,-14.6,3.0,True
1536,-15.4,3.0,False
1537,-13.8,3.0,True
1538,-15.2,3.0,True
1539,-13.0,3.0,False
1540,-14.8,3.0,True
1541,-15.0,3.0,True
1542,-15.4,3.0,False
1543,-16.4,3.0,True
1544,-14.2,3.0,True
1545,-14.6,3.0,True
1546,-14.4,3.0,False
1547,-14.2,3.0,True
1548,-13.6,3.0,True
1549,-13.4,3.0,True
1550,-13.2,3.0,True
1551,-14.6,3.0,True
1552,-15.0,3.0,True
1553,-14.8,3.0,False
1554,-14.2,3.0,True
1555,-14.8,3.0,True
1556,-15.2,3.0,True
1557,-15.0,3.0,False
1558,-13.8,3.0,False
1559,-14.4,3.0,True
1560,-12.0,3.0,True
1561,-15.0,3.0,True
1562,-14.0,3.0,False
1563,-16.8,3.0,False
1564,-15.2,3.0,True
1565,-14.0,3.0,True
1566,-14.0,3.0,False
1567,-14.6,3.0,False
1568,-14.8,3.0,False
1569,-14.4,3.0,True
1570,-14.2,3.0,False
1571,-13.4,3.0,False
1572,-14.0,3.0,False
1573,-15.2,3.0,True
1574,-15.0,3.0,False
1575,-16.4,3.0,False
1576,-15.8,3.0,False
1577,-16.0,3.0,False
1578,-13.6,3.0,True
1579,-14.0,3.0,True
1580,-16.4,3.0,False
1581,-15.8,3.0,True
1582,-17.4,3.0,False
1583,-15.4,3.0,True
1584,-14.0,3.0,True
1585,-13.6,3.0,False
1586,-13.4,3.0,False
1587,-15.6,3.0,False
1588,-13.6,3.0,False
1589,-13.6,3.0,False
1590,-15.0,3.0,True
1591,-12.8,3.0,True
1592,-13.0,3.0,True
1593,-14.6,3.0,False
1594,-13.2,3.0,True
1595,-13.6,3.0,True
1596,-14.0,3.0,True
1597,-15.2,3.0,True
1598,-13.4,3.0,False
1599,-14.2,3.0,True
1600,-15.2,3.0,True
1601,-15.4,3.0,False
1602,-14.8,3.0,True
1603,-14.6,3.0,False
1604,-13.4,3.0,True
1605,-14.8,3.0,True
1606,-16.4,3.0,True
1607,-14.8,3.0,False
1608,-15.4,3.0,False
1609,-14.4,3.0,True
1610,-14.8,3.0,True
1611,-14.8,3.0,False
1612,-17.0,3.0,False
1613,-14.2,3.0,False
1614,-14.2,3.0,False
1615,-15.2,3.0,False
1616,-16.0,3.0,True
1617,-13.8,3.0,True
1618,-14.0,3.0,True
1619,-14.2,3.0,False
1620,-14.0,3.0,False
1621,-11.8,3.0,True
1622,-14.0,3.0,False
1623,-17.0,3.0,False
1624,-15.2,3.0,False
1625,-14.0,3.0,True
1626,-14.0,3.0,True
1627,-13.8,3.0,False
1628,-15.2,3.0,True
1629,-14.0,3.0,True
1630,-15.6,3.0,True
1631,-13.4,3.0,True
1632,-13.4,3.0,False
1633,-15.0,3.0,True
1634,-15.0,3.0,True
1635,-13.6,3.0,True
1636,-13.4,3.0,True
1637,-13.6,3.0,True
1638,-16.2,3.0,True
1639,-13.2,3.0,False
1640,-15.0,3.0,True
1641,-13.8,3.0,True
1642,-15.2,3.0,True
1643,-14.0,3.0,False
1644,-13.0,3.0,True
1645,-15.4,3.0,True
1646,-13.4,3.0,True
1647,-14.6,3.0,False
1648,-13.6,3.0,True
1649,-14.0,3.0,False
1650,-13.0,3.0,True
1651,-14.6,3.0,True
1652,-13.4,3.0,True
1653,-18.0,3.0,False
1654,-13.6,3.0,True
1655,-14.0,3.0,True
1656,-14.4,3.0,True
1657,-12.6,3.0,True
1658,-14.2,3.0,True
1659,-12.8,3.0,False
1660,-16.0,3.0,True
1661,-14.8,3.0,True
1662,-17.0,3.0,False
1663,-14.2,3.0,False
1664,-15.0,3.0,False
1665,-13.4,3.0,True
1666,-14.4,3.0,False
1667,-15.6,3.0,True
1668,-14.0,3.0,True
1669,-14.6,3.0,True
1670,-15.0,3.0,False
1671,-15.6,3.0,False
1672,-14.2,3.0,False
1673,-14.0,3.0,False
1674,-13.6,3.0,True
1675,-12.2,3.0,True
1676,-15.2,3.0,False
1677,-14.6,3.0,True
1678,-13.8,3.0,True
1679,-14.6,3.0,True
1680,-12.6,3.0,True
1681,-13.8,3.0,False
1682,-15.2,3.0,True
1683,-14.0,3.0,False
1684,-15.8,3.0,True
1685,-15.4,3.0,False
1686,-14.4,3.0,True
1687,-14.8,3.0,False
1688,-14.2,3.0,True
1689,-14.2,3.0,False
1690,-13.6,3.0,True
1691,-14.6,3.0,False
1692,-14.4,3.0,True
1693,-12.6,3.0,True
1694,-15.0,3.0,True
1695,-13.2,3.0,True
1696,-13.4,3.0,True
1697,-13.4,3.0,False
1698,-13.0,3.0,True
1699,-14.6,3.0,True
1700,-14.2,3.0,True
1701,-14.2,3.0,True
1702,-14.6,3.0,False
1703,-14.0,3.0,True
1704,-14.4,3.0,False
1705,-15.2,3.0,False
1706,-13.6,3.0,True
1707,-15.6,3.0,True
1708,-14.4,3.0,True
1709,-14.2,3.0,False
1710,-14.2,3.0,True
1711,-13.6,3.0,True
1712,-14.6,3.0,False
1713,-12.2,3.0,False
1714,-15.0,3.0,False
1715,-12.8,3.0,True
1716,-13.6,3.0,False
1717,-13.8,3.0,True
1718,-13.4,3.0,True
1719,-14.2,3.0,True
1720,-14.0,3.0,True
1721,-15.6,3.0,True
1722,-13.6,3.0,False
1723,-13.8,3.0,True
1724,-15.2,3.0,True
1725,-12.8,3.0,True
1726,-14.6,3.0,True
1727,-13.4,3.0,True
1728,-14.0,3.0,False
1729,-15.8,3.0,False
1730,-14.2,3.0,True
1731,-13.8,3.0,False
1732,-14.0,3.0,True
1733,-15.0,3.0,True
1734,-15.8,3.0,True
1735,-14.8,3.0,True
1736,-14.6,3.0,True
1737,-14.6,3.0,True
1738,-15.4,3.0,False
1739,-14.8,3.0,True
1740,-15.0,3.0,False
1741,-14.2,3.0,False
1742,-13.6,3.0,True
1743,-14.4,3.0,False
1744,-12.0,3.0,True
1745,-15.8,3.0,True
1746,-15.6,3.0,False
1747,-14.2,3.0,True
1748,-14.0,3.0,True
1749,-14.0,3.0,True
1750,-15.0,3.0,True
1751,-14.8,3.0,True
1752,-14.4,3.0,False
1753,-13.0,3.0,False
1754,-14.8,3.0,True
1755,-14.0,3.0,False
1756,-14.2,3.0,False
1757,-15.2,3.0,True
1758,-15.2,3.0,True
1759,-14.0,3.0,False
1760,-13.4,3.0,True
1761,-16.0,3.0,False
1762,-13.2,3.0,True
1763,-15.6,3.0,False
1764,-12.2,3.0,True
1765,-14.0,3.0,True
1766,-14.2,3.0,False
1767,-13.4,3.0,False
1768,-15.0,3.0,False
1769,-15.8,3.0,False
1770,-13.2,3.0,True
1771,-15.4,3.0,False
1772,-13.6,3.0,True
1773,-14.6,3.0,True
1774,-15.0,3.0,False
1775,-14.0,3.0,False
1776,-15.0,3.0,False
1777,-15.4,3.0,False
1778,-14.4,3.0,True
1779,-15.0,3.0,True
1780,-15.6,3.0,True
1781,-14.4,3.0,True
1782,-14.2,3.0,True
1783,-14.0,3.0,False
1784,-14.2,3.0,True
1785,-15.0,3.0,False
1786,-14.6,3.0,False
1787,-16.2,3.0,False
1788,-13.8,3.0,True
1789,-15.8,3.0,False
1790,-15.0,3.0,True
1791,-15.8,3.0,True
1792,-14.8,3.0,True
1793,-15.4,3.0,True
1794,-14.4,3.0,False
1795,-14.4,3.0,True
1796,-14.8,3.0,True
1797,-17.0,3.0,False
1798,-14.8,3.0,True
1799,-13.4,3.0,True
1800,-14.4,3.0,True
1801,-13.0,3.0,True
1802,-13.4,3.0,False
1803,-12.0,3.0,True
1804,-13.8,3.0,True
1805,-14.0,3.0,False
1806,-14.0,3.0,True
1807,-15.6,3.0,False
1808,-13.6,3.0,True
1809,-13.6,3.0,True
1810,-13.8,3.0,True
1811,-13.6,3.0,False
1812,-14.8,3.0,True
1813,-14.2,3.0,False
1814,-12.4,3.0,True
1815,-14.2,3.0,True
1816,-16.0,3.0,False
1817,-15.0,3.0,True
1818,-14.0,3.0,True
1819,-13.8,3.0,True
1820,-15.6,3.0,True
1821,-14.6,3.0,True
1822,-15.0,3.0,False
1823,-14.2,3.0,True
1824,-14.4,3.0,True
1825,-13.4,3.0,True
1826,-15.4,3.0,False
1827,-14.0,3.0,False
1828,-14.8,3.0,False
1829,-14.4,3.0,True
1830,-14.6,3.0,False
1831,-14.2,3.0,False
1832,-13.8,3.0,True
1833,-15.4,3.0,True
1834,-15.0,3.0,False
1835,-14.4,3.0,True
1836,-15.0,3.0,True
1837,-12.6,3.0,False
1838,-15.6,3.0,False
1839,-15.0,3.0,False
1840,-15.8,3.0,False
1841,-15.2,3.0,True
1842,-15.4,3.0,True
1843,-15.8,3.0,True
1844,-15.0,3.0,True
1845,-14.6,3.0,True
1846,-14.0,3.0,True
1847,-15.4,3.0,False
1848,-15.0,3.0,False
1849,-14.2,3.0,True
1850,-15.0,3.0,True
1851,-15.2,3.0,True
1852,-14.6,3.0,False
1853,-14.2,3.0,False
1854,-13.8,3.0,False
1855,-15.6,3.0,False
1856,-13.0,3.0,True
1857,-15.0,3.0,True
1858,-15.0,3.0,False
1859,-14.8,3.0,False
1860,-15.2,3.0,False
1861,-13.2,3.0,True
1862,-15.6,3.0,False
1863,-14.6,3.0,False
1864,-14.6,3.0,True
1865,-15.6,3.0,True
1866,-14.8,3.0,False
1867,-15.0,3.0,True
1868,-12.6,3.0,False
1869,-15.6,3.0,True
1870,-15.6,3.0,True
1871,-16.0,3.0,True
1872,-14.6,3.0,True
1873,-14.4,3.0,True
1874,-14.8,3.0,True
1875,-15.4,3.0,False
1876,-15.6,3.0,True
1877,-13.2,3.0,True
1878,-14.8,3.0,False
1879,-14.4,3.0,False
1880,-16.0,3.0,True
1881,-15.8,3.0,False
1882,-15.2,3.0,False
1883,-15.2,3.0,True
1884,-15.0,3.0,True
1885,-14.8,3.0,True
1886,-14.6,3.0,True
1887,-14.0,3.0,True
1888,-14.4,3.0,False
1889,-14.8,3.0,False
1890,-15.4,3.0,True
1891,-13.8,3.0,True
1892,-14.8,3.0,True
1893,-12.8,3.0,True
1894,-14.2,3.0,True
1895,-13.4,3.0,False
1896,-14.6,3.0,True
1897,-13.6,3.0,True
1898,-15.4,3.0,True
1899,-14.6,3.0,True
1900,-14.8,3.0,True
1901,-14.4,3.0,False
1902,-16.2,3.0,False
1903,-13.0,3.0,False
1904,-14.4,3.0,True
1905,-14.6,3.0,True
1906,-13.0,3.0,False
1907,-14.8,3.0,False
1908,-14.0,3.0,True
1909,-14.6,3.0,False
1910,-14.8,3.0,False
1911,-15.6,3.0,False
1912,-14.8,3.0,True
1913,-15.4,3.0,True
1914,-14.6,3.0,False
1915,-14.4,3.0,False
1916,-12.4,3.0,False
1917,-13.8,3.0,False
1918,-15.2,3.0,False
1919,-13.8,3.0,True
1920,-14.0,3.0,True
1921,-14.6,3.0,True
1922,-15.8,3.0,True
1923,-14.2,3.0,True
1924,-15.0,3.0,True
1925,-13.0,3.0,True
1926,-15.0,3.0,True
1927,-14.6,3.0,True
1928,-14.4,3.0,True
1929,-15.4,3.0,False
1930,-15.0,3.0,False
1931,-15.2,3.0,True
1932,-14.4,3.0,True
1933,-15.2,3.0,False
1934,-16.6,3.0,False
1935,-15.4,3.0,True
1936,-13.6,3.0,False
1937,-14.8,3.0,True
1938,-14.8,3.0,False
1939,-15.0,3.0,False
1940,-15.0,3.0,True
1941,-13.6,3.0,True
1942,-13.8,3.0,True
1943,-15.4,3.0,True
1944,-13.0,3.0,False
1945,-14.4,3.0,True
1946,-14.4,3.0,True
1947,-15.4,3.0,True
1948,-14.4,3.0,True
1949,-14.6,3.0,True
1950,-14.4,3.0,True
1951,-15.0,3.0,True
1952,-13.0,3.0,True
1953,-14.0,3.0,True
1954,-16.4,3.0,False
1955,-13.6,3.0,False
1956,-13.0,3.0,True
1957,-15.0,3.0,False
1958,-13.6,3.0,False
1959,-14.6,3.0,False
1960,-12.6,3.0,True
1961,-15.8,3.0,True
1962,-14.0,3.0,False
1963,-14.4,3.0,False
1964,-15.0,3.0,True
1965,-14.4,3.0,True
1966,-13.2,3.0,True
1967,-14.4,3.0,True
1968,-13.6,3.0,True
1969,-15.0,3.0,False
1970,-15.8,3.0,False
1971,-14.0,3.0,True
1972,-14.4,3.0,False
1973,-13.4,3.0,True
1974,-14.2,3.0,False
1975,-14.8,3.0,True
1976,-13.4,3.0,True
1977,-15.6,3.0,True
1978,-14.2,3.0,False
1979,-14.8,3.0,True
1980,-13.8,3.0,True
1981,-14.6,3.0,True
1982,-15.2,3.0,True
1983,-12.6,3.0,True
1984,-16.0,3.0,True
1985,-14.2,3.0,True
1986,-14.2,3.0,True
1987,-15.2,3.0,True
1988,-14.8,3.0,True
1989,-13.4,3.0,False
1990,-14.8,3.0,True
1991,-14.0,3.0,True
1992,-14.0,3.0,False
1993,-14.8,3.0,True
1994,-14.6,3.0,True
1995,-13.0,3.0,False
1996,-14.4,3.0,True
1997,-14.8,3.0,True
1998,-12.8,3.0,True
1999,-14.8,3.0,False
