0,-21.0,0,True
1,-21.0,0,True
2,-21.0,0,True
3,-21.0,0,True
4,-21.0,0,True
5,-21.0,0,True
6,-21.0,0,True
7,-21.0,0,True
8,-21.0,0,True
9,-21.0,0,True
10,-21.0,0,True
11,-21.0,0,True
12,-21.0,0,True
13,-21.0,0,True
14,-21.0,0,True
15,-21.0,0,True
16,-21.0,0,True
17,-21.0,0,True
18,-21.0,0,True
19,-21.0,0,True
20,-21.0,0,True
21,-21.0,0,True
22,-21.0,0,True
23,-21.0,0,True
24,-21.0,0,True
25,-21.0,0,True
26,-21.0,0,True
27,-21.0,0,True
28,-21.0,0,True
29,-21.0,0,True
30,-21.0,0,True
31,-21.0,0,True
32,-21.0,0,True
33,-21.0,0,True
34,-21.0,0,True
35,-21.0,0,True
36,-21.0,0,True
37,-21.0,0,True
38,-21.0,0,True
39,-21.0,0,True
40,-21.0,0,True
41,-21.0,0,True
42,-21.0,0,True
43,-21.0,0,True
44,-21.0,0,True
45,-21.0,0,True
46,-21.0,0,True
47,-21.0,0,True
48,-21.0,0,True
49,-21.0,0,True
50,-21.0,0,True
51,-21.0,0,True
52,-21.0,0,True
53,-21.0,0,True
54,-21.0,0,True
55,-21.0,0,True
56,-21.0,0,True
57,-21.0,0,True
58,-21.0,0,True
59,-21.0,0,True
60,-21.0,0,True
61,-21.0,0,True
62,-21.0,0,True
63,-21.0,0,True
64,-21.0,0,True
65,-21.0,0,True
66,-21.0,0,True
67,-21.0,0,True
68,-21.0,0,True
69,-21.0,0,True
70,-21.0,0,True
71,-21.0,0,True
72,-21.0,0,True
73,-21.0,0,True
74,-21.0,0,True
75,-21.0,0,True
76,-21.0,0,True
77,-21.0,0,True
78,-21.0,0,True
79,-21.0,0,True
80,-21.0,0,True
81,-21.0,0,True
82,-21.0,0,True
83,-21.0,0,True
84,-21.0,0,True
85,-21.0,0,True
86,-21.0,0,True
87,-21.0,0,True
88,-21.0,0,True
89,-21.0,0,True
90,-19.0,0,True
91,-20.0,0,True
92,-20.0,0,True
93,-20.0,0,True
94,-20.0,0,True
95,-18.0,0,True
96,-19.0,0,True
97,-18.0,0,True
98,-19.0,0,True
99,-19.0,0,True
100,-19.0,0,True
101,-19.0,0,True
102,-20.0,0,True
103,-20.0,0,True
104,-19.0,0,True
105,-19.0,0,True
106,-20.0,0,True
107,-18.0,0,True
108,-19.0,0,True
109,-20.0,0,True
110,-20.0,0,True
111,-20.0,0,True
112,-20.0,0,True
113,-17.0,0,True
114,-19.0,0,True
115,-20.0,0,True
116,-20.0,0,True
117,-19.0,0,True
118,-20.0,0,True
119,-19.0,0,False
120,-20.0,0,False
121,-19.0,0,True
122,-19.0,0,False
123,-20.0,0,True
124,-20.0,0,True
125,-19.0,0,True
126,-20.0,0,True
127,-20.0,0,True
128,-20.0,0,True
129,-20.0,0,True
130,-19.0,0,True
131,-20.0,0,True
132,-19.0,0,True
133,-18.0,0,True
134,-20.0,0,False
135,-19.0,0,True
136,-20.0,0,True
137,-20.0,0,True
138,-20.0,0,True
139,-21.0,0,True
140,-21.0,0,True
141,-21.0,0,True
142,-21.0,0,True
143,-21.0,0,True
144,-21.0,0,True
145,-21.0,0,True
146,-21.0,0,True
147,-21.0,0,True
148,-21.0,0,True
149,-21.0,0,True
150,-21.0,0,True
151,-21.0,0,True
152,-21.0,0,True
153,-21.0,0,True
154,-18.0,0,True
155,-19.0,0,True
156,-21.0,0,True
157,-19.0,0,True
158,-20.0,0,True
159,-19.0,0,True
160,-20.0,0,True
161,-20.0,0,True
162,-19.0,0,True
163,-18.0,0,True
164,-21.0,0,True
165,-21.0,0,True
166,-20.0,0,True
167,-18.0,0,True
168,-20.0,0,True
169,-21.0,0,True
170,-21.0,0,True
171,-20.0,0,True
172,-19.0,0,True
173,-18.0,0,True
174,-18.0,0,True
175,-19.0,0,True
176,-19.0,0,True
177,-20.0,0,True
178,-19.0,0,True
179,-19.0,0,True
180,-19.0,0,True
181,-18.0,0,True
182,-21.0,0,True
183,-20.0,0,True
184,-18.0,0,True
185,-20.0,0,True
186,-20.0,0,True
187,-19.0,0,True
188,-19.0,0,True
189,-21.0,0,True
190,-20.0,0,True
191,-18.0,0,True
192,-19.0,0,True
193,-20.0,0,True
194,-19.0,0,True
195,-20.0,0,True
196,-19.0,0,True
197,-20.0,0,True
198,-20.0,0,True
199,-20.0,0,True
200,-19.0,0,True
201,-20.0,0,True
202,-20.0,0,True
203,-20.0,0,True
204,-19.0,0,True
205,-19.0,0,True
206,-19.0,0,True
207,-19.0,0,True
208,-19.0,0,True
209,-19.0,0,True
210,-19.0,0,False
211,-19.0,0,True
212,-19.0,0,True
213,-20.0,0,True
214,-20.0,0,True
215,-19.0,0,True
216,-21.0,0,True
217,-17.0,0,True
218,-18.0,0,True
219,-18.0,0,True
220,-20.0,0,True
221,-20.0,0,True
222,-18.0,0,True
223,-19.0,0,False
224,-17.0,0,True
225,-19.0,0,True
226,-20.0,0,True
227,-20.0,0,True
228,-20.0,0,True
229,-19.0,0,False
230,-19.0,0,True
231,-21.0,0,True
232,-21.0,0,True
233,-21.0,0,True
234,-21.0,0,True
235,-21.0,0,True
236,-21.0,0,True
237,-21.0,0,True
238,-21.0,0,True
239,-21.0,0,True
240,-21.0,0,True
241,-19.0,0,True
242,-20.0,0,True
243,-19.0,0,True
244,-19.0,0,True
245,-20.0,0,True
246,-21.0,0,True
247,-20.0,0,True
248,-16.0,0,True
249,-18.0,0,True
250,-20.0,0,True
251,-19.0,0,True
252,-20.0,0,True
253,-20.0,0,True
254,-20.0,0,True
255,-20.0,0,True
256,-19.0,0,True
257,-20.0,0,True
258,-19.0,0,True
259,-19.0,0,True
260,-18.0,0,True
261,-20.0,0,True
262,-20.0,0,True
263,-19.0,0,True
264,-20.0,0,False
265,-19.0,0,True
266,-19.0,0,False
267,-19.0,0,False
268,-18.0,0,True
269,-19.0,0,True
270,-17.0,0,True
271,-20.0,0,True
272,-20.0,0,True
273,-21.0,0,True
274,-19.0,0,True
275,-19.0,0,True
276,-19.0,0,True
277,-20.0,0,True
278,-20.0,0,True
279,-20.0,0,True
280,-20.0,0,True
281,-19.0,0,True
282,-19.0,0,True
283,-18.0,0,True
284,-19.0,0,True
285,-20.0,0,True
286,-18.0,0,False
287,-18.0,0,True
288,-20.0,0,True
289,-19.0,0,True
290,-20.0,0,True
291,-19.0,0,True
292,-21.0,0,True
293,-19.0,0,True
294,-19.0,0,True
295,-19.0,0,True
296,-19.0,0,True
297,-18.0,0,False
298,-18.0,0,True
299,-20.0,0,False
300,-19.0,0,True
301,-20.0,0,True
302,-20.0,0,True
303,-18.0,0,True
304,-20.0,0,True
305,-20.0,0,True
306,-18.0,0,True
307,-21.0,0,True
308,-21.0,0,True
309,-21.0,0,True
310,-21.0,0,True
311,-21.0,0,True
312,-21.0,0,True
313,-21.0,0,True
314,-21.0,0,True
315,-21.0,0,True
316,-21.0,0,True
317,-21.0,0,True
318,-21.0,0,True
319,-21.0,0,True
320,-21.0,0,True
321,-21.0,0,True
322,-21.0,0,True
323,-21.0,0,True
324,-21.0,0,True
325,-21.0,0,True
326,-21.0,0,True
327,-21.0,0,True
328,-21.0,0,True
329,-21.0,0,True
330,-21.0,0,True
331,-21.0,0,True
332,-21.0,0,True
333,-21.0,0,True
334,-21.0,0,True
335,-21.0,0,True
336,-21.0,0,True
337,-21.0,0,True
338,-21.0,0,True
339,-21.0,0,True
340,-21.0,0,True
341,-21.0,0,True
342,-21.0,0,True
343,-21.0,0,True
344,-20.0,0,True
345,-20.0,0,True
346,-21.0,0,True
347,-21.0,0,True
348,-20.0,0,True
349,-20.0,0,True
350,-20.0,0,True
351,-21.0,0,True
352,-21.0,0,True
353,-21.0,0,True
354,-21.0,0,True
355,-21.0,0,True
356,-21.0,0,True
357,-21.0,0,True
358,-21.0,0,True
359,-21.0,0,True
360,-21.0,0,True
361,-21.0,0,True
362,-21.0,0,True
363,-21.0,0,True
364,-21.0,0,True
365,-21.0,0,True
366,-21.0,0,True
367,-21.0,0,True
368,-21.0,0,True
369,-21.0,0,True
370,-21.0,0,True
371,-21.0,0,True
372,-21.0,0,True
373,-21.0,0,True
374,-21.0,0,True
375,-21.0,0,True
376,-21.0,0,True
377,-21.0,0,True
378,-21.0,0,True
379,-21.0,0,True
380,-21.0,0,True
381,-21.0,0,True
382,-21.0,0,True
383,-21.0,0,True
384,-21.0,0,True
385,-21.0,0,True
386,-21.0,0,True
387,-21.0,0,True
388,-21.0,0,True
389,-21.0,0,True
390,-21.0,0,True
391,-21.0,0,True
392,-21.0,0,True
393,-21.0,0,True
394,-21.0,0,True
395,-21.0,0,True
396,-21.0,0,True
397,-21.0,0,True
398,-21.0,0,True
399,-21.0,0,True
400,-21.0,0,True
401,-21.0,0,True
402,-21.0,0,True
403,-21.0,0,True
404,-21.0,0,True
405,-21.0,0,True
406,-21.0,0,True
407,-21.0,0,True
408,-21.0,0,True
409,-21.0,0,True
410,-21.0,0,True
411,-21.0,0,True
412,-21.0,0,True
413,-21.0,0,True
414,-21.0,0,True
415,-21.0,0,True
416,-21.0,0,True
417,-21.0,0,True
418,-21.0,0,True
419,-21.0,0,True
420,-21.0,0,True
421,-21.0,0,True
422,-21.0,0,True
423,-21.0,0,True
424,-21.0,0,True
425,-21.0,0,True
426,-21.0,0,True
427,-21.0,0,True
428,-21.0,0,True
429,-21.0,0,True
430,-21.0,0,True
431,-21.0,0,True
432,-21.0,0,True
433,-21.0,0,True
434,-21.0,0,True
435,-21.0,0,True
436,-21.0,0,True
437,-21.0,0,True
438,-21.0,0,True
439,-21.0,0,True
440,-21.0,0,True
441,-21.0,0,True
442,-21.0,0,True
443,-20.0,0,True
444,-21.0,0,True
445,-21.0,0,True
446,-21.0,0,True
447,-21.0,0,True
448,-21.0,0,True
449,-21.0,0,True
450,-21.0,0,True
451,-21.0,0,True
452,-21.0,0,True
453,-21.0,0,True
454,-21.0,0,True
455,-21.0,0,True
456,-21.0,0,True
457,-21.0,0,True
458,-21.0,0,True
459,-21.0,0,True
460,-21.0,0,True
461,-21.0,0,True
462,-21.0,0,True
463,-21.0,0,True
464,-21.0,0,True
465,-21.0,0,True
466,-21.0,0,True
467,-21.0,0,True
468,-21.0,0,True
469,-21.0,0,True
470,-21.0,0,True
471,-21.0,0,True
472,-21.0,0,True
473,-21.0,0,True
474,-21.0,0,True
475,-21.0,0,True
476,-21.0,0,True
477,-21.0,0,True
478,-21.0,0,True
479,-21.0,0,True
480,-21.0,0,True
481,-21.0,0,True
482,-21.0,0,True
483,-21.0,0,True
484,-21.0,0,True
485,-21.0,0,True
486,-21.0,0,True
487,-21.0,0,True
488,-21.0,0,True
489,-21.0,0,True
490,-21.0,0,True
491,-21.0,0,True
492,-21.0,0,True
493,-21.0,0,True
494,-21.0,0,True
495,-21.0,0,True
496,-21.0,0,True
497,-21.0,0,True
498,-21.0,0,True
499,-21.0,0,True
500,-21.0,0,True
501,-21.0,0,True
502,-21.0,0,True
503,-21.0,0,True
504,-21.0,0,True
505,-21.0,0,True
506,-21.0,0,True
507,-21.0,0,True
508,-21.0,0,True
509,-21.0,0,True
510,-21.0,0,True
511,-21.0,0,True
512,-21.0,0,True
513,-21.0,0,True
514,-21.0,0,True
515,-20.0,0,True
516,-20.0,0,True
517,-20.0,0,True
518,-20.0,0,True
519,-20.0,0,True
520,-20.0,0,True
521,-20.0,0,True
522,-20.0,0,True
523,-20.0,0,True
524,-21.0,0,True
525,-21.0,0,True
526,-21.0,0,True
527,-20.0,0,True
528,-20.0,0,True
529,-21.0,0,True
530,-21.0,0,True
531,-21.0,0,True
532,-21.0,0,True
533,-21.0,0,True
534,-21.0,0,True
535,-21.0,0,True
536,-21.0,0,True
537,-21.0,0,True
538,-21.0,0,True
539,-21.0,0,True
540,-21.0,0,True
541,-21.0,0,True
542,-21.0,0,True
543,-21.0,0,True
544,-21.0,0,True
545,-21.0,0,True
546,-21.0,0,True
547,-21.0,0,True
548,-21.0,0,True
549,-21.0,0,True
550,-21.0,0,True
551,-21.0,0,True
552,-21.0,0,True
553,-21.0,0,True
554,-21.0,0,True
555,-21.0,0,True
556,-21.0,0,True
557,-21.0,0,True
558,-21.0,0,True
559,-21.0,0,True
560,-21.0,0,True
561,-21.0,0,True
562,-21.0,0,True
563,-21.0,0,True
564,-21.0,0,True
565,-21.0,0,True
566,-21.0,0,True
567,-21.0,0,True
568,-21.0,0,True
569,-21.0,0,True
570,-21.0,0,True
571,-21.0,0,True
572,-21.0,0,True
573,-21.0,0,True
574,-21.0,0,True
575,-21.0,0,True
576,-21.0,0,True
577,-21.0,0,True
578,-21.0,0,True
579,-21.0,0,True
580,-21.0,0,True
581,-21.0,0,True
582,-21.0,0,True
583,-21.0,0,True
584,-21.0,0,True
585,-21.0,0,True
586,-21.0,0,True
587,-21.0,0,True
588,-21.0,0,True
589,-21.0,0,True
590,-21.0,0,True
591,-21.0,0,True
592,-21.0,0,True
593,-21.0,0,True
594,-21.0,0,True
595,-21.0,0,True
596,-21.0,0,True
597,-21.0,0,True
598,-21.0,0,True
599,-20.0,0,True
600,-20.0,0,True
601,-20.0,0,True
602,-21.0,0,True
603,-21.0,0,True
604,-21.0,0,True
605,-21.0,0,True
606,-21.0,0,True
607,-21.0,0,True
608,-21.0,0,True
609,-21.0,0,True
610,-21.0,0,True
611,-21.0,0,True
612,-21.0,0,True
613,-21.0,0,True
614,-21.0,0,True
615,-21.0,0,True
616,-21.0,0,True
617,-21.0,0,True
618,-21.0,0,True
619,-21.0,0,True
620,-20.0,0,True
621,-18.0,0,True
622,-18.0,0,True
623,-21.0,0,True
624,-21.0,0,True
625,-21.0,0,True
626,-21.0,0,True
627,-21.0,0,True
628,-21.0,0,True
629,-21.0,0,True
630,-21.0,0,True
631,-21.0,0,True
632,-21.0,0,True
633,-21.0,0,True
634,-21.0,0,True
635,-21.0,0,True
636,-21.0,0,True
637,-21.0,0,True
638,-21.0,0,True
639,-21.0,0,True
640,-21.0,0,True
641,-21.0,0,True
642,-21.0,0,True
643,-20.0,0,True
644,-21.0,0,True
645,-21.0,0,True
646,-21.0,0,True
647,-21.0,0,True
648,-21.0,0,True
649,-21.0,0,True
650,-21.0,0,True
651,-21.0,0,True
652,-21.0,0,True
653,-21.0,0,True
654,-21.0,0,True
655,-21.0,0,True
656,-21.0,0,True
657,-21.0,0,True
658,-21.0,0,True
659,-21.0,0,True
660,-21.0,0,True
661,-21.0,0,True
662,-21.0,0,True
663,-21.0,0,True
664,-21.0,0,True
665,-21.0,0,True
666,-21.0,0,True
667,-21.0,0,True
668,-21.0,0,True
669,-21.0,0,True
670,-21.0,0,True
671,-21.0,0,True
672,-21.0,0,True
673,-21.0,0,True
674,-21.0,0,True
675,-21.0,0,True
676,-21.0,0,True
677,-21.0,0,True
678,-21.0,0,True
679,-21.0,0,True
680,-21.0,0,True
681,-21.0,0,True
682,-21.0,0,True
683,-21.0,0,True
684,-21.0,0,True
685,-21.0,0,True
686,-21.0,0,True
687,-21.0,0,True
688,-21.0,0,True
689,-21.0,0,True
690,-21.0,0,True
691,-21.0,0,True
692,-21.0,0,True
693,-21.0,0,True
694,-21.0,0,True
695,-21.0,0,True
696,-21.0,0,True
697,-21.0,0,True
698,-21.0,0,True
699,-21.0,0,True
700,-21.0,0,True
701,-21.0,0,True
702,-21.0,0,True
703,-21.0,0,True
704,-21.0,0,True
705,-21.0,0,True
706,-21.0,0,True
707,-21.0,0,True
708,-21.0,0,True
709,-21.0,0,True
710,-21.0,0,True
711,-21.0,0,True
712,-21.0,0,True
713,-21.0,0,True
714,-21.0,0,True
715,-21.0,0,True
716,-21.0,0,True
717,-21.0,0,True
718,-21.0,0,True
719,-21.0,0,True
720,-21.0,0,True
721,-21.0,0,True
722,-21.0,0,True
723,-21.0,0,True
724,-21.0,0,True
725,-21.0,0,True
726,-21.0,0,True
727,-21.0,0,True
728,-21.0,0,True
729,-21.0,0,True
730,-21.0,0,True
731,-21.0,0,True
732,-21.0,0,True
733,-20.0,0,True
734,-20.0,0,True
735,-20.0,0,True
736,-20.0,0,True
737,-20.0,0,True
738,-20.0,0,True
739,-21.0,0,True
740,-21.0,0,True
741,-20.0,0,True
742,-21.0,0,True
743,-21.0,0,True
744,-21.0,0,True
745,-21.0,0,True
746,-21.0,0,True
747,-21.0,0,True
748,-21.0,0,True
749,-21.0,0,True
750,-21.0,0,True
751,-21.0,0,True
752,-21.0,0,True
753,-21.0,0,True
754,-21.0,0,True
755,-21.0,0,True
756,-21.0,0,True
757,-21.0,0,True
758,-21.0,0,True
759,-21.0,0,True
760,-21.0,0,True
761,-21.0,0,True
762,-21.0,0,True
763,-21.0,0,True
764,-21.0,0,True
765,-21.0,0,True
766,-21.0,0,True
767,-21.0,0,True
768,-21.0,0,True
769,-21.0,0,True
770,-21.0,0,True
771,-21.0,0,True
772,-21.0,0,True
773,-21.0,0,True
774,-21.0,0,True
775,-21.0,0,True
776,-21.0,0,True
777,-21.0,0,True
778,-21.0,0,True
779,-21.0,0,True
780,-21.0,0,True
781,-21.0,0,True
782,-21.0,0,True
783,-21.0,0,True
784,-21.0,0,True
785,-21.0,0,True
786,-21.0,0,True
787,-21.0,0,True
788,-21.0,0,True
789,-21.0,0,True
790,-21.0,0,True
791,-21.0,0,True
792,-21.0,0,True
793,-21.0,0,True
794,-21.0,0,True
795,-21.0,0,True
796,-21.0,0,True
797,-21.0,0,True
798,-21.0,0,True
799,-21.0,0,True
800,-20.0,0,True
801,-21.0,0,True
802,-21.0,0,True
803,-21.0,0,True
804,-21.0,0,True
805,-21.0,0,True
806,-21.0,0,True
807,-21.0,0,True
808,-21.0,0,True
809,-21.0,0,True
810,-21.0,0,True
811,-21.0,0,True
812,-21.0,0,True
813,-21.0,0,True
814,-21.0,0,True
815,-21.0,0,True
816,-21.0,0,True
817,-21.0,0,True
818,-21.0,0,True
819,-21.0,0,True
820,-21.0,0,True
821,-21.0,0,True
822,-21.0,0,True
823,-21.0,0,True
824,-21.0,0,True
825,-21.0,0,True
826,-21.0,0,True
827,-21.0,0,True
828,-21.0,0,True
829,-21.0,0,True
830,-21.0,0,True
831,-21.0,0,True
832,-21.0,0,True
833,-21.0,0,True
834,-21.0,0,True
835,-21.0,0,True
836,-21.0,0,True
837,-21.0,0,True
838,-21.0,0,True
839,-21.0,0,True
840,-21.0,0,True
841,-21.0,0,True
842,-21.0,0,True
843,-21.0,0,True
844,-21.0,0,True
845,-21.0,0,True
846,-21.0,0,True
847,-21.0,0,True
848,-21.0,0,True
849,-21.0,0,True
850,-21.0,0,True
851,-21.0,0,True
852,-21.0,0,True
853,-21.0,0,True
854,-21.0,0,True
855,-21.0,0,True
856,-21.0,0,True
857,-21.0,0,True
858,-21.0,0,True
859,-21.0,0,True
860,-21.0,0,True
861,-21.0,0,True
862,-21.0,0,True
863,-21.0,0,True
864,-21.0,0,True
865,-21.0,0,True
866,-21.0,0,True
867,-21.0,0,True
868,-21.0,0,True
869,-21.0,0,True
870,-21.0,0,True
871,-21.0,0,True
872,-21.0,0,True
873,-21.0,0,True
874,-21.0,0,True
875,-21.0,0,True
876,-21.0,0,True
877,-21.0,0,True
878,-21.0,0,True
879,-21.0,0,True
880,-21.0,0,True
881,-21.0,0,True
882,-21.0,0,True
883,-21.0,0,True
884,-21.0,0,True
885,-21.0,0,True
886,-21.0,0,True
887,-21.0,0,True
888,-21.0,0,True
889,-21.0,0,True
890,-21.0,0,True
891,-21.0,0,True
892,-21.0,0,True
893,-21.0,0,True
894,-21.0,0,True
895,-21.0,0,True
896,-21.0,0,True
897,-21.0,0,True
898,-21.0,0,True
899,-21.0,0,True
900,-21.0,0,True
901,-21.0,0,True
902,-21.0,0,True
903,-21.0,0,True
904,-21.0,0,True
905,-21.0,0,True
906,-21.0,0,True
907,-21.0,0,True
908,-21.0,0,True
909,-21.0,0,True
910,-21.0,0,True
911,-21.0,0,True
912,-21.0,0,True
913,-21.0,0,True
914,-21.0,0,True
915,-21.0,0,True
916,-21.0,0,True
917,-21.0,0,True
918,-21.0,0,True
919,-21.0,0,True
920,-21.0,0,True
921,-21.0,0,True
922,-21.0,0,True
923,-21.0,0,True
924,-21.0,0,True
925,-21.0,0,True
926,-21.0,0,True
927,-21.0,0,True
928,-21.0,0,True
929,-21.0,0,True
930,-21.0,0,True
931,-21.0,0,True
932,-21.0,0,True
933,-21.0,0,True
934,-21.0,0,True
935,-21.0,0,True
936,-21.0,0,True
937,-21.0,0,True
938,-21.0,0,True
939,-21.0,0,True
940,-21.0,0,True
941,-21.0,0,True
942,-21.0,0,True
943,-21.0,0,True
944,-21.0,0,True
945,-21.0,0,True
946,-21.0,0,True
947,-21.0,0,True
948,-21.0,0,True
949,-21.0,0,True
950,-21.0,0,True
951,-21.0,0,True
952,-21.0,0,True
953,-21.0,0,True
954,-21.0,0,True
955,-21.0,0,True
956,-21.0,0,True
957,-21.0,0,True
958,-21.0,0,True
959,-21.0,0,True
960,-21.0,0,True
961,-21.0,0,True
962,-21.0,0,True
963,-21.0,0,True
964,-21.0,0,True
965,-21.0,0,True
966,-21.0,0,True
967,-21.0,0,True
968,-21.0,0,True
969,-21.0,0,True
970,-21.0,0,True
971,-21.0,0,True
972,-21.0,0,True
973,-21.0,0,True
974,-21.0,0,True
975,-21.0,0,True
976,-20.0,0,True
977,-20.0,0,True
978,-20.0,0,True
979,-20.0,0,True
980,-20.0,0,True
981,-20.0,0,True
982,-19.0,0,True
983,-20.0,0,True
984,-20.0,0,True
985,-20.0,0,True
986,-20.0,0,True
987,-20.0,0,True
988,-20.0,0,True
989,-20.0,0,True
990,-20.0,0,True
991,-20.0,0,True
992,-20.0,0,True
993,-20.0,0,True
994,-20.0,0,True
995,-20.0,0,True
996,-20.0,0,True
997,-20.0,0,True
998,-20.0,0,True
999,-20.0,0,False
1000,-20.0,0,True
1001,-20.0,0,True
1002,-20.0,0,True
1003,-20.0,0,True
1004,-20.0,0,True
1005,-20.0,0,True
1006,-20.0,0,True
1007,-20.0,0,True
1008,-20.0,0,True
1009,-20.0,0,True
1010,-20.0,0,True
1011,-20.0,0,True
1012,-20.0,0,True
1013,-20.0,0,True
1014,-20.0,0,True
1015,-20.0,0,False
1016,-20.0,0,True
1017,-20.0,0,True
1018,-20.0,0,True
1019,-20.0,0,True
1020,-20.0,0,True
1021,-20.0,0,True
1022,-20.0,0,True
1023,-20.0,0,True
1024,-19.0,0,True
1025,-18.0,0,False
1026,-20.0,0,False
1027,-20.0,0,True
1028,-20.0,0,True
1029,-20.0,0,True
1030,-19.0,0,False
1031,-20.0,0,True
1032,-20.0,0,True
1033,-20.0,0,True
1034,-20.0,0,True
1035,-21.0,0,True
1036,-20.0,0,True
1037,-20.0,0,True
1038,-20.0,0,True
1039,-20.0,0,True
1040,-20.0,0,True
1041,-20.0,0,True
1042,-20.0,0,True
1043,-20.0,0,True
1044,-20.0,0,True
1045,-20.0,0,True
1046,-20.0,0,True
1047,-20.0,0,True
1048,-20.0,0,True
1049,-20.0,0,True
1050,-20.0,0,True
1051,-20.0,0,True
1052,-20.0,0,True
1053,-20.0,0,True
1054,-19.0,0,True
1055,-19.0,0,True
1056,-19.0,0,True
1057,-20.0,0,True
1058,-20.0,0,True
1059,-20.0,0,True
1060,-19.0,0,True
1061,-20.0,0,True
1062,-19.0,0,False
1063,-19.0,0,True
1064,-19.0,0,True
1065,-20.0,0,True
1066,-20.0,0,True
1067,-20.0,0,True
1068,-20.0,0,True
1069,-20.0,0,True
1070,-20.0,0,True
1071,-20.0,0,True
1072,-19.0,0,True
1073,-20.0,0,True
1074,-20.0,0,True
1075,-20.0,0,True
1076,-20.0,0,True
1077,-20.0,0,True
1078,-19.0,0,True
1079,-19.0,0,True
1080,-20.0,0,True
1081,-20.0,0,True
1082,-20.0,0,True
1083,-20.0,0,True
1084,-20.0,0,True
1085,-20.0,0,True
1086,-20.0,0,True
1087,-20.0,0,True
1088,-20.0,0,True
1089,-20.0,0,True
1090,-20.0,0,True
1091,-20.0,0,True
1092,-20.0,0,True
1093,-20.0,0,True
1094,-20.0,0,True
1095,-20.0,0,True
1096,-19.0,0,True
1097,-19.0,0,True
1098,-20.0,0,True
1099,-20.0,0,True
1100,-20.0,0,True
1101,-20.0,0,True
1102,-19.0,0,True
1103,-19.0,0,True
1104,-19.0,0,True
1105,-17.0,0,False
1106,-19.0,0,True
1107,-19.0,0,True
1108,-19.0,0,True
1109,-19.0,0,True
1110,-20.0,0,True
1111,-19.0,0,False
1112,-20.0,0,True
1113,-20.0,0,True
1114,-20.0,0,True
1115,-19.0,0,True
1116,-19.0,0,True
1117,-18.0,0,True
1118,-19.0,0,True
1119,-20.0,0,True
1120,-19.0,0,True
1121,-20.0,0,True
1122,-19.0,0,False
1123,-19.0,0,True
1124,-18.0,0,False
1125,-20.0,0,True
1126,-20.0,0,True
1127,-20.0,0,True
1128,-19.0,0,True
1129,-19.0,0,False
1130,-20.0,0,True
1131,-19.0,0,True
1132,-20.0,0,True
1133,-20.0,0,True
1134,-20.0,0,True
1135,-19.0,0,True
1136,-19.0,0,True
1137,-20.0,0,False
1138,-19.0,0,True
1139,-20.0,0,True
1140,-20.0,0,False
1141,-20.0,0,True
1142,-18.0,0,True
1143,-20.0,0,True
1144,-20.0,0,True
1145,-18.0,0,True
1146,-20.0,0,True
1147,-19.0,0,True
1148,-18.0,0,True
1149,-19.0,0,True
1150,-18.0,0,True
1151,-19.0,0,True
1152,-20.0,0,True
1153,-18.0,0,True
1154,-18.0,0,True
1155,-18.0,0,True
1156,-19.0,0,True
1157,-20.0,0,True
1158,-20.0,0,True
1159,-20.0,0,True
1160,-19.0,0,True
1161,-17.0,0,True
1162,-20.0,0,True
1163,-18.0,0,True
1164,-18.0,0,True
1165,-20.0,0,False
1166,-20.0,0,True
1167,-20.0,0,True
1168,-20.0,0,True
1169,-20.0,0,True
1170,-20.0,0,True
1171,-20.0,0,True
1172,-20.0,0,True
1173,-20.0,0,True
1174,-20.0,0,True
1175,-21.0,0,True
1176,-21.0,0,True
1177,-21.0,0,True
1178,-21.0,0,True
1179,-21.0,0,True
1180,-21.0,0,True
1181,-21.0,0,True
1182,-21.0,0,True
1183,-21.0,0,True
1184,-21.0,0,True
1185,-21.0,0,True
1186,-21.0,0,True
1187,-21.0,0,True
1188,-21.0,0,True
1189,-21.0,0,True
1190,-21.0,0,True
1191,-21.0,0,True
1192,-21.0,0,True
1193,-21.0,0,True
1194,-21.0,0,True
1195,-21.0,0,True
1196,-21.0,0,True
1197,-21.0,0,True
1198,-21.0,0,True
1199,-21.0,0,True
1200,-21.0,0,True
1201,-21.0,0,True
1202,-21.0,0,True
1203,-21.0,0,True
1204,-21.0,0,True
1205,-21.0,0,True
1206,-21.0,0,True
1207,-21.0,0,True
1208,-21.0,0,True
1209,-21.0,0,True
1210,-21.0,0,True
1211,-21.0,0,True
1212,-21.0,0,True
1213,-21.0,0,True
1214,-21.0,0,True
1215,-21.0,0,True
1216,-21.0,0,True
1217,-21.0,0,True
1218,-21.0,0,True
1219,-21.0,0,True
1220,-21.0,0,True
1221,-21.0,0,True
1222,-21.0,0,True
1223,-21.0,0,True
1224,-21.0,0,True
1225,-21.0,0,True
1226,-21.0,0,True
1227,-21.0,0,True
1228,-21.0,0,True
1229,-21.0,0,True
1230,-21.0,0,True
1231,-21.0,0,True
1232,-21.0,0,True
1233,-21.0,0,True
1234,-21.0,0,True
1235,-21.0,0,True
1236,-20.0,0,True
1237,-21.0,0,True
1238,-21.0,0,True
1239,-21.0,0,True
1240,-21.0,0,True
1241,-21.0,0,True
1242,-21.0,0,True
1243,-21.0,0,True
1244,-21.0,0,True
1245,-21.0,0,True
1246,-21.0,0,True
1247,-21.0,0,True
1248,-21.0,0,True
1249,-21.0,0,True
1250,-21.0,0,True
1251,-21.0,0,True
1252,-21.0,0,True
1253,-21.0,0,True
1254,-21.0,0,True
1255,-21.0,0,True
1256,-21.0,0,True
1257,-21.0,0,True
1258,-21.0,0,True
1259,-21.0,0,True
1260,-21.0,0,True
1261,-21.0,0,True
1262,-21.0,0,True
1263,-21.0,0,True
1264,-21.0,0,True
1265,-21.0,0,True
1266,-21.0,0,True
1267,-21.0,0,True
1268,-21.0,0,True
1269,-21.0,0,True
1270,-21.0,0,True
1271,-21.0,0,True
1272,-21.0,0,True
1273,-21.0,0,True
1274,-21.0,0,True
1275,-21.0,0,True
1276,-21.0,0,True
1277,-21.0,0,True
1278,-21.0,0,True
1279,-21.0,0,True
1280,-21.0,0,True
1281,-21.0,0,True
1282,-21.0,0,True
1283,-21.0,0,True
1284,-21.0,0,True
1285,-21.0,0,True
1286,-21.0,0,True
1287,-21.0,0,True
1288,-21.0,0,True
1289,-21.0,0,True
1290,-20.0,0,True
1291,-20.0,0,True
1292,-20.0,0,True
1293,-21.0,0,True
1294,-21.0,0,True
1295,-20.0,0,True
1296,-20.0,0,True
1297,-20.0,0,True
1298,-21.0,0,True
1299,-20.0,0,True
1300,-20.0,0,True
1301,-20.0,0,True
1302,-20.0,0,True
1303,-20.0,0,True
1304,-21.0,0,True
1305,-21.0,0,True
1306,-20.0,0,True
1307,-20.0,0,True
1308,-20.0,0,True
1309,-20.0,0,True
1310,-20.0,0,True
1311,-20.0,0,True
1312,-20.0,0,True
1313,-20.0,0,True
1314,-20.0,0,True
1315,-20.0,0,True
1316,-19.0,0,False
1317,-19.0,0,True
1318,-20.0,0,True
1319,-20.0,0,True
1320,-19.0,0,True
1321,-20.0,0,True
1322,-19.0,0,True
1323,-20.0,0,True
1324,-20.0,0,True
1325,-20.0,0,True
1326,-20.0,0,True
1327,-20.0,0,True
1328,-20.0,0,True
1329,-19.0,0,True
1330,-21.0,0,True
1331,-19.0,0,True
1332,-20.0,0,True
1333,-20.0,0,True
1334,-19.0,0,True
1335,-20.0,0,True
1336,-20.0,0,True
1337,-20.0,0,True
1338,-20.0,0,True
1339,-19.0,0,True
1340,-21.0,0,True
1341,-20.0,0,True
1342,-20.0,0,True
1343,-20.0,0,True
1344,-20.0,0,True
1345,-20.0,0,True
1346,-19.0,0,True
1347,-20.0,0,True
1348,-20.0,0,False
1349,-20.0,0,True
1350,-20.0,0,True
1351,-20.0,0,True
1352,-20.0,0,True
1353,-20.0,0,True
1354,-19.0,0,False
1355,-20.0,0,False
1356,-20.0,0,True
1357,-20.0,0,True
1358,-21.0,0,True
1359,-21.0,0,True
1360,-21.0,0,True
1361,-21.0,0,True
1362,-21.0,0,True
1363,-21.0,0,True
1364,-21.0,0,True
1365,-21.0,0,True
1366,-21.0,0,True
1367,-21.0,0,True
1368,-21.0,0,True
1369,-21.0,0,True
1370,-21.0,0,True
1371,-21.0,0,True
1372,-21.0,0,True
1373,-21.0,0,True
1374,-21.0,0,True
1375,-21.0,0,True
1376,-21.0,0,True
1377,-21.0,0,True
1378,-21.0,0,True
1379,-21.0,0,True
1380,-21.0,0,True
1381,-21.0,0,True
1382,-21.0,0,True
1383,-21.0,0,True
1384,-20.0,0,True
1385,-20.0,0,True
1386,-19.0,0,True
1387,-15.0,0,True
1388,-16.0,0,True
1389,-15.0,0,True
1390,-14.0,0,False
1391,-13.0,0,True
1392,-13.0,0,True
1393,-16.0,0,True
1394,-14.0,0,True
1395,-15.0,0,False
1396,-15.0,0,True
1397,-14.0,0,True
1398,-16.0,0,True
1399,-15.0,0,True
1400,-17.0,0,True
1401,-14.0,0,True
1402,-16.0,0,True
1403,-14.0,0,True
1404,-17.0,0,False
1405,-15.0,0,True
1406,-16.0,0,True
1407,-13.0,0,True
1408,-16.0,0,True
1409,-12.0,0,True
1410,-17.0,0,True
1411,-13.0,0,True
1412,-15.0,0,True
1413,-16.0,0,True
1414,-15.0,0,True
1415,-17.0,0,True
1416,-17.0,0,True
1417,-14.0,0,True
1418,-14.0,0,True
1419,-16.0,0,True
1420,-14.0,0,True
1421,-15.0,0,True
1422,-17.0,0,True
1423,-16.0,0,True
1424,-16.0,0,True
1425,-15.0,0,True
1426,-13.0,0,True
1427,-16.0,0,True
1428,-15.0,0,True
1429,-15.0,0,True
1430,-15.0,0,True
1431,-17.0,0,True
1432,-16.0,0,True
1433,-14.0,0,True
1434,-16.0,0,False
1435,-15.0,0,True
1436,-16.0,0,True
1437,-14.0,0,True
1438,-17.0,0,True
1439,-16.0,0,True
1440,-15.0,0,True
1441,-14.0,0,False
1442,-15.0,0,True
1443,-16.0,0,True
1444,-15.0,0,True
1445,-15.0,0,True
1446,-14.0,0,True
1447,-14.0,0,True
1448,-14.0,0,True
1449,-16.0,0,False
1450,-11.0,0,True
1451,-15.0,0,True
1452,-12.0,0,True
1453,-16.0,0,True
1454,-16.0,0,True
1455,-17.0,0,True
1456,-15.0,0,True
1457,-12.0,0,True
1458,-17.0,0,True
1459,-16.0,0,True
1460,-15.0,0,True
1461,-15.0,0,True
1462,-15.0,0,False
1463,-15.0,0,False
1464,-17.0,0,True
1465,-15.0,0,True
1466,-16.0,0,True
1467,-17.0,0,True
1468,-15.0,0,False
1469,-16.0,0,True
1470,-16.0,0,True
1471,-16.0,0,True
1472,-16.0,0,True
1473,-15.0,0,True
1474,-15.0,0,True
1475,-16.0,0,True
1476,-15.0,0,True
1477,-17.0,0,True
1478,-16.0,0,True
1479,-15.0,0,True
1480,-16.0,0,True
1481,-16.0,0,True
1482,-16.0,0,True
1483,-15.0,0,True
1484,-13.0,0,True
1485,-14.0,0,True
1486,-14.0,0,True
1487,-14.0,0,True
1488,-15.0,0,True
1489,-16.0,0,True
1490,-16.0,0,True
1491,-15.0,0,True
1492,-15.0,0,True
1493,-14.0,0,True
1494,-15.0,0,True
1495,-16.0,0,True
1496,-14.0,0,True
1497,-16.0,0,True
1498,-16.0,0,True
1499,-18.0,0,True
1500,-15.0,0,True
1501,-18.0,0,True
1502,-12.0,0,True
1503,-16.0,0,True
1504,-16.0,0,True
1505,-11.0,0,True
1506,-13.0,0,True
1507,-16.0,0,True
1508,-16.0,0,True
1509,-14.0,0,True
1510,-16.0,0,True
1511,-15.0,0,True
1512,-15.0,0,False
1513,-15.0,0,False
1514,-16.0,0,True
1515,-17.0,0,True
1516,-14.0,0,True
1517,-14.0,0,True
1518,-16.0,0,True
1519,-14.0,0,True
1520,-15.0,0,True
1521,-13.0,0,True
1522,-16.0,0,False
1523,-13.0,0,True
1524,-16.0,0,True
1525,-16.0,0,True
1526,-16.0,0,True
1527,-16.0,0,False
1528,-13.0,0,True
1529,-15.0,0,True
1530,-17.0,0,True
1531,-14.0,0,True
1532,-15.0,0,True
1533,-15.0,0,False
1534,-14.0,0,True
1535,-16.0,0,True
1536,-14.0,0,True
1537,-13.0,0,True
1538,-16.0,0,True
1539,-18.0,0,True
1540,-15.0,0,True
1541,-17.0,0,True
1542,-15.0,0,True
1543,-16.0,0,True
1544,-16.0,0,True
1545,-14.0,0,True
1546,-15.0,0,False
1547,-15.0,0,True
1548,-16.0,0,True
1549,-15.0,0,True
1550,-15.0,0,True
1551,-15.0,0,False
1552,-15.0,0,True
1553,-15.0,0,True
1554,-16.0,0,True
1555,-16.0,0,True
1556,-15.0,0,True
1557,-16.0,0,True
1558,-16.0,0,True
1559,-16.0,0,True
1560,-14.0,0,True
1561,-16.0,0,True
1562,-16.0,0,True
1563,-14.0,0,True
1564,-14.0,0,True
1565,-15.0,0,True
1566,-15.0,0,True
1567,-17.0,0,True
1568,-14.0,0,False
1569,-17.0,0,True
1570,-14.0,0,True
1571,-16.0,0,True
1572,-15.0,0,True
1573,-16.0,0,True
1574,-15.0,0,True
1575,-14.0,0,True
1576,-15.0,0,True
1577,-12.0,0,True
1578,-14.0,0,True
1579,-16.0,0,True
1580,-17.0,0,True
1581,-16.0,0,True
1582,-13.0,0,True
1583,-16.0,0,True
1584,-15.0,0,True
1585,-16.0,0,True
1586,-16.0,0,True
1587,-16.0,0,True
1588,-14.0,0,True
1589,-14.0,0,True
1590,-16.0,0,True
1591,-15.0,0,True
1592,-15.0,0,True
1593,-16.0,0,True
1594,-16.0,0,True
1595,-14.0,0,True
1596,-16.0,0,True
1597,-16.0,0,True
1598,-16.0,0,True
1599,-16.0,0,True
1600,-16.0,0,True
1601,-16.0,0,True
1602,-14.0,0,True
1603,-14.0,0,True
1604,-15.0,0,True
1605,-14.0,0,False
1606,-14.0,0,True
1607,-16.0,0,True
1608,-14.0,0,True
1609,-13.0,0,False
1610,-14.0,0,True
1611,-16.0,0,False
1612,-17.0,0,True
1613,-14.0,0,True
1614,-16.0,0,True
1615,-13.0,0,True
1616,-16.0,0,True
1617,-16.0,0,True
1618,-18.0,0,True
1619,-16.0,0,True
1620,-17.0,0,True
1621,-16.0,0,True
1622,-16.0,0,True
1623,-15.0,0,True
1624,-16.0,0,True
1625,-17.0,0,True
1626,-16.0,0,True
1627,-16.0,0,True
1628,-14.0,0,False
1629,-13.0,0,True
1630,-11.0,0,True
1631,-16.0,0,True
1632,-15.0,0,True
1633,-15.0,0,True
1634,-16.0,0,True
1635,-15.0,0,True
1636,-16.0,0,True
1637,-15.0,0,True
1638,-13.0,0,True
1639,-16.0,0,True
1640,-14.0,0,True
1641,-15.0,0,True
1642,-16.0,0,True
1643,-15.0,0,True
1644,-16.0,0,True
1645,-15.0,0,True
1646,-16.0,0,True
1647,-16.0,0,True
1648,-13.0,0,False
1649,-17.0,0,True
1650,-16.0,0,True
1651,-16.0,0,True
1652,-13.0,0,True
1653,-13.0,0,True
1654,-13.0,0,True
1655,-13.0,0,True
1656,-13.0,0,True
1657,-15.0,0,True
1658,-16.0,0,True
1659,-16.0,0,True
1660,-16.0,0,True
1661,-17.0,0,True
1662,-17.0,0,True
1663,-12.0,0,False
1664,-15.0,0,True
1665,-16.0,0,False
1666,-15.0,0,False
1667,-13.0,0,True
1668,-16.0,0,True
1669,-15.0,0,True
1670,-13.0,0,True
1671,-16.0,0,True
1672,-15.0,0,True
1673,-16.0,0,True
1674,-16.0,0,True
1675,-13.0,0,True
1676,-15.0,0,True
1677,-17.0,0,True
1678,-14.0,0,True
1679,-15.0,0,True
1680,-17.0,0,True
1681,-15.0,0,True
1682,-17.0,0,True
1683,-14.0,0,True
1684,-15.0,0,True
1685,-15.0,0,True
1686,-16.0,0,True
1687,-15.0,0,True
1688,-16.0,0,True
1689,-14.0,0,True
1690,-15.0,0,True
1691,-14.0,0,True
1692,-13.0,0,True
1693,-15.0,0,True
1694,-14.0,0,False
1695,-17.0,0,True
1696,-15.0,0,True
1697,-16.0,0,True
1698,-15.0,0,False
1699,-15.0,0,True
1700,-17.0,0,True
1701,-14.0,0,True
1702,-16.0,0,True
1703,-16.0,0,True
1704,-17.0,0,True
1705,-17.0,0,True
1706,-14.0,0,True
1707,-14.0,0,True
1708,-17.0,0,True
1709,-15.0,0,True
1710,-15.0,0,True
1711,-16.0,0,True
1712,-17.0,0,True
1713,-15.0,0,True
1714,-15.0,0,True
1715,-16.0,0,True
1716,-14.0,0,False
1717,-16.0,0,True
1718,-15.0,0,True
1719,-13.0,0,True
1720,-17.0,0,True
1721,-15.0,0,False
1722,-15.0,0,True
1723,-15.0,0,True
1724,-16.0,0,True
1725,-17.0,0,True
1726,-16.0,0,True
1727,-15.0,0,False
1728,-16.0,0,True
1729,-16.0,0,True
1730,-15.0,0,True
1731,-15.0,0,True
1732,-14.0,0,False
1733,-16.0,0,True
1734,-16.0,0,True
1735,-14.0,0,True
1736,-14.0,0,True
1737,-17.0,0,True
1738,-15.0,0,True
1739,-17.0,0,True
1740,-13.0,0,True
1741,-14.0,0,True
1742,-16.0,0,True
1743,-16.0,0,True
1744,-14.0,0,True
1745,-16.0,0,True
1746,-14.0,0,True
1747,-13.0,0,True
1748,-15.0,0,True
1749,-16.0,0,True
1750,-15.0,0,True
1751,-17.0,0,True
1752,-17.0,0,True
1753,-17.0,0,True
1754,-14.0,0,True
1755,-15.0,0,True
1756,-15.0,0,True
1757,-15.0,0,True
1758,-14.0,0,True
1759,-17.0,0,True
1760,-16.0,0,True
1761,-14.0,0,True
1762,-13.0,0,True
1763,-16.0,0,True
1764,-15.0,0,True
1765,-16.0,0,True
1766,-16.0,0,True
1767,-14.0,0,True
1768,-10.0,0,True
1769,-15.0,0,True
1770,-16.0,0,True
1771,-17.0,0,True
1772,-15.0,0,True
1773,-16.0,0,True
1774,-17.0,0,True
1775,-15.0,0,True
1776,-17.0,0,True
1777,-16.0,0,True
1778,-13.0,0,True
1779,-15.0,0,True
1780,-17.0,0,True
1781,-16.0,0,True
1782,-16.0,0,False
1783,-16.0,0,False
1784,-17.0,0,True
1785,-16.0,0,True
1786,-16.0,0,True
1787,-14.0,0,True
1788,-16.0,0,True
1789,-16.0,0,True
1790,-15.0,0,True
1791,-14.0,0,True
1792,-16.0,0,True
1793,-15.0,0,True
1794,-16.0,0,True
1795,-16.0,0,True
1796,-16.0,0,True
1797,-14.0,0,False
1798,-15.0,0,True
1799,-14.0,0,True
1800,-14.0,0,True
1801,-14.0,0,True
1802,-15.0,0,True
1803,-16.0,0,True
1804,-16.0,0,True
1805,-15.0,0,True
1806,-15.0,0,True
1807,-15.0,0,True
1808,-16.0,0,True
1809,-15.0,0,True
1810,-17.0,0,True
1811,-15.0,0,False
1812,-14.0,0,True
1813,-14.0,0,False
1814,-16.0,0,True
1815,-14.0,0,True
1816,-16.0,0,True
1817,-15.0,0,True
1818,-17.0,0,True
1819,-15.0,0,True
1820,-16.0,0,True
1821,-16.0,0,True
1822,-14.0,0,True
1823,-13.0,0,True
1824,-15.0,0,True
1825,-15.0,0,True
1826,-15.0,0,True
1827,-16.0,0,True
1828,-16.0,0,True
1829,-16.0,0,True
1830,-17.0,0,True
1831,-15.0,0,True
1832,-17.0,0,True
1833,-12.0,0,True
1834,-18.0,0,True
1835,-14.0,0,True
1836,-14.0,0,True
1837,-16.0,0,True
1838,-13.0,0,True
1839,-15.0,0,True
1840,-16.0,0,True
1841,-14.0,0,True
1842,-15.0,0,True
1843,-13.0,0,True
1844,-15.0,0,True
1845,-16.0,0,True
1846,-15.0,0,True
1847,-14.0,0,True
1848,-15.0,0,True
1849,-16.0,0,True
1850,-15.0,0,True
1851,-14.0,0,True
1852,-15.0,0,True
1853,-15.0,0,True
1854,-16.0,0,True
1855,-17.0,0,True
1856,-16.0,0,False
1857,-14.0,0,True
1858,-15.0,0,True
1859,-14.0,0,True
1860,-16.0,0,True
1861,-15.0,0,True
1862,-12.0,0,True
1863,-15.0,0,True
1864,-13.0,0,True
1865,-16.0,0,True
1866,-16.0,0,True
1867,-17.0,0,True
1868,-16.0,0,True
1869,-16.0,0,True
1870,-15.0,0,True
1871,-15.0,0,True
1872,-16.0,0,True
1873,-17.0,0,True
1874,-16.0,0,True
1875,-14.0,0,True
1876,-14.0,0,True
1877,-16.0,0,True
1878,-16.0,0,True
1879,-16.0,0,True
1880,-15.0,0,True
1881,-18.0,0,True
1882,-16.0,0,True
1883,-19.0,0,True
1884,-15.0,0,True
1885,-15.0,0,True
1886,-16.0,0,True
1887,-13.0,0,True
1888,-14.0,0,True
1889,-14.0,0,False
1890,-16.0,0,True
1891,-15.0,0,True
1892,-17.0,0,True
1893,-15.0,0,True
1894,-15.0,0,True
1895,-18.0,0,True
1896,-16.0,0,True
1897,-15.0,0,True
1898,-17.0,0,True
1899,-13.0,0,True
1900,-14.0,0,True
1901,-16.0,0,True
1902,-15.0,0,False
1903,-15.0,0,True
1904,-14.0,0,True
1905,-16.0,0,True
1906,-15.0,0,True
1907,-14.0,0,True
1908,-14.0,0,True
1909,-15.0,0,True
1910,-16.0,0,True
1911,-14.0,0,True
1912,-14.0,0,True
1913,-14.0,0,True
1914,-11.0,0,True
1915,-13.0,0,True
1916,-16.0,0,True
1917,-14.0,0,False
1918,-16.0,0,True
1919,-16.0,0,True
1920,-15.0,0,True
1921,-15.0,0,True
1922,-15.0,0,False
1923,-14.0,0,True
1924,-14.0,0,True
1925,-15.0,0,True
1926,-16.0,0,True
1927,-14.0,0,True
1928,-16.0,0,True
1929,-16.0,0,True
1930,-15.0,0,True
1931,-16.0,0,True
1932,-16.0,0,True
1933,-16.0,0,True
1934,-15.0,0,True
1935,-15.0,0,True
1936,-15.0,0,True
1937,-15.0,0,True
1938,-15.0,0,True
1939,-14.0,0,True
1940,-15.0,0,True
1941,-16.0,0,True
1942,-14.0,0,True
1943,-16.0,0,True
1944,-14.0,0,True
1945,-14.0,0,True
1946,-15.0,0,True
1947,-14.0,0,True
1948,-15.0,0,True
1949,-14.0,0,True
1950,-16.0,0,True
1951,-14.0,0,True
1952,-15.0,0,True
1953,-15.0,0,True
1954,-16.0,0,True
1955,-16.0,0,True
1956,-16.0,0,False
1957,-13.0,0,True
1958,-15.0,0,True
1959,-15.0,0,True
1960,-15.0,0,True
1961,-16.0,0,True
1962,-15.0,0,True
1963,-15.0,0,True
1964,-15.0,0,True
1965,-14.0,0,True
1966,-13.0,0,True
1967,-15.0,0,True
1968,-16.0,0,True
1969,-14.0,0,True
1970,-17.0,0,True
1971,-17.0,0,True
1972,-17.0,0,False
1973,-16.0,0,True
1974,-18.0,0,True
1975,-13.0,0,True
1976,-14.0,0,True
1977,-16.0,0,True
1978,-16.0,0,True
1979,-14.0,0,False
1980,-14.0,0,True
1981,-15.0,0,True
1982,-16.0,0,True
1983,-17.0,0,True
1984,-13.0,0,True
1985,-15.0,0,True
1986,-16.0,0,True
1987,-15.0,0,True
1988,-15.0,0,True
1989,-15.0,0,True
1990,-18.0,0,True
1991,-17.0,0,False
1992,-16.0,0,True
1993,-16.0,0,True
1994,-15.0,0,True
1995,-15.0,0,True
1996,-14.0,0,True
1997,-16.0,0,True
1998,-15.0,0,True
1999,-15.0,0,True
2000,-15.0,0,True
2001,-16.0,0,True
2002,-15.0,0,True
2003,-16.0,0,True
2004,-15.0,0,True
2005,-12.0,0,True
2006,-14.0,0,True
2007,-14.0,0,True
2008,-14.0,0,True
2009,-15.0,0,True
2010,-15.0,0,True
2011,-16.0,0,True
2012,-15.0,0,True
2013,-16.0,0,True
2014,-16.0,0,True
2015,-15.0,0,True
2016,-12.0,0,True
2017,-17.0,0,True
2018,-14.0,0,True
2019,-15.0,0,True
2020,-13.0,0,True
2021,-12.0,0,True
2022,-15.0,0,True
2023,-15.0,0,True
2024,-13.0,0,True
2025,-14.0,0,True
2026,-15.0,0,True
2027,-15.0,0,True
2028,-14.0,0,True
2029,-9.0,0,True
2030,-14.0,0,False
2031,-13.0,0,True
2032,-8.0,0,True
2033,-10.0,0,True
2034,-11.0,0,True
2035,-11.0,0,True
2036,-11.0,0,True
2037,-11.0,0,True
2038,-12.0,0,False
2039,-11.0,0,True
2040,-12.0,0,True
2041,-14.0,0,True
2042,-13.0,0,True
2043,-12.0,0,True
2044,-12.0,0,True
2045,-15.0,0,False
2046,-11.0,0,True
2047,-10.0,0,True
2048,-5.0,0,True
2049,-11.0,0,True
2050,-13.0,0,False
2051,-13.0,0,True
2052,-12.0,0,True
2053,-13.0,0,True
2054,-12.0,0,True
2055,-13.0,0,True
2056,-6.0,0,True
2057,-12.0,0,True
2058,-13.0,0,True
2059,-14.0,0,True
2060,-11.0,0,False
2061,-10.0,0,True
2062,-13.0,0,True
2063,-8.0,0,True
2064,-13.0,0,True
2065,-10.0,0,True
2066,-13.0,0,True
2067,-13.0,0,False
2068,-11.0,0,True
2069,-10.0,0,True
2070,-10.0,0,True
2071,-12.0,0,True
2072,-15.0,0,True
2073,-13.0,0,True
2074,-12.0,0,False
2075,-11.0,0,True
2076,-10.0,0,True
2077,-13.0,0,False
2078,-7.0,0,False
2079,-14.0,0,True
2080,-11.0,0,True
2081,-10.0,0,True
2082,-13.0,0,True
2083,-13.0,0,True
2084,-15.0,0,True
2085,-11.0,0,True
2086,-12.0,0,True
2087,-12.0,0,True
2088,-11.0,0,True
2089,-14.0,0,True
2090,-12.0,0,True
2091,-13.0,0,True
2092,-14.0,0,True
2093,-14.0,0,True
2094,-15.0,0,True
2095,-15.0,0,True
2096,-11.0,0,True
2097,-16.0,0,True
2098,-13.0,0,True
2099,-12.0,0,True
2100,-9.0,0,True
2101,-13.0,0,True
2102,-10.0,0,True
2103,-13.0,0,True
2104,-11.0,0,True
2105,-12.0,0,True
2106,-14.0,0,False
2107,-8.0,0,True
2108,-11.0,0,True
2109,-11.0,0,True
2110,-10.0,0,True
2111,-9.0,0,True
2112,-11.0,0,True
2113,-11.0,0,True
2114,-13.0,0,True
2115,-11.0,0,False
2116,-10.0,0,False
2117,-16.0,0,True
2118,-10.0,0,False
2119,-11.0,0,True
2120,-10.0,0,True
2121,-9.0,0,True
2122,-14.0,0,True
2123,-9.0,0,True
2124,-8.0,0,True
2125,-12.0,0,True
2126,-11.0,0,True
2127,-10.0,0,False
2128,-10.0,0,True
2129,-10.0,0,True
2130,-14.0,0,True
2131,-10.0,0,True
2132,-13.0,0,True
2133,-15.0,0,False
2134,-10.0,0,True
2135,-12.0,0,True
2136,-14.0,0,True
2137,-14.0,0,True
2138,-11.0,0,True
2139,-13.0,0,True
2140,-13.0,0,True
2141,-10.0,0,False
2142,-13.0,0,True
2143,-10.0,0,True
2144,-12.0,0,True
2145,-10.0,0,True
2146,-12.0,0,True
2147,-9.0,0,True
2148,-12.0,0,True
2149,-14.0,0,True
2150,-14.0,0,True
2151,-12.0,0,False
2152,-13.0,0,True
2153,-11.0,0,True
2154,-13.0,0,True
2155,-12.0,0,True
2156,-9.0,0,True
2157,-14.0,0,True
2158,-13.0,0,True
2159,-11.0,0,False
2160,-10.0,0,False
2161,-11.0,0,False
2162,-13.0,0,True
2163,-13.0,0,True
2164,-10.0,0,True
2165,-13.0,0,True
2166,-11.0,0,True
2167,-9.0,0,True
2168,-11.0,0,True
2169,-12.0,0,True
2170,-12.0,0,True
2171,-11.0,0,True
2172,-11.0,0,True
2173,-15.0,0,True
2174,-16.0,0,True
2175,-15.0,0,True
2176,-14.0,0,False
2177,-10.0,0,True
2178,-5.0,0,True
2179,-13.0,0,True
2180,-10.0,0,True
2181,-10.0,0,True
2182,-11.0,0,True
2183,-5.0,0,False
2184,-11.0,0,True
2185,-5.0,0,True
2186,-8.0,0,True
2187,-12.0,0,True
2188,-10.0,0,True
2189,-9.0,0,True
2190,-11.0,0,True
2191,-11.0,0,False
2192,-11.0,0,True
2193,-12.0,0,True
2194,-14.0,0,True
2195,-13.0,0,True
2196,-1.0,0,True
2197,-13.0,0,True
2198,-12.0,0,True
2199,-14.0,0,True
2200,-12.0,0,True
2201,-13.0,0,True
2202,-10.0,0,True
2203,-11.0,0,False
2204,-13.0,0,True
2205,-11.0,0,True
2206,-10.0,0,False
2207,-9.0,0,True
2208,-11.0,0,True
2209,-11.0,0,True
2210,-12.0,0,True
2211,-11.0,0,True
2212,-9.0,0,True
2213,-10.0,0,True
2214,-9.0,0,False
2215,-7.0,0,True
2216,-7.0,0,True
2217,-10.0,0,True
2218,-11.0,0,True
2219,-11.0,0,True
2220,-9.0,0,True
2221,-9.0,0,True
2222,-12.0,0,True
2223,-11.0,0,True
2224,-9.0,0,True
2225,-10.0,0,True
2226,-6.0,0,False
2227,-8.0,0,True
2228,-8.0,0,True
2229,-14.0,0,True
2230,-9.0,0,True
2231,-12.0,0,True
2232,-12.0,0,True
2233,-8.0,0,True
2234,-10.0,0,True
2235,-7.0,0,False
2236,-11.0,0,True
2237,-7.0,0,True
2238,-8.0,0,True
2239,-9.0,0,True
2240,-13.0,0,False
2241,-5.0,0,True
2242,-9.0,0,False
2243,-10.0,0,True
2244,-8.0,0,False
2245,-6.0,0,True
2246,-10.0,0,True
2247,-10.0,0,True
2248,-6.0,0,True
2249,-9.0,0,True
2250,-5.0,0,False
2251,-7.0,0,True
2252,-8.0,0,True
2253,-7.0,0,True
2254,-9.0,0,True
2255,-7.0,0,True
2256,-10.0,0,True
2257,-11.0,0,True
2258,-13.0,0,True
2259,-10.0,0,True
2260,-14.0,0,True
2261,-12.0,0,True
2262,-11.0,0,True
2263,-15.0,0,True
2264,-13.0,0,True
2265,-13.0,0,True
2266,-11.0,0,False
2267,-13.0,0,True
2268,-12.0,0,True
2269,-10.0,0,True
2270,-14.0,0,True
2271,-14.0,0,True
2272,-13.0,0,True
2273,-13.0,0,True
2274,-13.0,0,True
2275,-10.0,0,False
2276,-12.0,0,True
2277,-11.0,0,True
2278,-11.0,0,False
2279,-13.0,0,True
2280,-13.0,0,True
2281,-11.0,0,True
2282,-11.0,0,True
2283,-14.0,0,True
2284,-10.0,0,True
2285,-15.0,0,True
2286,-10.0,0,True
2287,-11.0,0,True
2288,-14.0,0,True
2289,-14.0,0,False
2290,-10.0,0,True
2291,-14.0,0,True
2292,-9.0,0,True
2293,-9.0,0,False
2294,-11.0,0,False
2295,-9.0,0,True
2296,-12.0,0,True
2297,-13.0,0,True
2298,-14.0,0,True
2299,-12.0,0,True
2300,-7.0,0,True
2301,-9.0,0,True
2302,-15.0,0,True
2303,-13.0,0,True
2304,-14.0,0,True
2305,-11.0,0,True
2306,-10.0,0,True
2307,-11.0,0,False
2308,-11.0,0,True
2309,-16.0,0,True
2310,-14.0,0,True
2311,-10.0,0,True
2312,-14.0,0,False
2313,-12.0,0,True
2314,-13.0,0,True
2315,-13.0,0,True
2316,-15.0,0,True
2317,-14.0,0,True
2318,-16.0,0,True
2319,-15.0,0,True
2320,-13.0,0,True
2321,-11.0,0,True
2322,-13.0,0,True
2323,-13.0,0,True
2324,-12.0,0,False
2325,-14.0,0,True
2326,-11.0,0,False
2327,-12.0,0,False
2328,-12.0,0,True
2329,-13.0,0,True
2330,-12.0,0,True
2331,-12.0,0,True
2332,-14.0,0,True
2333,-15.0,0,True
2334,-9.0,0,True
2335,-12.0,0,True
2336,-13.0,0,True
2337,-14.0,0,True
2338,-11.0,0,True
2339,-15.0,0,True
2340,-10.0,0,True
2341,-10.0,0,True
2342,-13.0,0,True
2343,-15.0,0,True
2344,-14.0,0,True
2345,-12.0,0,True
2346,-10.0,0,True
2347,-14.0,0,True
2348,-12.0,0,True
2349,-11.0,0,True
2350,-12.0,0,True
2351,-13.0,0,True
2352,-14.0,0,True
2353,-12.0,0,True
2354,-14.0,0,True
2355,-13.0,0,True
2356,-14.0,0,False
2357,-13.0,0,True
2358,-11.0,0,True
2359,-13.0,0,True
2360,-17.0,0,True
2361,-17.0,0,True
2362,-12.0,0,True
2363,-18.0,0,True
2364,-17.0,0,True
2365,-17.0,0,True
2366,-16.0,0,True
2367,-13.0,0,False
2368,-13.0,0,True
2369,-12.0,0,True
2370,-14.0,0,True
2371,-11.0,0,True
2372,-13.0,0,True
2373,-12.0,0,False
2374,-12.0,0,True
2375,-12.0,0,True
2376,-14.0,0,True
2377,-15.0,0,True
2378,-14.0,0,True
2379,-12.0,0,True
2380,-13.0,0,True
2381,-11.0,0,True
2382,-12.0,0,True
2383,-16.0,0,True
2384,-12.0,0,True
2385,-14.0,0,True
2386,-13.0,0,False
2387,-10.0,0,False
2388,-14.0,0,False
2389,-14.0,0,True
2390,-11.0,0,True
2391,-12.0,0,True
2392,-11.0,0,True
2393,-10.0,0,False
2394,-13.0,0,True
2395,-11.0,0,True
2396,-11.0,0,True
2397,-12.0,0,True
2398,-13.0,0,True
2399,-14.0,0,True
2400,-12.0,0,True
2401,-10.0,0,True
2402,-14.0,0,True
2403,-14.0,0,False
2404,-11.0,0,True
2405,-15.0,0,True
2406,-9.0,0,True
2407,-14.0,0,True
2408,-12.0,0,False
2409,-13.0,0,True
2410,-13.0,0,True
2411,-11.0,0,True
2412,-14.0,0,True
2413,-16.0,0,True
2414,-9.0,0,True
2415,-12.0,0,True
2416,-13.0,0,True
2417,-9.0,0,False
2418,-10.0,0,True
2419,-13.0,0,True
2420,-11.0,0,True
2421,-14.0,0,True
2422,-12.0,0,True
2423,-11.0,0,True
2424,-12.0,0,True
2425,-11.0,0,True
2426,-11.0,0,False
2427,-14.0,0,False
2428,-13.0,0,True
2429,-13.0,0,True
2430,-13.0,0,True
2431,-14.0,0,True
2432,-11.0,0,True
2433,-13.0,0,True
2434,-14.0,0,True
2435,-13.0,0,True
2436,-7.0,0,True
2437,-11.0,0,True
2438,-14.0,0,False
2439,-12.0,0,True
2440,-13.0,0,True
2441,-9.0,0,True
2442,-14.0,0,True
2443,-8.0,0,False
2444,-11.0,0,True
2445,-12.0,0,True
2446,-13.0,0,True
2447,-13.0,0,True
2448,-13.0,0,True
2449,-13.0,0,True
2450,-10.0,0,True
2451,-15.0,0,True
2452,-11.0,0,True
2453,-10.0,0,True
2454,-12.0,0,True
2455,-9.0,0,True
2456,-10.0,0,True
2457,-9.0,0,True
2458,-9.0,0,True
2459,-10.0,0,True
2460,-10.0,0,True
2461,-11.0,0,True
2462,-13.0,0,True
2463,-13.0,0,False
2464,-11.0,0,True
2465,-14.0,0,True
2466,-9.0,0,True
2467,-13.0,0,True
2468,-13.0,0,True
2469,-14.0,0,True
2470,-10.0,0,True
2471,-12.0,0,True
2472,-15.0,0,True
2473,-11.0,0,True
2474,-8.0,0,True
2475,-13.0,0,True
2476,-12.0,0,True
2477,-11.0,0,True
2478,-12.0,0,True
2479,-14.0,0,True
2480,-11.0,0,True
2481,-10.0,0,True
2482,-9.0,0,True
2483,-7.0,0,False
2484,-8.0,0,True
2485,-13.0,0,False
2486,-9.0,0,False
2487,-10.0,0,True
2488,-11.0,0,True
2489,-10.0,0,False
2490,-14.0,0,True
2491,-11.0,0,True
2492,-12.0,0,True
2493,-16.0,0,True
2494,-14.0,0,True
2495,-12.0,0,True
2496,-14.0,0,True
2497,-14.0,0,True
2498,-13.0,0,True
2499,-10.0,0,True
2500,-12.0,0,True
2501,-12.0,0,False
2502,-11.0,0,True
2503,-12.0,0,True
2504,-12.0,0,True
2505,-13.0,0,True
2506,-13.0,0,True
2507,-12.0,0,True
2508,-12.0,0,True
2509,-7.0,0,True
2510,-10.0,0,True
2511,-8.0,0,True
2512,-13.0,0,True
2513,-10.0,0,True
2514,-10.0,0,True
2515,-14.0,0,True
2516,-10.0,0,True
2517,-10.0,0,True
2518,-9.0,0,True
2519,-8.0,0,True
2520,-9.0,0,True
2521,-10.0,0,True
2522,-12.0,0,True
2523,-13.0,0,True
2524,-13.0,0,False
2525,-13.0,0,True
2526,-12.0,0,False
2527,-12.0,0,False
2528,-12.0,0,False
2529,-10.0,0,True
2530,-12.0,0,True
2531,-10.0,0,True
2532,-6.0,0,True
2533,-10.0,0,True
2534,-12.0,0,True
2535,-10.0,0,True
2536,-10.0,0,True
2537,-8.0,0,True
2538,-12.0,0,True
2539,-13.0,0,True
2540,-6.0,0,True
2541,-7.0,0,True
2542,-7.0,0,True
2543,-8.0,0,True
2544,-12.0,0,True
2545,-12.0,0,True
2546,-16.0,0,True
2547,-10.0,0,True
2548,-14.0,0,True
2549,-12.0,0,True
2550,-14.0,0,True
2551,-13.0,0,False
2552,-13.0,0,False
2553,-13.0,0,True
2554,-12.0,0,False
2555,-14.0,0,True
2556,-12.0,0,True
2557,-11.0,0,True
2558,-12.0,0,True
2559,-9.0,0,True
2560,-14.0,0,True
2561,-8.0,0,True
2562,-12.0,0,True
2563,-12.0,0,True
2564,-14.0,0,True
2565,-9.0,0,False
2566,-12.0,0,True
2567,-11.0,0,True
2568,-13.0,0,True
2569,-10.0,0,False
2570,-12.0,0,True
2571,-11.0,0,True
2572,-12.0,0,True
2573,-11.0,0,True
2574,-7.0,0,True
2575,-9.0,0,True
2576,-13.0,0,True
2577,-10.0,0,True
2578,-14.0,0,True
2579,-6.0,0,True
2580,-13.0,0,False
2581,-13.0,0,True
2582,-10.0,0,True
2583,-13.0,0,True
2584,-10.0,0,False
2585,-12.0,0,True
2586,-11.0,0,True
2587,-9.0,0,True
2588,-12.0,0,True
2589,-4.0,0,True
2590,-10.0,0,True
2591,-14.0,0,True
2592,-12.0,0,True
2593,-7.0,0,True
2594,-13.0,0,True
2595,-10.0,0,True
2596,-10.0,0,True
2597,-14.0,0,True
2598,-14.0,0,True
2599,-16.0,0,True
2600,-14.0,0,True
2601,-7.0,0,True
2602,-12.0,0,True
2603,-12.0,0,True
2604,-15.0,0,True
2605,-12.0,0,True
2606,-15.0,0,True
2607,-11.0,0,True
2608,-11.0,0,True
2609,-14.0,0,True
2610,-12.0,0,True
2611,-13.0,0,True
2612,-15.0,0,True
2613,-11.0,0,True
2614,-12.0,0,True
2615,-16.0,0,True
2616,-9.0,0,True
2617,-13.0,0,True
2618,-12.0,0,True
2619,-16.0,0,True
2620,-14.0,0,True
2621,-14.0,0,True
2622,-11.0,0,True
2623,-9.0,0,True
2624,-13.0,0,True
2625,-15.0,0,True
2626,-13.0,0,True
2627,-12.0,0,True
2628,-10.0,0,True
2629,-12.0,0,True
2630,-12.0,0,True
2631,-13.0,0,True
2632,-11.0,0,True
2633,-10.0,0,True
2634,-11.0,0,True
2635,-11.0,0,True
2636,-13.0,0,True
2637,-14.0,0,True
2638,-10.0,0,True
2639,-14.0,0,False
2640,-12.0,0,True
2641,-12.0,0,True
2642,-12.0,0,True
2643,-15.0,0,True
2644,-11.0,0,True
2645,-14.0,0,True
2646,-12.0,0,True
2647,-10.0,0,True
2648,-11.0,0,True
2649,-8.0,0,True
2650,-12.0,0,True
2651,-14.0,0,False
2652,-15.0,0,True
2653,-12.0,0,False
2654,-11.0,0,True
2655,-12.0,0,True
2656,-11.0,0,True
2657,-13.0,0,True
2658,-13.0,0,True
2659,-13.0,0,True
2660,-13.0,0,True
2661,-13.0,0,True
2662,-14.0,0,True
2663,-13.0,0,True
2664,-13.0,0,True
2665,-14.0,0,True
2666,-13.0,0,True
2667,-13.0,0,True
2668,-11.0,0,True
2669,-12.0,0,True
2670,-14.0,0,True
2671,-12.0,0,True
2672,-14.0,0,True
2673,-13.0,0,True
2674,-14.0,0,True
2675,-12.0,0,True
2676,-13.0,0,False
2677,-14.0,0,True
2678,-12.0,0,True
2679,-14.0,0,True
2680,-12.0,0,False
2681,-13.0,0,True
2682,-15.0,0,True
2683,-11.0,0,True
2684,-13.0,0,True
2685,-10.0,0,True
2686,-14.0,0,True
2687,-14.0,0,True
2688,-15.0,0,True
2689,-15.0,0,False
2690,-14.0,0,True
2691,-14.0,0,True
2692,-13.0,0,True
2693,-16.0,0,False
2694,-13.0,0,False
2695,-12.0,0,True
2696,-13.0,0,True
2697,-13.0,0,True
2698,-13.0,0,True
2699,-15.0,0,True
2700,-12.0,0,False
2701,-12.0,0,True
2702,-8.0,0,True
2703,-9.0,0,True
2704,-14.0,0,True
2705,-11.0,0,False
2706,-13.0,0,True
2707,-10.0,0,False
2708,-12.0,0,True
2709,-13.0,0,True
2710,-13.0,0,True
2711,-11.0,0,True
2712,-13.0,0,True
2713,-15.0,0,True
2714,-14.0,0,True
2715,-11.0,0,True
2716,-14.0,0,False
2717,-11.0,0,True
2718,-13.0,0,True
2719,-8.0,0,True
2720,-13.0,0,False
2721,-13.0,0,True
2722,-1.0,0,False
2723,-13.0,0,True
2724,-13.0,0,True
2725,-12.0,0,True
2726,-13.0,0,True
2727,-13.0,0,True
2728,-10.0,0,False
2729,-13.0,0,True
2730,-13.0,0,True
2731,-12.0,0,False
2732,-13.0,0,True
2733,-12.0,0,True
2734,-12.0,0,False
2735,-13.0,0,True
2736,-10.0,0,True
2737,-13.0,0,True
2738,-12.0,0,True
2739,-15.0,0,True
2740,-13.0,0,False
2741,-11.0,0,True
2742,-16.0,0,True
2743,-14.0,0,True
2744,-9.0,0,True
2745,-13.0,0,True
2746,-8.0,0,True
2747,-15.0,0,True
2748,-12.0,0,True
2749,-10.0,0,True
2750,-14.0,0,True
2751,-13.0,0,True
2752,-14.0,0,True
2753,-13.0,0,True
2754,-15.0,0,True
2755,-15.0,0,True
2756,-14.0,0,True
2757,-12.0,0,True
2758,-15.0,0,True
2759,-13.0,0,True
2760,-14.0,0,True
2761,-13.0,0,True
2762,-11.0,0,True
2763,-14.0,0,True
2764,-16.0,0,True
2765,-14.0,0,True
2766,-11.0,0,True
2767,-15.0,0,True
2768,-13.0,0,True
2769,-11.0,0,False
2770,-14.0,0,True
2771,-11.0,0,True
2772,0.0,0.0,True
2773,-12.0,0.0,True
2774,-13.0,0.0,True
2775,-8.0,0.0,True
2776,-12.0,0.0,True
2777,-13.0,0.0,True
2778,-10.0,0.0,True
2779,-11.0,0.0,True
2780,-13.0,0.0,True
2781,-14.0,0.0,True
2782,-11.0,0.0,True
2783,-13.0,0.0,True
2784,-12.0,0.0,False
2785,0.0,0.0,True
2786,-10.0,0.0,True
2787,-13.0,0.0,True
2788,-11.0,0.0,True
2789,-10.0,0.0,False
2790,-12.0,0.0,True
2791,-12.0,0.0,True
2792,-11.0,0.0,True
2793,-12.0,0.0,True
2794,-14.0,0.0,True
2795,-14.0,0.0,False
2796,-10.0,0.0,True
2797,-13.0,0.0,True
2798,-12.0,0.0,True
2799,-15.0,0.0,True
2800,-14.0,0.0,True
2801,-13.0,0.0,False
2802,-14.0,0.0,True
2803,-11.0,0.0,True
2804,-15.0,0.0,True
2805,-11.0,0.0,True
2806,-12.0,0.0,True
2807,-12.0,0.0,False
2808,-11.0,0.0,True
2809,-10.0,0.0,True
2810,-13.0,0.0,False
2811,-9.0,0.0,True
2812,-14.0,0.0,True
2813,-11.0,0.0,True
2814,-11.0,0.0,True
2815,-12.0,0.0,True
2816,-13.0,0.0,True
2817,-14.0,0.0,True
2818,-12.0,0.0,True
2819,-14.0,0.0,True
2820,-9.0,0.0,True
2821,-9.0,0.0,True
2822,-14.0,0.0,True
2823,-13.0,0.0,True
2824,-12.0,0.0,True
2825,-13.0,0.0,True
2826,-8.0,0.0,True
2827,-13.0,0.0,True
2828,-13.0,0.0,True
2829,-15.0,0.0,True
2830,-14.0,0.0,True
2831,-13.0,0.0,True
2832,-14.0,0.0,True
2833,-13.0,0.0,True
2834,-10.0,0.0,True
2835,-13.0,0.0,True
2836,-13.0,0.0,True
2837,-14.0,0.0,True
2838,-15.0,0.0,True
2839,-15.0,0.0,False
2840,-13.0,0.0,True
2841,-12.0,0.0,False
2842,-14.0,0.0,True
2843,-12.0,0.0,True
2844,-15.0,0.0,True
2845,-12.0,0.0,True
2846,-12.0,0.0,True
2847,-10.0,0.0,True
2848,-14.0,0.0,True
2849,-12.0,0.0,True
2850,-12.0,0.0,True
2851,-13.0,0.0,True
2852,-12.0,0.0,True
2853,-12.0,0.0,False
2854,-13.0,0.0,True
2855,-13.0,0.0,True
2856,-14.0,0.0,True
2857,-15.0,0.0,True
2858,-12.0,0.0,True
2859,-14.0,0.0,True
2860,-13.0,0.0,True
2861,-6.0,0.0,True
2862,-10.0,0.0,True
2863,-9.0,0.0,True
2864,-11.0,0.0,False
2865,-7.0,0.0,True
2866,-9.0,0.0,True
2867,-10.0,0.0,True
2868,-9.0,0.0,True
2869,-12.0,0.0,True
2870,-12.0,0.0,True
2871,-13.0,0.0,True
2872,-13.0,0.0,True
2873,-15.0,0.0,False
2874,-13.0,0.0,True
2875,-13.0,0.0,True
2876,-13.0,0.0,True
2877,-12.0,0.0,True
2878,-14.0,0.0,True
2879,-13.0,0.0,True
2880,-12.0,0.0,True
2881,-14.0,0.0,True
2882,-9.0,0.0,False
2883,-14.0,0.0,True
2884,-15.0,0.0,True
2885,-10.0,0.0,True
2886,-9.0,0.0,True
2887,-12.0,0.0,True
2888,-8.0,0.0,True
2889,-10.0,0.0,True
2890,-14.0,0.0,True
2891,-11.0,0.0,False
2892,-15.0,0.0,True
2893,-12.0,0.0,True
2894,-12.0,0.0,True
2895,-14.0,0.0,True
2896,-14.0,0.0,False
2897,-13.0,0.0,True
2898,-14.0,0.0,True
2899,-11.0,0.0,True
2900,-13.0,0.0,True
2901,-12.0,0.0,True
2902,-9.0,0.0,True
2903,-11.0,0.0,True
2904,-11.0,0.0,True
2905,-15.0,0.0,True
2906,-12.0,0.0,True
2907,-12.0,0.0,True
2908,-13.0,0.0,True
2909,-8.0,0.0,True
2910,-13.0,0.0,False
2911,-10.0,0.0,True
2912,-11.0,0.0,True
2913,-14.0,0.0,True
2914,-14.0,0.0,False
2915,-12.0,0.0,True
2916,-14.0,0.0,True
2917,-12.0,0.0,True
2918,-14.0,0.0,True
2919,-14.0,0.0,True
2920,-14.0,0.0,True
2921,-14.0,0.0,True
2922,-14.0,0.0,False
2923,-12.0,0.0,True
2924,-12.0,0.0,True
2925,-15.0,0.0,True
2926,-13.0,0.0,True
2927,-14.0,0.0,True
2928,-15.0,0.0,True
2929,-10.0,0.0,True
2930,-10.0,0.0,True
2931,-14.0,0.0,False
2932,-11.0,0.0,False
2933,-10.0,0.0,True
2934,-15.0,0.0,True
2935,-15.0,0.0,True
2936,-12.0,0.0,True
2937,-10.0,0.0,True
2938,-12.0,0.0,False
2939,-11.0,0.0,False
2940,-11.0,0.0,True
2941,-9.0,0.0,True
2942,-11.0,0.0,True
2943,-14.0,0.0,True
2944,-15.0,0.0,True
2945,-9.0,0.0,True
2946,-12.0,0.0,True
2947,-13.0,0.0,True
2948,-10.0,0.0,True
2949,-15.0,0.0,True
2950,-12.0,0.0,True
2951,-14.0,0.0,True
2952,-11.0,0.0,True
2953,-13.0,0.0,True
2954,-13.0,0.0,False
2955,-13.0,0.0,True
2956,-14.0,0.0,True
2957,-10.0,0.0,True
2958,-13.0,0.0,True
2959,-13.0,0.0,True
2960,-13.0,0.0,True
2961,-12.0,0.0,True
2962,-14.0,0.0,True
2963,-14.0,0.0,True
2964,-13.0,0.0,True
2965,-15.0,0.0,True
2966,-11.0,0.0,True
2967,-14.0,0.0,True
2968,-14.0,0.0,True
2969,-14.0,0.0,False
2970,-13.0,0.0,True
2971,-14.0,0.0,True
2972,-10.0,0.0,False
2973,-12.0,0.0,False
2974,-13.0,0.0,True
2975,-14.0,0.0,True
2976,-15.0,0.0,True
2977,-12.0,0.0,True
2978,-12.0,0.0,False
2979,-13.0,0.0,True
2980,-13.0,0.0,True
2981,-12.0,0.0,True
2982,-13.0,0.0,True
2983,-13.0,0.0,True
2984,-13.0,0.0,True
2985,-13.0,0.0,True
2986,-13.0,0.0,True
2987,-11.0,0.0,False
2988,-13.0,0.0,True
2989,-12.0,0.0,True
2990,-10.0,0.0,True
2991,-14.0,0.0,True
2992,-16.0,0.0,True
2993,-13.0,0.0,True
2994,-13.0,0.0,True
2995,-13.0,0.0,True
2996,-11.0,0.0,True
2997,-14.0,0.0,True
2998,-10.0,0.0,True
2999,-12.0,0.0,True
3000,-9.0,0.0,True
3001,-13.0,0.0,True
3002,-8.0,0.0,True
3003,-8.0,0.0,True
3004,-13.0,0.0,True
3005,-14.0,0.0,True
3006,-10.0,0.0,True
3007,-9.0,0.0,True
3008,-10.0,0.0,True
3009,-13.0,0.0,False
3010,-9.0,0.0,True
3011,-11.0,0.0,True
3012,-6.0,0.0,True
3013,-12.0,0.0,True
3014,-9.0,0.0,True
3015,-12.0,0.0,True
3016,-9.0,0.0,True
3017,-7.0,0.0,False
3018,-11.0,0.0,True
3019,-9.0,0.0,True
3020,-15.0,0.0,True
3021,-13.0,0.0,False
3022,-9.0,0.0,True
3023,-10.0,0.0,True
3024,-8.0,0.0,True
3025,-12.0,0.0,False
3026,-12.0,0.0,True
3027,-12.0,0.0,True
3028,-13.0,0.0,True
3029,-9.0,0.0,True
3030,-10.0,0.0,True
3031,-15.0,0.0,True
3032,-8.0,0.0,True
3033,-7.0,0.0,True
3034,-9.0,0.0,True
3035,-9.0,0.0,True
3036,-11.0,0.0,True
3037,-8.0,0.0,True
3038,-7.0,0.0,True
3039,-9.0,0.0,True
3040,-8.0,0.0,False
3041,-12.0,0.0,True
3042,-13.0,0.0,True
3043,-14.0,0.0,True
3044,-15.0,0.0,True
3045,-12.0,0.0,True
3046,-13.0,0.0,True
3047,-8.0,0.0,True
3048,-9.0,0.0,False
3049,-11.0,0.0,True
3050,-11.0,0.0,True
3051,-12.0,0.0,True
3052,-10.0,0.0,True
3053,-9.0,0.0,True
3054,-10.0,0.0,True
3055,-11.0,0.0,False
3056,-6.0,0.0,False
3057,-8.0,0.0,True
3058,-9.0,0.0,True
3059,-9.0,0.0,True
3060,-14.0,0.0,True
3061,-7.0,0.0,False
3062,-9.0,0.0,True
3063,-6.0,0.0,True
3064,-11.0,0.0,True
3065,-11.0,0.0,False
3066,-10.0,0.0,True
3067,-10.0,0.0,True
3068,-10.0,0.0,True
3069,-12.0,0.0,False
3070,-12.0,0.0,True
3071,-12.0,0.0,True
3072,-11.0,0.0,True
3073,-14.0,0.0,True
3074,-12.0,0.0,True
3075,-16.0,0.0,True
3076,-11.0,0.0,True
3077,-14.0,0.0,True
3078,-14.0,0.0,True
3079,-13.0,0.0,True
3080,-11.0,0.0,True
3081,-12.0,0.0,True
3082,-10.0,0.0,True
3083,-13.0,0.0,True
3084,-13.0,0.0,True
3085,-13.0,0.0,False
3086,-14.0,0.0,True
3087,-10.0,0.0,True
3088,-14.0,0.0,True
3089,-9.0,0.0,True
3090,-12.0,0.0,True
3091,-11.0,0.0,True
3092,-13.0,0.0,True
3093,-13.0,0.0,True
3094,-13.0,0.0,True
3095,-13.0,0.0,True
3096,-13.0,0.0,True
3097,-14.0,0.0,True
3098,-13.0,0.0,True
3099,-14.0,0.0,True
3100,-10.0,0.0,False
3101,-12.0,0.0,True
3102,-11.0,0.0,True
3103,-13.0,0.0,True
3104,-13.0,0.0,False
3105,-13.0,0.0,True
3106,-12.0,0.0,True
3107,-13.0,0.0,True
3108,-12.0,0.0,False
3109,-12.0,0.0,False
3110,-15.0,0.0,True
3111,-12.0,0.0,True
3112,-13.0,0.0,True
3113,-9.0,0.0,False
3114,-14.0,0.0,True
3115,-13.0,0.0,False
3116,-15.0,0.0,True
3117,-14.0,0.0,True
3118,-12.0,0.0,True
3119,-15.0,0.0,True
3120,-13.0,0.0,True
3121,-12.0,0.0,True
3122,-15.0,0.0,True
3123,-13.0,0.0,True
3124,-12.0,0.0,True
3125,-11.0,0.0,True
3126,-12.0,0.0,True
3127,-10.0,0.0,True
3128,-13.0,0.0,True
3129,-9.0,0.0,True
3130,-10.0,0.0,True
3131,-12.0,0.0,True
3132,-9.0,0.0,True
3133,-16.0,0.0,True
3134,-15.0,0.0,True
3135,-8.0,0.0,True
3136,-7.0,0.0,True
3137,-12.0,0.0,True
3138,-14.0,0.0,True
3139,-13.0,0.0,True
3140,-15.0,0.0,True
3141,-7.0,0.0,True
3142,-13.0,0.0,True
3143,-13.0,0.0,True
3144,-13.0,0.0,True
3145,-11.0,0.0,True
3146,-13.0,0.0,True
3147,-15.0,0.0,True
3148,-11.0,0.0,True
3149,-13.0,0.0,True
3150,-14.0,0.0,True
3151,-10.0,0.0,True
3152,-9.0,0.0,True
3153,-13.0,0.0,True
3154,-12.0,0.0,True
3155,-14.0,0.0,True
3156,-11.0,0.0,True
3157,-13.0,0.0,True
3158,-13.0,0.0,True
3159,-14.0,0.0,True
3160,-11.0,0.0,True
3161,-9.0,0.0,True
3162,-14.0,0.0,True
3163,-15.0,0.0,True
3164,-15.0,0.0,True
3165,-15.0,0.0,True
3166,-14.0,0.0,True
3167,-11.0,0.0,True
3168,-15.0,0.0,True
3169,-13.0,0.0,True
3170,-14.0,0.0,True
3171,-10.0,0.0,True
3172,-11.0,0.0,True
3173,-12.0,0.0,True
3174,-14.0,0.0,True
3175,-15.0,0.0,True
3176,-14.0,0.0,True
3177,-11.0,0.0,True
3178,-11.0,0.0,True
3179,-11.0,0.0,True
3180,-11.0,0.0,True
3181,-10.0,0.0,True
3182,-12.0,0.0,True
3183,-10.0,0.0,True
3184,-13.0,0.0,True
3185,-13.0,0.0,True
3186,-14.0,0.0,True
3187,-13.0,0.0,True
3188,-14.0,0.0,True
3189,-14.0,0.0,True
3190,-11.0,0.0,True
3191,-12.0,0.0,True
3192,-14.0,0.0,True
3193,-11.0,0.0,True
3194,-14.0,0.0,True
3195,-10.0,0.0,True
3196,-11.0,0.0,True
3197,-11.0,0.0,True
3198,-12.0,0.0,True
3199,-15.0,0.0,True
3200,-14.0,0.0,True
3201,-12.0,0.0,True
3202,-11.0,0.0,True
3203,-13.0,0.0,True
3204,-14.0,0.0,True
3205,-14.0,0.0,True
3206,-13.0,0.0,True
3207,-14.0,0.0,True
3208,-13.0,0.0,True
3209,-10.0,0.0,True
3210,-12.0,0.0,False
3211,-13.0,0.0,True
3212,-10.0,0.0,False
3213,-11.0,0.0,True
3214,-13.0,0.0,False
3215,-15.0,0.0,True
3216,-11.0,0.0,True
3217,-12.0,0.0,False
3218,-11.0,0.0,True
3219,-14.0,0.0,True
3220,-10.0,0.0,True
3221,-14.0,0.0,True
3222,-13.0,0.0,True
3223,-12.0,0.0,True
3224,-14.0,0.0,True
3225,-10.0,0.0,True
3226,-11.0,0.0,True
3227,-14.0,0.0,True
3228,-13.0,0.0,True
3229,-12.0,0.0,False
3230,17.0,17.0,True
3231,19.0,19.0,True
3232,-19.0,19.0,True
3233,-19.0,19.0,True
3234,-15.0,19.0,True
3235,-9.0,19.0,True
3236,-12.0,19.0,True
3237,-12.0,19.0,True
3238,-14.0,19.0,True
3239,-10.0,19.0,False
3240,-13.0,19.0,True
3241,-16.0,19.0,True
3242,-11.0,19.0,True
3243,-13.0,19.0,True
3244,-11.0,19.0,True
3245,-10.0,19.0,False
3246,-13.0,19.0,True
3247,-14.0,19.0,True
3248,-11.0,19.0,True
3249,-13.0,19.0,True
3250,-12.0,19.0,True
3251,-9.0,19.0,True
3252,-13.0,19.0,True
3253,-14.0,19.0,True
3254,-17.0,19.0,True
3255,-14.0,19.0,True
3256,-13.0,19.0,True
3257,-14.0,19.0,True
3258,-14.0,19.0,True
3259,-10.0,19.0,True
3260,-15.0,19.0,True
3261,-14.0,19.0,True
3262,-13.0,19.0,True
3263,-12.0,19.0,True
3264,-14.0,19.0,True
3265,-13.0,19.0,False
3266,-14.0,19.0,True
3267,-14.0,19.0,True
3268,-12.0,19.0,True
3269,-12.0,19.0,True
3270,-13.0,19.0,True
3271,-13.0,19.0,True
3272,-11.0,19.0,True
3273,-14.0,19.0,True
3274,-14.0,19.0,False
3275,-12.0,19.0,True
3276,-15.0,19.0,True
3277,-12.0,19.0,True
3278,-11.0,19.0,True
3279,-14.0,19.0,True
3280,-12.0,19.0,True
3281,-13.0,19.0,True
3282,-13.0,19.0,True
3283,-13.0,19.0,True
3284,-10.0,19.0,True
3285,-10.0,19.0,True
3286,-12.0,19.0,True
3287,-5.0,19.0,True
3288,-11.0,19.0,True
3289,-12.0,19.0,True
3290,-11.0,19.0,False
3291,-13.0,19.0,True
3292,-12.0,19.0,True
3293,-13.0,19.0,False
3294,-12.0,19.0,True
3295,-14.0,19.0,True
3296,-13.0,19.0,True
3297,-15.0,19.0,True
3298,-12.0,19.0,True
3299,-13.0,19.0,True
3300,-10.0,19.0,True
3301,-11.0,19.0,True
3302,-13.0,19.0,True
3303,-13.0,19.0,True
3304,-12.0,19.0,True
3305,-15.0,19.0,True
3306,-13.0,19.0,True
3307,-15.0,19.0,True
3308,-14.0,19.0,True
3309,-11.0,19.0,True
3310,-13.0,19.0,True
3311,-13.0,19.0,True
3312,-13.0,19.0,True
3313,-11.0,19.0,True
3314,-12.0,19.0,True
3315,-15.0,19.0,True
3316,-12.0,19.0,True
3317,-12.0,19.0,True
3318,-12.0,19.0,True
3319,-11.0,19.0,True
3320,-15.0,19.0,True
3321,-14.0,19.0,True
3322,-13.0,19.0,True
3323,-14.0,19.0,True
3324,-11.0,19.0,True
3325,-8.0,19.0,True
3326,-13.0,19.0,True
3327,-13.0,19.0,False
3328,-14.0,19.0,True
3329,-14.0,19.0,True
3330,-13.0,19.0,True
3331,-13.0,19.0,True
3332,-15.0,19.0,True
3333,-11.0,19.0,False
3334,-11.0,19.0,True
3335,-14.0,19.0,True
3336,-10.0,19.0,True
3337,-13.0,19.0,True
3338,-13.0,19.0,True
3339,-14.0,19.0,True
3340,-13.0,19.0,False
3341,-15.0,19.0,True
3342,-15.0,19.0,True
3343,-14.0,19.0,True
3344,-11.0,19.0,True
3345,-14.0,19.0,True
3346,-15.0,19.0,True
3347,-12.0,19.0,False
3348,-14.0,19.0,True
3349,-13.0,19.0,False
3350,-14.0,19.0,True
3351,-14.0,19.0,True
3352,-13.0,19.0,False
3353,-11.0,19.0,True
3354,-13.0,19.0,True
3355,-12.0,19.0,True
3356,-13.0,19.0,True
3357,-13.0,19.0,True
3358,-12.0,19.0,True
3359,-12.0,19.0,True
3360,-13.0,19.0,True
3361,-12.0,19.0,True
3362,-11.0,19.0,True
3363,-9.0,19.0,False
3364,-13.0,19.0,False
3365,-12.0,19.0,True
3366,-10.0,19.0,True
3367,-13.0,19.0,False
3368,-14.0,19.0,True
3369,-14.0,19.0,True
3370,-14.0,19.0,True
3371,-14.0,19.0,True
3372,-6.0,19.0,True
3373,-12.0,19.0,True
3374,-13.0,19.0,True
3375,-13.0,19.0,True
3376,-14.0,19.0,True
3377,-12.0,19.0,True
3378,-10.0,19.0,True
3379,-14.0,19.0,True
3380,-12.0,19.0,False
3381,-14.0,19.0,True
3382,-10.0,19.0,True
3383,-14.0,19.0,True
3384,-14.0,19.0,True
3385,-12.0,19.0,True
3386,-9.0,19.0,True
3387,-15.0,19.0,True
3388,-13.0,19.0,True
3389,-13.0,19.0,True
3390,-13.0,19.0,True
3391,-11.0,19.0,True
3392,-14.0,19.0,True
3393,-14.0,19.0,True
3394,-14.0,19.0,True
3395,-12.0,19.0,True
3396,-8.0,19.0,True
3397,-12.0,19.0,True
3398,-17.0,19.0,True
3399,-7.0,19.0,True
3400,-12.0,19.0,True
3401,-13.0,19.0,True
3402,-13.0,19.0,True
3403,-10.0,19.0,False
3404,-9.0,19.0,True
3405,-14.0,19.0,True
3406,-13.0,19.0,True
3407,-12.0,19.0,True
3408,-13.0,19.0,True
3409,-14.0,19.0,False
3410,-11.0,19.0,True
3411,-11.0,19.0,True
3412,-8.0,19.0,True
3413,-14.0,19.0,True
3414,-14.0,19.0,True
3415,-12.0,19.0,False
3416,-11.0,19.0,True
3417,-11.0,19.0,True
3418,-10.0,19.0,True
3419,-13.0,19.0,True
3420,-13.0,19.0,True
3421,-13.0,19.0,True
3422,-14.0,19.0,True
3423,-12.0,19.0,True
3424,-11.0,19.0,True
3425,-13.0,19.0,True
3426,-13.0,19.0,True
3427,-13.0,19.0,True
3428,-12.0,19.0,False
3429,-9.0,19.0,False
3430,-11.0,19.0,False
3431,-11.0,19.0,True
3432,-12.0,19.0,True
3433,-12.0,19.0,True
3434,-13.0,19.0,True
3435,-15.0,19.0,True
3436,-14.0,19.0,True
3437,-11.0,19.0,True
3438,-12.0,19.0,True
3439,-11.0,19.0,True
3440,-14.0,19.0,True
3441,-15.0,19.0,True
3442,-10.0,19.0,True
3443,-13.0,19.0,True
3444,-10.0,19.0,True
3445,-13.0,19.0,True
3446,-14.0,19.0,True
3447,-15.0,19.0,True
3448,-15.0,19.0,True
3449,-11.0,19.0,False
3450,-14.0,19.0,True
3451,-11.0,19.0,True
3452,-13.0,19.0,True
3453,-11.0,19.0,True
3454,-14.0,19.0,True
3455,-13.0,19.0,True
3456,-11.0,19.0,True
3457,-11.0,19.0,True
3458,-12.0,19.0,False
3459,-11.0,19.0,True
3460,-12.0,19.0,True
3461,-13.0,19.0,True
3462,-12.0,19.0,True
3463,-14.0,19.0,True
3464,-14.0,19.0,True
3465,-15.0,19.0,True
3466,-14.0,19.0,True
3467,-13.0,19.0,True
3468,-13.0,19.0,True
3469,-13.0,19.0,True
3470,-14.0,19.0,True
3471,-14.0,19.0,True
3472,-13.0,19.0,True
3473,-12.0,19.0,False
3474,-10.0,19.0,True
3475,-14.0,19.0,True
3476,-11.0,19.0,True
3477,-12.0,19.0,True
3478,-13.0,19.0,True
3479,-13.0,19.0,True
3480,-12.0,19.0,False
3481,-13.0,19.0,True
3482,-8.0,19.0,True
3483,0.0,19.0,True
3484,-4.0,19.0,True
3485,0.0,19.0,True
3486,4.0,19.0,True
3487,-4.0,19.0,True
3488,-6.0,19.0,False
3489,0.0,19.0,True
3490,-7.0,19.0,True
3491,-5.0,19.0,True
3492,-4.0,19.0,False
3493,-5.0,19.0,True
3494,-2.0,19.0,False
3495,-4.0,19.0,True
3496,6.0,19.0,True
3497,-1.0,19.0,True
3498,-3.0,19.0,True
3499,-7.0,19.0,False
3500,1.0,19.0,False
3501,3.0,19.0,True
3502,-8.0,19.0,True
3503,-5.0,19.0,True
3504,6.0,19.0,True
3505,0.0,19.0,True
3506,-4.0,19.0,False
3507,-5.0,19.0,True
3508,-6.0,19.0,True
3509,-7.0,19.0,True
3510,-6.0,19.0,True
3511,-6.0,19.0,True
3512,2.0,19.0,True
3513,1.0,19.0,True
3514,-8.0,19.0,False
3515,-7.0,19.0,True
3516,-9.0,19.0,True
3517,-5.0,19.0,True
3518,-8.0,19.0,True
3519,-4.0,19.0,True
3520,-4.0,19.0,True
3521,-1.0,19.0,True
3522,-6.0,19.0,True
3523,-1.0,19.0,True
3524,-10.0,19.0,True
3525,-5.0,19.0,True
3526,-5.0,19.0,True
3527,-5.0,19.0,True
3528,-5.0,19.0,True
3529,-1.0,19.0,True
3530,-7.0,19.0,True
3531,-5.0,19.0,True
3532,-2.0,19.0,True
3533,-3.0,19.0,True
3534,-7.0,19.0,True
3535,7.0,19.0,True
3536,-8.0,19.0,True
3537,-3.0,19.0,True
3538,0.0,19.0,True
3539,-4.0,19.0,True
3540,-2.0,19.0,False
3541,-3.0,19.0,True
3542,-8.0,19.0,True
3543,-2.0,19.0,True
3544,-6.0,19.0,True
3545,-3.0,19.0,True
3546,-6.0,19.0,False
3547,-6.0,19.0,True
3548,-7.0,19.0,False
3549,-2.0,19.0,True
3550,-5.0,19.0,True
3551,-6.0,19.0,True
3552,1.0,19.0,True
3553,-2.0,19.0,True
3554,-5.0,19.0,True
3555,-9.0,19.0,True
3556,-6.0,19.0,True
3557,-2.0,19.0,True
3558,-2.0,19.0,True
3559,-4.0,19.0,True
3560,-5.0,19.0,True
3561,-4.0,19.0,True
3562,-9.0,19.0,True
3563,-3.0,19.0,True
3564,0.0,19.0,True
3565,-3.0,19.0,True
3566,-5.0,19.0,True
3567,1.0,19.0,True
3568,1.0,19.0,True
3569,-7.0,19.0,True
3570,0.0,19.0,True
3571,-8.0,19.0,False
3572,-4.0,19.0,True
3573,-8.0,19.0,True
3574,-9.0,19.0,True
3575,-7.0,19.0,True
3576,-5.0,19.0,True
3577,-5.0,19.0,True
3578,-7.0,19.0,False
3579,-8.0,19.0,True
3580,-3.0,19.0,False
3581,-7.0,19.0,True
3582,-6.0,19.0,False
3583,-4.0,19.0,True
3584,-4.0,19.0,True
3585,-2.0,19.0,True
3586,-2.0,19.0,True
3587,2.0,19.0,True
3588,-8.0,19.0,True
3589,-8.0,19.0,False
3590,1.0,19.0,True
3591,-3.0,19.0,False
3592,-5.0,19.0,True
3593,-4.0,19.0,True
3594,-9.0,19.0,True
3595,-4.0,19.0,True
3596,-5.0,19.0,False
3597,-3.0,19.0,True
3598,-5.0,19.0,True
3599,-4.0,19.0,True
3600,-10.0,19.0,True
3601,0.0,19.0,True
3602,-1.0,19.0,True
3603,-3.0,19.0,True
3604,-5.0,19.0,True
3605,-6.0,19.0,True
3606,-4.0,19.0,True
3607,-6.0,19.0,True
3608,-5.0,19.0,True
3609,-6.0,19.0,True
3610,-7.0,19.0,True
3611,-6.0,19.0,True
3612,-9.0,19.0,True
3613,-3.0,19.0,True
3614,-9.0,19.0,True
3615,-5.0,19.0,True
3616,-9.0,19.0,True
3617,-6.0,19.0,True
3618,-6.0,19.0,True
3619,-4.0,19.0,True
3620,-4.0,19.0,True
3621,-4.0,19.0,True
3622,-4.0,19.0,False
3623,-5.0,19.0,True
3624,-5.0,19.0,True
3625,2.0,19.0,True
3626,-1.0,19.0,True
3627,-5.0,19.0,True
3628,1.0,19.0,False
3629,-5.0,19.0,True
3630,4.0,19.0,True
3631,-3.0,19.0,True
3632,-5.0,19.0,True
3633,3.0,19.0,False
3634,-8.0,19.0,True
3635,2.0,19.0,True
3636,-1.0,19.0,False
3637,-5.0,19.0,True
3638,-8.0,19.0,False
3639,-4.0,19.0,True
3640,-3.0,19.0,True
3641,-5.0,19.0,True
3642,1.0,19.0,True
3643,-4.0,19.0,True
3644,-4.0,19.0,True
3645,-2.0,19.0,True
3646,-7.0,19.0,True
3647,-2.0,19.0,True
3648,-4.0,19.0,True
3649,-3.0,19.0,True
3650,-9.0,19.0,True
3651,-5.0,19.0,True
3652,-6.0,19.0,True
3653,-4.0,19.0,True
3654,4.0,19.0,True
3655,-2.0,19.0,True
3656,-2.0,19.0,True
3657,-4.0,19.0,False
3658,2.0,19.0,True
3659,-5.0,19.0,True
3660,-1.0,19.0,True
3661,-8.0,19.0,True
3662,-7.0,19.0,False
3663,-6.0,19.0,True
3664,-1.0,19.0,True
3665,-2.0,19.0,True
3666,-4.0,19.0,True
3667,-7.0,19.0,True
3668,-9.0,19.0,True
3669,-8.0,19.0,True
3670,-6.0,19.0,True
3671,-9.0,19.0,False
3672,-5.0,19.0,True
3673,1.0,19.0,True
3674,-7.0,19.0,True
3675,-1.0,19.0,False
3676,-7.0,19.0,True
3677,-2.0,19.0,True
3678,-3.0,19.0,True
3679,-3.0,19.0,True
3680,-2.0,19.0,True
3681,-3.0,19.0,True
3682,-4.0,19.0,False
3683,-4.0,19.0,True
3684,-6.0,19.0,False
3685,-6.0,19.0,True
3686,-5.0,19.0,True
3687,-9.0,19.0,True
3688,-8.0,19.0,True
3689,-7.0,19.0,True
3690,-3.0,19.0,True
3691,-6.0,19.0,True
3692,-6.0,19.0,True
3693,-6.0,19.0,True
3694,-7.0,19.0,True
3695,-2.0,19.0,False
3696,-2.0,19.0,True
3697,-4.0,19.0,True
3698,-4.0,19.0,True
3699,-2.0,19.0,True
3700,-2.0,19.0,True
3701,-8.0,19.0,True
3702,-4.0,19.0,True
3703,-3.0,19.0,True
3704,-5.0,19.0,True
3705,-6.0,19.0,True
3706,1.0,19.0,False
3707,-1.0,19.0,True
3708,-5.0,19.0,True
3709,-8.0,19.0,False
3710,-6.0,19.0,True
3711,-5.0,19.0,True
3712,-3.0,19.0,False
3713,-2.0,19.0,False
3714,-7.0,19.0,True
3715,-5.0,19.0,False
3716,-5.0,19.0,True
3717,-6.0,19.0,True
3718,-2.0,19.0,True
3719,-3.0,19.0,True
3720,-5.0,19.0,True
3721,6.0,19.0,True
3722,-4.0,19.0,True
3723,-1.0,19.0,True
3724,-8.0,19.0,True
3725,-3.0,19.0,True
3726,-8.0,19.0,True
3727,5.0,19.0,True
3728,-6.0,19.0,True
3729,1.0,19.0,True
3730,-4.0,19.0,False
3731,-3.0,19.0,True
3732,-6.0,19.0,True
3733,1.0,19.0,True
3734,-6.0,19.0,True
3735,-9.0,19.0,True
3736,-8.0,19.0,True
3737,-7.0,19.0,True
3738,-6.0,19.0,True
3739,-6.0,19.0,False
3740,-7.0,19.0,True
3741,2.0,19.0,False
3742,-9.0,19.0,False
3743,-1.0,19.0,True
3744,-7.0,19.0,True
3745,-5.0,19.0,True
3746,-7.0,19.0,True
3747,-11.0,19.0,True
3748,-3.0,19.0,True
3749,-3.0,19.0,True
3750,-4.0,19.0,True
3751,1.0,19.0,True
3752,-5.0,19.0,False
3753,-6.0,19.0,True
3754,-4.0,19.0,True
3755,-4.0,19.0,True
3756,-1.0,19.0,True
3757,-4.0,19.0,True
3758,-1.0,19.0,True
3759,-2.0,19.0,True
3760,-4.0,19.0,True
3761,-8.0,19.0,True
3762,-4.0,19.0,True
3763,-3.0,19.0,True
3764,-2.0,19.0,True
3765,-3.0,19.0,True
3766,-4.0,19.0,True
3767,-5.0,19.0,True
3768,-9.0,19.0,False
3769,-4.0,19.0,True
3770,-6.0,19.0,True
3771,-6.0,19.0,True
3772,-6.0,19.0,True
3773,-6.0,19.0,True
3774,6.0,19.0,True
3775,-1.0,19.0,True
3776,-2.0,19.0,False
3777,-6.0,19.0,True
3778,-4.0,19.0,True
3779,-3.0,19.0,True
3780,-6.0,19.0,True
3781,-6.0,19.0,True
3782,-7.0,19.0,True
3783,-3.0,19.0,True
3784,-3.0,19.0,True
3785,-7.0,19.0,True
3786,-2.0,19.0,True
3787,3.0,19.0,False
3788,-2.0,19.0,True
3789,-5.0,19.0,True
3790,-5.0,19.0,False
3791,-11.0,19.0,True
3792,4.0,19.0,False
3793,-7.0,19.0,True
3794,-3.0,19.0,True
3795,-2.0,19.0,True
3796,-5.0,19.0,True
3797,-5.0,19.0,True
3798,-1.0,19.0,True
3799,-7.0,19.0,True
3800,-10.0,19.0,True
3801,-6.0,19.0,True
3802,-9.0,19.0,True
3803,-3.0,19.0,True
3804,-4.0,19.0,True
3805,-8.0,19.0,False
3806,-3.0,19.0,True
3807,-2.0,19.0,True
3808,-4.0,19.0,True
3809,-2.0,19.0,True
3810,-3.0,19.0,True
3811,-8.0,19.0,True
3812,-1.0,19.0,True
3813,-2.0,19.0,True
3814,-7.0,19.0,True
3815,-4.0,19.0,True
3816,-3.0,19.0,True
3817,-3.0,19.0,False
3818,-5.0,19.0,True
3819,-2.0,19.0,True
3820,-9.0,19.0,True
3821,4.0,19.0,True
3822,-6.0,19.0,True
3823,-2.0,19.0,True
3824,-2.0,19.0,True
3825,-10.0,19.0,False
3826,-3.0,19.0,True
3827,-4.0,19.0,False
3828,-4.0,19.0,True
3829,-8.0,19.0,True
3830,-7.0,19.0,True
3831,-5.0,19.0,True
3832,-6.0,19.0,True
3833,-5.0,19.0,True
3834,1.0,19.0,False
3835,-3.0,19.0,True
3836,-5.0,19.0,True
3837,-6.0,19.0,True
3838,-5.0,19.0,True
3839,-3.0,19.0,False
3840,3.0,19.0,True
3841,-6.0,19.0,True
3842,-1.0,19.0,True
3843,-5.0,19.0,True
3844,-2.0,19.0,True
3845,2.0,19.0,True
3846,1.0,19.0,True
3847,-1.0,19.0,True
3848,-6.0,19.0,True
3849,-4.0,19.0,True
3850,-3.0,19.0,True
3851,-3.0,19.0,True
3852,-3.0,19.0,True
3853,-5.0,19.0,True
3854,1.0,19.0,True
3855,-7.0,19.0,True
3856,-4.0,19.0,True
3857,-3.0,19.0,True
3858,-5.0,19.0,True
3859,-1.0,19.0,True
3860,-7.0,19.0,False
3861,-1.0,19.0,True
3862,-2.0,19.0,True
3863,1.0,19.0,True
3864,-8.0,19.0,True
3865,-7.0,19.0,True
3866,-1.0,19.0,True
3867,-6.0,19.0,True
3868,-7.0,19.0,True
3869,-6.0,19.0,True
3870,-1.0,19.0,True
3871,-6.0,19.0,True
3872,-7.0,19.0,True
3873,-3.0,19.0,True
3874,4.0,19.0,True
3875,-8.0,19.0,True
3876,-4.0,19.0,True
3877,-3.0,19.0,True
3878,-8.0,19.0,True
3879,1.0,19.0,True
3880,-10.0,19.0,False
3881,-4.0,19.0,True
3882,-1.0,19.0,True
3883,3.0,19.0,True
3884,-5.0,19.0,True
3885,-8.0,19.0,True
3886,-5.0,19.0,True
3887,-4.0,19.0,True
3888,-8.0,19.0,True
3889,-6.0,19.0,True
3890,-5.0,19.0,False
3891,5.0,19.0,True
3892,-3.0,19.0,True
3893,-6.0,19.0,True
3894,-5.0,19.0,True
3895,-6.0,19.0,True
3896,4.0,19.0,True
3897,-5.0,19.0,True
3898,-5.0,19.0,True
3899,-4.0,19.0,True
3900,-4.0,19.0,True
3901,-6.0,19.0,True
3902,-4.0,19.0,True
3903,-7.0,19.0,True
3904,-7.0,19.0,True
3905,-6.0,19.0,False
3906,-4.0,19.0,True
3907,-4.0,19.0,True
3908,-5.0,19.0,True
3909,-3.0,19.0,False
3910,-8.0,19.0,True
3911,-5.0,19.0,True
3912,3.0,19.0,True
3913,-7.0,19.0,True
3914,5.0,19.0,True
3915,1.0,19.0,False
3916,-5.0,19.0,True
3917,-4.0,19.0,True
3918,-3.0,19.0,True
3919,1.0,19.0,True
3920,-9.0,19.0,True
3921,-3.0,19.0,True
3922,-4.0,19.0,False
3923,-2.0,19.0,True
3924,-5.0,19.0,True
3925,6.0,19.0,True
3926,-3.0,19.0,True
3927,-2.0,19.0,True
3928,-2.0,19.0,False
3929,-2.0,19.0,True
3930,3.0,19.0,True
3931,-3.0,19.0,True
3932,-2.0,19.0,True
3933,-8.0,19.0,True
3934,-6.0,19.0,True
3935,-8.0,19.0,True
3936,-3.0,19.0,True
3937,0.0,19.0,True
3938,-6.0,19.0,True
3939,-2.0,19.0,True
3940,-6.0,19.0,False
3941,-7.0,19.0,True
3942,-4.0,19.0,True
3943,-2.0,19.0,True
3944,-3.0,19.0,True
3945,2.0,19.0,True
3946,-6.0,19.0,True
3947,-4.0,19.0,True
3948,-2.0,19.0,True
3949,-7.0,19.0,False
3950,-5.0,19.0,True
3951,-4.0,19.0,True
3952,-4.0,19.0,True
3953,-2.0,19.0,True
3954,-7.0,19.0,True
3955,3.0,19.0,True
3956,-7.0,19.0,True
3957,2.0,19.0,True
3958,-6.0,19.0,True
3959,-2.0,19.0,False
3960,-3.0,19.0,True
3961,-1.0,19.0,True
3962,-5.0,19.0,True
3963,-3.0,19.0,True
3964,-4.0,19.0,True
3965,3.0,19.0,False
3966,-6.0,19.0,False
3967,-2.0,19.0,True
3968,-8.0,19.0,True
3969,-1.0,19.0,True
3970,-6.0,19.0,True
3971,-7.0,19.0,True
3972,-5.0,19.0,True
3973,-5.0,19.0,True
3974,-4.0,19.0,True
3975,1.0,19.0,True
3976,-5.0,19.0,True
3977,-1.0,19.0,True
3978,-5.0,19.0,True
3979,-5.0,19.0,True
3980,-7.0,19.0,True
3981,-7.0,19.0,True
3982,-7.0,19.0,True
3983,-4.0,19.0,True
3984,-6.0,19.0,False
3985,-4.0,19.0,True
3986,-3.0,19.0,True
3987,4.0,19.0,True
3988,-1.0,19.0,False
3989,1.0,19.0,True
3990,-5.0,19.0,True
3991,5.0,19.0,False
3992,-2.0,19.0,True
3993,-5.0,19.0,True
3994,-4.0,19.0,False
3995,2.0,19.0,True
3996,-9.0,19.0,True
3997,-1.0,19.0,True
3998,-3.0,19.0,False
3999,-6.0,19.0,True
4000,-5.0,19.0,True
4001,5.0,19.0,True
4002,-9.0,19.0,False
4003,1.0,19.0,True
4004,-4.0,19.0,True
4005,-3.0,19.0,True
4006,-5.0,19.0,True
4007,5.0,19.0,True
4008,-4.0,19.0,True
4009,-5.0,19.0,True
4010,-8.0,19.0,True
4011,-5.0,19.0,True
4012,-9.0,19.0,True
4013,-6.0,19.0,True
4014,-5.0,19.0,True
4015,-1.0,19.0,True
4016,-4.0,19.0,True
4017,-9.0,19.0,True
4018,-4.0,19.0,True
4019,-4.0,19.0,True
4020,10.0,19.0,True
4021,-11.0,19.0,True
4022,-4.0,19.0,True
4023,-7.0,19.0,True
4024,-5.0,19.0,True
4025,-7.0,19.0,True
4026,-7.0,19.0,True
4027,-1.0,19.0,True
4028,-4.0,19.0,True
4029,5.0,19.0,True
4030,-7.0,19.0,True
4031,-5.0,19.0,True
4032,-7.0,19.0,True
4033,-6.0,19.0,True
4034,-9.0,19.0,True
4035,3.0,19.0,True
4036,-5.0,19.0,True
4037,-9.0,19.0,True
4038,-2.0,19.0,True
4039,-6.0,19.0,True
4040,6.0,19.0,False
4041,2.0,19.0,True
4042,-3.0,19.0,True
4043,1.0,19.0,True
4044,-2.0,19.0,True
4045,-2.0,19.0,False
4046,-3.0,19.0,True
4047,-6.0,19.0,True
4048,5.0,19.0,True
4049,-4.0,19.0,True
4050,-4.0,19.0,True
4051,-5.0,19.0,True
4052,1.0,19.0,True
4053,-3.0,19.0,False
4054,-6.0,19.0,True
4055,-3.0,19.0,True
4056,-5.0,19.0,True
4057,-2.0,19.0,True
4058,-9.0,19.0,True
4059,-3.0,19.0,True
4060,-8.0,19.0,True
4061,-8.0,19.0,True
4062,-5.0,19.0,True
4063,-8.0,19.0,True
4064,-7.0,19.0,False
4065,-8.0,19.0,True
4066,-6.0,19.0,True
4067,-4.0,19.0,True
4068,-8.0,19.0,True
4069,-6.0,19.0,True
4070,-5.0,19.0,True
4071,-3.0,19.0,True
4072,-3.0,19.0,True
4073,-4.0,19.0,True
4074,-10.0,19.0,True
4075,1.0,19.0,True
4076,-6.0,19.0,True
4077,-7.0,19.0,True
4078,-5.0,19.0,True
4079,-6.0,19.0,False
4080,-4.0,19.0,True
4081,-3.0,19.0,False
4082,-4.0,19.0,True
4083,-8.0,19.0,True
4084,-8.0,19.0,True
4085,-5.0,19.0,True
4086,-4.0,19.0,True
4087,-3.0,19.0,True
4088,-1.0,19.0,False
4089,-5.0,19.0,True
4090,-2.0,19.0,True
4091,-5.0,19.0,True
4092,-5.0,19.0,True
4093,-1.0,19.0,True
4094,-1.0,19.0,True
4095,1.0,19.0,True
4096,-7.0,19.0,False
4097,-1.0,19.0,True
4098,-2.0,19.0,True
4099,-2.0,19.0,True
4100,1.0,19.0,True
4101,-2.0,19.0,True
4102,-9.0,19.0,True
4103,-1.0,19.0,True
4104,-5.0,19.0,True
4105,-7.0,19.0,False
4106,-3.0,19.0,False
4107,-6.0,19.0,True
4108,1.0,19.0,True
4109,-7.0,19.0,True
4110,-12.0,19.0,True
4111,-12.0,19.0,False
4112,-11.0,19.0,True
4113,-10.0,19.0,True
4114,-11.0,19.0,True
4115,-11.0,19.0,True
4116,-11.0,19.0,True
4117,-9.0,19.0,True
4118,-9.0,19.0,True
4119,-8.0,19.0,True
4120,-7.0,19.0,False
4121,-10.0,19.0,False
4122,-12.0,19.0,True
4123,-13.0,19.0,True
4124,-10.0,19.0,True
4125,-10.0,19.0,True
4126,-12.0,19.0,True
4127,-11.0,19.0,True
4128,-9.0,19.0,True
4129,-13.0,19.0,True
4130,-10.0,19.0,True
4131,-10.0,19.0,True
4132,-7.0,19.0,True
4133,-10.0,19.0,True
4134,-11.0,19.0,True
4135,-6.0,19.0,True
4136,-3.0,19.0,True
4137,-10.0,19.0,True
4138,-11.0,19.0,True
4139,-10.0,19.0,True
4140,-9.0,19.0,True
4141,-13.0,19.0,True
4142,-10.0,19.0,True
4143,-8.0,19.0,False
4144,-11.0,19.0,True
4145,-12.0,19.0,False
4146,-7.0,19.0,True
4147,-11.0,19.0,False
4148,-7.0,19.0,True
4149,-7.0,19.0,True
4150,-11.0,19.0,True
4151,-7.0,19.0,True
4152,-9.0,19.0,True
4153,-8.0,19.0,False
4154,-6.0,19.0,True
4155,-11.0,19.0,True
4156,-9.0,19.0,True
4157,-8.0,19.0,True
4158,-11.0,19.0,True
4159,-8.0,19.0,True
4160,-12.0,19.0,True
4161,-12.0,19.0,True
4162,-9.0,19.0,True
4163,-8.0,19.0,True
4164,-11.0,19.0,True
4165,-8.0,19.0,True
4166,-9.0,19.0,True
4167,-10.0,19.0,True
4168,-6.0,19.0,True
4169,-10.0,19.0,False
4170,-9.0,19.0,True
4171,-11.0,19.0,True
4172,-10.0,19.0,True
4173,-9.0,19.0,False
4174,-5.0,19.0,False
4175,-9.0,19.0,True
4176,-10.0,19.0,True
4177,-11.0,19.0,False
4178,-7.0,19.0,True
4179,-5.0,19.0,True
4180,-10.0,19.0,True
4181,-6.0,19.0,False
4182,-11.0,19.0,False
4183,-7.0,19.0,True
4184,-9.0,19.0,True
4185,-9.0,19.0,True
4186,-11.0,19.0,False
4187,-10.0,19.0,True
4188,-7.0,19.0,True
4189,-10.0,19.0,True
4190,-11.0,19.0,True
4191,-6.0,19.0,True
4192,-9.0,19.0,True
4193,-12.0,19.0,False
4194,-8.0,19.0,True
4195,-11.0,19.0,False
4196,-11.0,19.0,False
4197,-10.0,19.0,True
4198,-10.0,19.0,True
4199,-10.0,19.0,True
4200,-12.0,19.0,True
4201,-9.0,19.0,True
4202,-14.0,19.0,True
4203,-8.0,19.0,True
4204,-8.0,19.0,True
4205,-7.0,19.0,True
4206,-10.0,19.0,True
4207,-5.0,19.0,True
4208,-7.0,19.0,True
4209,-5.0,19.0,True
4210,-4.0,19.0,True
4211,-7.0,19.0,False
4212,-7.0,19.0,True
4213,-5.0,19.0,False
4214,-3.0,19.0,True
4215,0.0,19.0,True
4216,7.0,19.0,True
4217,-6.0,19.0,True
4218,-5.0,19.0,True
4219,-9.0,19.0,True
4220,-4.0,19.0,True
4221,-8.0,19.0,True
4222,-1.0,19.0,True
4223,-2.0,19.0,True
4224,-3.0,19.0,True
4225,-3.0,19.0,True
4226,4.0,19.0,True
4227,-5.0,19.0,False
4228,-6.0,19.0,True
4229,-4.0,19.0,True
4230,-1.0,19.0,True
4231,-5.0,19.0,True
4232,-1.0,19.0,True
4233,7.0,19.0,False
4234,-12.0,19.0,True
4235,-2.0,19.0,True
4236,-6.0,19.0,True
4237,-8.0,19.0,True
4238,2.0,19.0,True
4239,-5.0,19.0,True
4240,-8.0,19.0,True
4241,-7.0,19.0,True
4242,-6.0,19.0,True
4243,-5.0,19.0,True
4244,-5.0,19.0,True
4245,-6.0,19.0,True
4246,-8.0,19.0,True
4247,-6.0,19.0,True
4248,-6.0,19.0,False
4249,-6.0,19.0,True
4250,-7.0,19.0,True
4251,-4.0,19.0,True
4252,-8.0,19.0,False
4253,-8.0,19.0,True
4254,-6.0,19.0,True
4255,-5.0,19.0,False
4256,-9.0,19.0,True
4257,-5.0,19.0,True
4258,-3.0,19.0,True
4259,-8.0,19.0,False
4260,-8.0,19.0,True
4261,-5.0,19.0,True
4262,-4.0,19.0,True
4263,-4.0,19.0,True
4264,-4.0,19.0,True
4265,-9.0,19.0,True
4266,-8.0,19.0,True
4267,-6.0,19.0,True
4268,-5.0,19.0,True
4269,-10.0,19.0,True
4270,-5.0,19.0,True
4271,-6.0,19.0,True
4272,-4.0,19.0,True
4273,-5.0,19.0,False
4274,-1.0,19.0,True
4275,-3.0,19.0,True
4276,-1.0,19.0,True
4277,6.0,19.0,True
4278,-7.0,19.0,True
4279,-3.0,19.0,True
4280,-7.0,19.0,False
4281,-4.0,19.0,True
4282,-5.0,19.0,True
4283,-3.0,19.0,True
4284,-7.0,19.0,True
4285,-9.0,19.0,True
4286,1.0,19.0,False
4287,-4.0,19.0,False
4288,-3.0,19.0,True
4289,-7.0,19.0,True
4290,-4.0,19.0,True
4291,1.0,19.0,True
4292,-6.0,19.0,True
4293,-3.0,19.0,True
4294,7.0,19.0,False
4295,-3.0,19.0,True
4296,-6.0,19.0,True
4297,-3.0,19.0,True
4298,8.0,19.0,True
4299,-6.0,19.0,True
4300,-4.0,19.0,True
4301,-2.0,19.0,True
4302,-5.0,19.0,True
4303,3.0,19.0,True
4304,-6.0,19.0,True
4305,-4.0,19.0,True
4306,-7.0,19.0,True
4307,-3.0,19.0,True
4308,1.0,19.0,True
4309,5.0,19.0,True
4310,-8.0,19.0,True
4311,-3.0,19.0,True
4312,-5.0,19.0,True
4313,-3.0,19.0,True
4314,-5.0,19.0,False
4315,-3.0,19.0,True
4316,-5.0,19.0,True
4317,-5.0,19.0,False
4318,-4.0,19.0,False
4319,-5.0,19.0,True
4320,-3.0,19.0,True
4321,-5.0,19.0,False
4322,-8.0,19.0,True
4323,-5.0,19.0,False
4324,-3.0,19.0,True
4325,-6.0,19.0,True
4326,-4.0,19.0,True
4327,-2.0,19.0,True
4328,-8.0,19.0,True
4329,-7.0,19.0,True
4330,-3.0,19.0,True
4331,-6.0,19.0,False
4332,1.0,19.0,True
4333,-6.0,19.0,True
4334,-4.0,19.0,True
4335,-1.0,19.0,True
4336,-4.0,19.0,True
4337,-3.0,19.0,False
4338,-3.0,19.0,True
4339,-1.0,19.0,True
4340,1.0,19.0,True
4341,-6.0,19.0,True
4342,-8.0,19.0,True
4343,-4.0,19.0,True
4344,1.0,19.0,True
4345,1.0,19.0,True
4346,-4.0,19.0,True
4347,-5.0,19.0,True
4348,-6.0,19.0,True
4349,-6.0,19.0,False
4350,-3.0,19.0,True
4351,-9.0,19.0,True
4352,-7.0,19.0,True
4353,-2.0,19.0,False
4354,-3.0,19.0,True
4355,-7.0,19.0,True
4356,-4.0,19.0,True
4357,-6.0,19.0,True
4358,2.0,19.0,False
4359,-1.0,19.0,True
4360,-5.0,19.0,True
4361,5.0,19.0,True
4362,-7.0,19.0,True
4363,-5.0,19.0,True
4364,-4.0,19.0,False
4365,-7.0,19.0,True
4366,5.0,19.0,True
4367,-4.0,19.0,False
4368,-4.0,19.0,True
4369,-3.0,19.0,True
4370,-3.0,19.0,True
4371,-4.0,19.0,True
4372,-2.0,19.0,True
4373,-6.0,19.0,True
4374,-7.0,19.0,True
4375,-8.0,19.0,True
4376,-10.0,19.0,True
4377,-8.0,19.0,True
4378,-4.0,19.0,False
4379,-4.0,19.0,True
4380,-3.0,19.0,True
4381,-9.0,19.0,True
4382,-2.0,19.0,True
4383,-8.0,19.0,True
4384,-5.0,19.0,True
4385,-4.0,19.0,True
4386,-2.0,19.0,True
4387,-2.0,19.0,False
4388,-7.0,19.0,True
4389,-7.0,19.0,True
4390,-1.0,19.0,True
4391,-5.0,19.0,True
4392,-6.0,19.0,True
4393,-8.0,19.0,True
4394,-3.0,19.0,True
4395,-3.0,19.0,True
4396,-2.0,19.0,True
4397,-5.0,19.0,False
4398,-8.0,19.0,True
4399,-5.0,19.0,True
4400,-6.0,19.0,True
4401,-7.0,19.0,False
4402,-2.0,19.0,False
4403,-4.0,19.0,True
4404,-1.0,19.0,True
4405,-2.0,19.0,True
4406,-1.0,19.0,True
4407,1.0,19.0,True
4408,2.0,19.0,True
4409,-4.0,19.0,True
4410,0.0,19.0,True
4411,-4.0,19.0,True
4412,2.0,19.0,True
4413,2.0,19.0,True
4414,1.0,19.0,True
4415,-3.0,19.0,True
4416,-7.0,19.0,True
4417,-9.0,19.0,True
4418,-1.0,19.0,True
4419,-6.0,19.0,True
4420,-8.0,19.0,True
4421,-5.0,19.0,True
4422,-4.0,19.0,False
4423,-3.0,19.0,True
4424,-3.0,19.0,True
4425,1.0,19.0,True
4426,-1.0,19.0,True
4427,-1.0,19.0,True
4428,-3.0,19.0,True
4429,-2.0,19.0,True
4430,1.0,19.0,True
4431,-5.0,19.0,False
4432,5.0,19.0,True
4433,-4.0,19.0,True
4434,1.0,19.0,True
4435,-1.0,19.0,True
4436,2.0,19.0,True
4437,-6.0,19.0,True
4438,4.0,19.0,True
4439,-7.0,19.0,True
4440,-5.0,19.0,True
4441,-6.0,19.0,True
4442,-5.0,19.0,True
4443,-2.0,19.0,False
4444,-4.0,19.0,True
4445,1.0,19.0,True
4446,5.0,19.0,True
4447,-6.0,19.0,True
4448,-1.0,19.0,True
4449,-4.0,19.0,True
4450,4.0,19.0,True
4451,-6.0,19.0,True
4452,-4.0,19.0,True
4453,-6.0,19.0,True
4454,4.0,19.0,True
4455,-12.0,19.0,True
4456,-4.0,19.0,True
4457,-5.0,19.0,True
4458,-2.0,19.0,True
4459,-5.0,19.0,True
4460,-6.0,19.0,True
4461,-4.0,19.0,True
4462,-3.0,19.0,True
4463,-7.0,19.0,True
4464,6.0,19.0,True
4465,-7.0,19.0,True
4466,-6.0,19.0,True
4467,-9.0,19.0,True
4468,-3.0,19.0,True
4469,-3.0,19.0,True
4470,2.0,19.0,True
4471,-7.0,19.0,True
4472,-9.0,19.0,True
4473,-4.0,19.0,True
4474,-3.0,19.0,True
4475,-5.0,19.0,False
4476,-4.0,19.0,True
4477,-4.0,19.0,True
4478,-8.0,19.0,True
4479,-2.0,19.0,True
4480,-7.0,19.0,True
4481,-2.0,19.0,False
4482,1.0,19.0,True
4483,-8.0,19.0,True
4484,1.0,19.0,True
4485,1.0,19.0,False
4486,-3.0,19.0,True
4487,-3.0,19.0,True
4488,1.0,19.0,True
4489,-1.0,19.0,True
4490,-8.0,19.0,True
4491,-5.0,19.0,True
4492,-4.0,19.0,True
4493,-1.0,19.0,True
4494,-1.0,19.0,True
4495,-6.0,19.0,True
4496,-4.0,19.0,True
4497,-4.0,19.0,True
4498,-3.0,19.0,False
4499,-2.0,19.0,True
4500,-5.0,19.0,True
4501,-4.0,19.0,True
4502,-2.0,19.0,True
4503,-1.0,19.0,True
4504,-3.0,19.0,True
4505,-7.0,19.0,True
4506,-2.0,19.0,True
4507,2.0,19.0,True
4508,-6.0,19.0,True
4509,-1.0,19.0,True
4510,3.0,19.0,False
4511,-7.0,19.0,True
4512,-7.0,19.0,True
4513,-3.0,19.0,True
4514,-8.0,19.0,True
4515,-2.0,19.0,True
4516,-4.0,19.0,True
4517,4.0,19.0,True
4518,-1.0,19.0,True
4519,-5.0,19.0,True
4520,1.0,19.0,True
4521,-2.0,19.0,True
4522,-6.0,19.0,True
4523,-2.0,19.0,True
4524,-5.0,19.0,True
4525,-3.0,19.0,True
4526,-1.0,19.0,True
4527,-4.0,19.0,True
4528,-2.0,19.0,False
4529,-4.0,19.0,True
4530,2.0,19.0,True
4531,-2.0,19.0,True
4532,-4.0,19.0,True
4533,-6.0,19.0,True
4534,2.0,19.0,False
4535,-4.0,19.0,True
4536,1.0,19.0,True
4537,-7.0,19.0,True
4538,-5.0,19.0,True
4539,-6.0,19.0,True
4540,-7.0,19.0,True
4541,-5.0,19.0,True
4542,-3.0,19.0,True
4543,-5.0,19.0,False
4544,5.0,19.0,True
4545,-5.0,19.0,True
4546,-1.0,19.0,True
4547,-6.0,19.0,True
4548,-3.0,19.0,False
4549,-4.0,19.0,False
4550,-4.0,19.0,True
4551,-8.0,19.0,True
4552,1.0,19.0,False
4553,-1.0,19.0,True
4554,3.0,19.0,True
4555,-8.0,19.0,True
4556,-7.0,19.0,True
4557,-4.0,19.0,True
4558,1.0,19.0,True
4559,-3.0,19.0,True
4560,-10.0,19.0,True
4561,-1.0,19.0,True
4562,1.0,19.0,True
4563,0.0,19.0,True
4564,-8.0,19.0,True
4565,-4.0,19.0,True
4566,-6.0,19.0,True
4567,-7.0,19.0,True
4568,1.0,19.0,True
4569,-2.0,19.0,True
4570,-7.0,19.0,True
4571,-6.0,19.0,True
4572,4.0,19.0,True
4573,-4.0,19.0,True
4574,2.0,19.0,True
4575,-3.0,19.0,True
4576,-6.0,19.0,True
4577,-6.0,19.0,True
4578,-10.0,19.0,True
4579,-1.0,19.0,True
4580,-6.0,19.0,True
4581,-6.0,19.0,True
4582,-3.0,19.0,True
4583,-6.0,19.0,True
4584,-8.0,19.0,True
4585,-4.0,19.0,True
4586,-5.0,19.0,True
4587,-8.0,19.0,False
4588,-9.0,19.0,True
4589,-7.0,19.0,True
4590,3.0,19.0,True
4591,-10.0,19.0,True
4592,-3.0,19.0,False
4593,-5.0,19.0,True
4594,-6.0,19.0,True
4595,2.0,19.0,False
4596,-5.0,19.0,True
4597,3.0,19.0,True
4598,-8.0,19.0,True
4599,-3.0,19.0,True
4600,-3.0,19.0,True
4601,-4.0,19.0,True
4602,-7.0,19.0,True
4603,-4.0,19.0,True
4604,-9.0,19.0,True
4605,-3.0,19.0,True
4606,3.0,19.0,True
4607,-6.0,19.0,True
4608,-9.0,19.0,True
4609,-11.0,19.0,True
4610,-3.0,19.0,True
4611,-5.0,19.0,True
4612,-5.0,19.0,True
4613,-5.0,19.0,True
4614,-9.0,19.0,True
4615,-5.0,19.0,False
4616,-6.0,19.0,True
4617,-4.0,19.0,True
4618,-7.0,19.0,True
4619,-5.0,19.0,True
4620,-6.0,19.0,True
4621,-6.0,19.0,True
4622,-10.0,19.0,True
4623,-3.0,19.0,True
4624,-1.0,19.0,True
4625,3.0,19.0,True
4626,-5.0,19.0,True
4627,-6.0,19.0,False
4628,3.0,19.0,True
4629,-4.0,19.0,True
4630,-4.0,19.0,True
4631,-4.0,19.0,False
4632,-1.0,19.0,True
4633,-5.0,19.0,True
4634,-5.0,19.0,False
4635,1.0,19.0,True
4636,2.0,19.0,True
4637,-5.0,19.0,True
4638,8.0,19.0,True
4639,-7.0,19.0,True
4640,-6.0,19.0,True
4641,-7.0,19.0,True
4642,3.0,19.0,True
4643,2.0,19.0,False
4644,-1.0,19.0,True
4645,-5.0,19.0,True
4646,-1.0,19.0,True
4647,1.0,19.0,True
4648,-4.0,19.0,True
4649,-9.0,19.0,True
4650,-7.0,19.0,True
4651,-6.0,19.0,True
4652,-5.0,19.0,False
4653,-5.0,19.0,True
4654,-3.0,19.0,True
4655,3.0,19.0,False
4656,-7.0,19.0,True
4657,-9.0,19.0,True
4658,-9.0,19.0,True
4659,-2.0,19.0,True
4660,-5.0,19.0,True
4661,-9.0,19.0,True
4662,-6.0,19.0,True
4663,-7.0,19.0,True
4664,-4.0,19.0,True
4665,-2.0,19.0,False
4666,-4.0,19.0,False
4667,-6.0,19.0,True
4668,-3.0,19.0,True
4669,-6.0,19.0,True
4670,-6.0,19.0,True
4671,-1.0,19.0,True
4672,-5.0,19.0,True
4673,-4.0,19.0,True
4674,0.0,19.0,True
4675,-5.0,19.0,False
4676,1.0,19.0,True
4677,-6.0,19.0,True
4678,-3.0,19.0,True
4679,7.0,19.0,True
4680,-6.0,19.0,True
4681,-5.0,19.0,True
4682,-3.0,19.0,True
4683,-2.0,19.0,True
4684,-2.0,19.0,True
4685,0.0,19.0,True
4686,-7.0,19.0,True
4687,-4.0,19.0,True
4688,-6.0,19.0,True
4689,-4.0,19.0,True
4690,2.0,19.0,True
4691,3.0,19.0,True
4692,-8.0,19.0,False
4693,4.0,19.0,True
4694,-7.0,19.0,True
4695,-6.0,19.0,True
4696,-2.0,19.0,True
4697,1.0,19.0,False
4698,-7.0,19.0,True
4699,-1.0,19.0,True
4700,-9.0,19.0,True
4701,-7.0,19.0,True
4702,4.0,19.0,True
4703,-9.0,19.0,True
4704,-3.0,19.0,True
4705,-7.0,19.0,False
4706,-7.0,19.0,True
4707,-5.0,19.0,True
4708,-10.0,19.0,True
4709,-6.0,19.0,True
4710,-6.0,19.0,True
4711,2.0,19.0,True
4712,-4.0,19.0,True
4713,-5.0,19.0,True
4714,-1.0,19.0,True
4715,-8.0,19.0,True
4716,-1.0,19.0,True
4717,-3.0,19.0,True
4718,-3.0,19.0,True
4719,1.0,19.0,True
4720,-8.0,19.0,True
4721,-3.0,19.0,True
4722,3.0,19.0,True
4723,-5.0,19.0,True
4724,-8.0,19.0,False
4725,-6.0,19.0,True
4726,-8.0,19.0,True
4727,-5.0,19.0,True
4728,-2.0,19.0,True
4729,-6.0,19.0,True
4730,-4.0,19.0,True
4731,-8.0,19.0,True
4732,-3.0,19.0,False
4733,3.0,19.0,True
4734,-6.0,19.0,True
4735,-4.0,19.0,True
4736,-2.0,19.0,True
4737,-3.0,19.0,True
4738,5.0,19.0,True
4739,4.0,19.0,False
4740,3.0,19.0,True
4741,-8.0,19.0,True
4742,0.0,19.0,True
4743,-7.0,19.0,True
4744,-6.0,19.0,True
4745,-5.0,19.0,True
4746,-10.0,19.0,False
4747,-4.0,19.0,True
4748,-2.0,19.0,True
4749,-5.0,19.0,False
4750,-6.0,19.0,True
4751,-5.0,19.0,True
4752,-10.0,19.0,True
4753,-3.0,19.0,True
4754,1.0,19.0,True
4755,-6.0,19.0,False
4756,-3.0,19.0,True
4757,2.0,19.0,False
4758,-2.0,19.0,True
4759,1.0,19.0,True
4760,12.0,19.0,True
4761,-10.0,19.0,True
4762,-1.0,19.0,True
4763,2.0,19.0,False
4764,-8.0,19.0,True
4765,-4.0,19.0,True
4766,-1.0,19.0,True
4767,-7.0,19.0,True
4768,-10.0,19.0,True
4769,-3.0,19.0,True
4770,-4.0,19.0,True
4771,-8.0,19.0,True
4772,2.0,19.0,False
4773,-10.0,19.0,True
4774,-9.0,19.0,True
4775,-3.0,19.0,True
4776,-6.0,19.0,True
4777,-2.0,19.0,True
4778,-4.0,19.0,True
4779,-7.0,19.0,True
4780,-5.0,19.0,True
4781,-7.0,19.0,True
4782,-2.0,19.0,True
4783,-1.0,19.0,True
4784,-8.0,19.0,True
4785,-2.0,19.0,True
4786,-5.0,19.0,True
4787,-1.0,19.0,True
4788,-9.0,19.0,True
4789,-3.0,19.0,True
4790,1.0,19.0,True
4791,-1.0,19.0,False
4792,-5.0,19.0,True
4793,-5.0,19.0,True
4794,-6.0,19.0,True
4795,-6.0,19.0,True
4796,-5.0,19.0,True
4797,-6.0,19.0,True
4798,-4.0,19.0,True
4799,-4.0,19.0,True
4800,-6.0,19.0,True
4801,-2.0,19.0,True
4802,-6.0,19.0,True
4803,-8.0,19.0,True
4804,-5.0,19.0,False
4805,-7.0,19.0,True
4806,-5.0,19.0,True
4807,-4.0,19.0,True
4808,-5.0,19.0,True
4809,-4.0,19.0,True
4810,6.0,19.0,True
4811,-1.0,19.0,True
4812,-5.0,19.0,True
4813,-5.0,19.0,False
4814,2.0,19.0,True
4815,-2.0,19.0,True
4816,-5.0,19.0,True
4817,-6.0,19.0,True
4818,-3.0,19.0,True
4819,-5.0,19.0,True
4820,-3.0,19.0,True
4821,-5.0,19.0,True
4822,-6.0,19.0,False
4823,-3.0,19.0,True
4824,-3.0,19.0,True
4825,-3.0,19.0,True
4826,-3.0,19.0,True
4827,-12.0,19.0,True
4828,-1.0,19.0,True
4829,1.0,19.0,True
4830,-3.0,19.0,False
4831,-2.0,19.0,True
4832,-3.0,19.0,True
4833,-4.0,19.0,True
4834,-3.0,19.0,True
4835,1.0,19.0,True
4836,-6.0,19.0,True
4837,0.0,19.0,True
4838,-5.0,19.0,True
4839,-4.0,19.0,True
4840,-2.0,19.0,False
4841,3.0,19.0,True
4842,-4.0,19.0,True
4843,-6.0,19.0,True
4844,1.0,19.0,True
4845,-5.0,19.0,True
4846,-3.0,19.0,True
4847,-7.0,19.0,False
4848,-6.0,19.0,True
4849,-5.0,19.0,True
4850,-3.0,19.0,True
4851,-6.0,19.0,True
4852,2.0,19.0,True
4853,-4.0,19.0,True
4854,-2.0,19.0,True
4855,-3.0,19.0,False
4856,-3.0,19.0,True
4857,-8.0,19.0,True
4858,-5.0,19.0,True
4859,-6.0,19.0,True
4860,-6.0,19.0,True
4861,7.0,19.0,True
4862,-1.0,19.0,True
4863,7.0,19.0,True
4864,-3.0,19.0,True
4865,-5.0,19.0,True
4866,-6.0,19.0,True
4867,-5.0,19.0,True
4868,-1.0,19.0,True
4869,-1.0,19.0,True
4870,-5.0,19.0,True
4871,-8.0,19.0,True
4872,-6.0,19.0,True
4873,0.0,19.0,True
4874,-8.0,19.0,True
4875,-3.0,19.0,False
4876,-3.0,19.0,True
4877,4.0,19.0,True
4878,-6.0,19.0,True
4879,-4.0,19.0,True
4880,5.0,19.0,False
4881,-3.0,19.0,True
4882,-8.0,19.0,True
4883,-3.0,19.0,True
4884,-3.0,19.0,True
4885,-3.0,19.0,True
4886,-5.0,19.0,True
4887,-1.0,19.0,False
4888,-2.0,19.0,True
4889,3.0,19.0,False
4890,-3.0,19.0,True
4891,-1.0,19.0,True
4892,-4.0,19.0,True
4893,-1.0,19.0,True
4894,-1.0,19.0,True
4895,-4.0,19.0,True
4896,-6.0,19.0,False
4897,-7.0,19.0,True
4898,4.0,19.0,False
4899,-5.0,19.0,True
4900,-5.0,19.0,True
4901,-4.0,19.0,True
4902,-3.0,19.0,True
4903,-7.0,19.0,True
4904,-2.0,19.0,True
4905,-7.0,19.0,True
4906,-4.0,19.0,True
4907,-4.0,19.0,True
4908,-2.0,19.0,False
4909,-1.0,19.0,True
4910,-3.0,19.0,True
4911,-5.0,19.0,True
4912,-1.0,19.0,True
4913,-4.0,19.0,True
4914,-3.0,19.0,True
4915,-4.0,19.0,True
4916,3.0,19.0,True
4917,-8.0,19.0,True
4918,-8.0,19.0,True
4919,-5.0,19.0,True
4920,1.0,19.0,True
4921,-8.0,19.0,True
4922,-1.0,19.0,True
4923,-2.0,19.0,True
4924,-5.0,19.0,True
4925,-5.0,19.0,False
4926,2.0,19.0,False
4927,-7.0,19.0,True
4928,-9.0,19.0,True
4929,-6.0,19.0,True
4930,-2.0,19.0,True
4931,-5.0,19.0,True
4932,-1.0,19.0,True
4933,5.0,19.0,True
4934,-7.0,19.0,True
4935,-1.0,19.0,True
4936,1.0,19.0,False
4937,1.0,19.0,True
4938,-7.0,19.0,True
4939,-3.0,19.0,True
4940,-4.0,19.0,True
4941,-2.0,19.0,True
4942,-5.0,19.0,True
4943,2.0,19.0,True
4944,-4.0,19.0,True
4945,-10.0,19.0,True
4946,-4.0,19.0,True
4947,1.0,19.0,True
4948,-4.0,19.0,True
4949,-4.0,19.0,True
4950,3.0,19.0,True
4951,-7.0,19.0,True
4952,-2.0,19.0,True
4953,-7.0,19.0,True
4954,-4.0,19.0,True
4955,-8.0,19.0,True
4956,-7.0,19.0,True
4957,-5.0,19.0,True
4958,-8.0,19.0,True
4959,-5.0,19.0,True
4960,-9.0,19.0,True
4961,-6.0,19.0,True
4962,-1.0,19.0,True
4963,-4.0,19.0,True
4964,-7.0,19.0,True
4965,1.0,19.0,True
4966,0.0,19.0,True
4967,0.0,19.0,True
4968,-4.0,19.0,True
4969,-5.0,19.0,True
4970,1.0,19.0,True
4971,-7.0,19.0,True
4972,-5.0,19.0,True
4973,-6.0,19.0,True
4974,-4.0,19.0,True
4975,-5.0,19.0,True
4976,-4.0,19.0,True
4977,1.0,19.0,True
4978,-4.0,19.0,True
4979,1.0,19.0,True
4980,-2.0,19.0,True
4981,-8.0,19.0,True
4982,-9.0,19.0,True
4983,-10.0,19.0,True
4984,1.0,19.0,True
4985,-5.0,19.0,True
4986,-1.0,19.0,False
4987,-5.0,19.0,True
4988,-7.0,19.0,True
4989,-3.0,19.0,True
4990,-6.0,19.0,True
4991,-6.0,19.0,True
4992,-6.0,19.0,False
4993,-7.0,19.0,True
4994,-7.0,19.0,True
4995,-4.0,19.0,True
4996,-4.0,19.0,True
4997,2.0,19.0,True
4998,-4.0,19.0,False
4999,-4.0,19.0,True
