0
127
12
10
48
40
2
106
98
11
12
35
6
16
125
10
39
86
11
64
19
6
104
44
8
25
101
1
96
129
0
20
98
4
26
43
9
136
108
0
69
54
7
54
123
7
110
18
4
30
28
10
128
22
6
41
1
0
33
25
8
26
1
10
131
78
3
1
27
0
97
82
8
20
17
11
51
137
8
126
33
7
126
150
1
10
132
6
65
149
11
140
116
8
11
103
3
49
41
6
55
143
5
10
122
11
25
133
11
71
128
10
48
30
4
24
48
2
138
33
7
45
113
4
89
56
4
83
11
5
133
64
4
114
82
3
78
45
6
90
6
4
13
75
9
66
109
3
98
136
5
83
93
7
5
96
11
134
66
2
37
35
3
76
103
7
79
50
7
117
40
2
117
174
6
96
81
8
14
16
11
36
53
9
127
152
11
103
184
2
147
176
1
142
80
11
145
99
5
119
71
7
111
113
7
123
63
5
75
130
11
43
132
4
191
32
4
51
38
3
57
76
6
15
117
4
116
54
8
93
198
3
155
198
2
112
165
7
183
170
4
10
30
2
45
136
2
32
187
9
11
41
1
201
98
4
61
169
6
136
84
6
38
200
0
104
213
11
95
44
2
165
89
8
170
38
2
172
166
10
154
77
0
32
148
9
219
136
9
197
169
10
78
22
2
69
169
6
141
130
3
115
87
8
144
186
6
105
144
7
155
139
2
137
217
0
72
53
3
196
104
1
37
162
1
64
154
6
130
157
9
34
215
7
161
137
10
102
218
0
43
43
7
65
14
3
19
143
11
130
23
0
138
60
3
195
63
0
49
136
1
240
141
11
54
182
6
57
213
3
163
147
8
74
71
7
221
239
7
60
24
11
237
120
6
132
110
4
21
71
4
103
142
6
206
170
3
173
133
9
4
253
3
132
256
0
167
228
1
124
168
3
30
70
4
185
49
0
203
2
3
46
255
1
85
65
10
262
255
8
126
117
11
253
200
6
35
202
2
12
225
3
41
174
0
105
38
2
65
137
11
187
233
3
124
57
11
25
89
8
222
166
10
179
204
0
61
77
6
235
29
1
24
76
2
119
224
9
170
251
10
270
8
8
264
139
1
52
148
5
259
47
10
70
156
10
224
11
2
281
183
8
57
145
3
168
58
3
226
215
4
91
169
1
241
255
8
255
26
7
261
189
10
52
110
6
232
186
6
36
74
11
259
5
11
235
281
7
137
195
11
300
3
7
183
10
2
126
170
9
104
87
8
192
280
4
222
116
8
0
70
4
226
201
3
313
208
11
141
254
6
205
116
4
247
223
8
3
18
2
86
21
7
159
305
5
175
216
4
301
64
0
218
169
7
137
44
6
280
23
1
182
298
2
176
316
2
115
301
8
287
4
0
96
247
2
138
271
0
317
121
11
40
79
1
308
205
11
16
81
3
9
13
2
1
282
0
199
75
7
120
231
4
176
297
4
184
169
6
65
23
0
36
139
8
326
5
5
172
119
1
10
278
5
96
324
8
203
330
4
334
240
10
212
247
6
23
117
7
300
78
3
346
123
8
54
318
11
38
312
5
0
156
11
166
336
1
139
44
4
166
56
7
210
98
8
318
242
1
321
158
6
173
77
5
70
74
5
5
31
3
54
44
11
149
324
6
363
249
7
82
324
3
131
13
8
240
111
8
48
259
9
337
304
4
226
306
11
60
351
10
262
133
6
222
8
1
252
216
7
341
334
0
324
182
11
216
364
8
277
92
5
221
204
5
344
331
1
348
72
5
63
59
1
32
30
2
365
93
0
320
55
2
207
303
6
123
10
8
275
367
9
53
165
4
36
107
2
123
174
11
96
143
0
24
168
5
368
358
10
230
366
4
225
181
5
401
43
9
287
190
8
109
379
10
200
190
6
171
215
5
361
188
1
7
281
8
356
7
0
104
166
10
361
369
7
55
260
2
291
101
7
306
288
10
132
55
9
89
38
8
63
206
2
166
131
11
241
173
8
245
234
11
152
274
10
189
215
9
139
61
6
255
155
6
396
220
11
298
21
9
348
99
6
271
74
6
388
405
10
15
15
3
198
175
2
27
19
9
316
333
6
8
33
5
404
302
10
386
60
4
398
437
2
291
212
7
416
305
8
115
195
8
169
387
5
180
366
8
417
162
11
89
76
8
57
60
2
300
177
9
347
430
4
31
281
2
226
186
2
440
303
7
397
398
3
398
279
0
380
409
11
92
110
2
394
369
10
187
287
5
414
102
3
295
282
3
194
332
11
57
220
9
77
172
10
23
333
5
257
325
3
387
168
3
365
274
8
342
104
4
219
378
3
31
403
11
397
305
5
67
267
3
118
318
8
2
400
7
14
206
5
131
184
0
228
286
4
227
55
6
108
229
2
7
268
3
360
474
7
209
121
8
343
415
4
418
204
8
302
339
10
118
143
3
242
280
9
478
402
8
85
149
6
439
235
11
410
428
11
245
27
1
154
158
9
378
280
9
433
205
4
145
234
7
237
251
1
93
41
5
346
234
10
355
299
9
340
116
9
404
143
9
39
334
6
380
307
11
341
341
4
25
72
4
345
411
7
240
213
3
312
142
7
322
73
9
53
295
9
213
474
4
242
330
3
322
323
1
493
207
5
280
239
0
303
232
10
290
135
8
244
193
10
442
317
5
337
89
0
274
110
2
138
189
0
280
12
0
143
79
2
446
67
6
139
196
9
437
56
5
255
486
4
56
55
0
399
376
7
119
197
3
155
338
2
65
41
10
179
156
9
405
309
6
164
440
10
496
392
11
266
317
4
439
337
10
507
305
2
188
497
10
54
397
7
196
85
10
457
64
7
120
287
1
470
521
4
165
538
5
154
225
4
143
462
9
486
372
10
166
363
0
187
190
6
233
264
8
72
367
5
246
200
10
468
493
8
74
394
7
471
362
3
258
523
6
31
201
10
64
166
3
355
20
5
399
85
3
355
265
8
489
464
1
145
463
0
370
92
7
116
250
2
65
537
3
373
337
8
126
37
4
363
67
3
383
428
0
94
47
6
221
19
5
65
213
9
440
109
10
143
460
0
363
274
4
326
32
0
157
115
11
333
534
11
397
279
3
501
519
11
157
347
11
493
387
11
397
451
5
309
395
1
28
403
7
580
161
6
562
32
9
537
21
0
479
589
2
459
146
1
211
432
11
124
528
4
149
336
11
596
85
2
115
538
0
357
200
3
401
586
5
577
362
3
433
405
10
369
491
5
36
75
0
546
440
2
81
488
11
484
222
4
338
202
0
53
92
7
332
259
11
418
410
7
36
389
1
127
198
3
190
49
11
385
390
9
398
75
3
497
51
8
469
278
5
563
490
11
602
167
1
348
141
9
99
437
3
13
48
5
624
187
1
384
177
7
264
477
11
143
198
4
545
282
4
227
626
4
275
179
0
281
623
7
69
260
10
427
45
6
545
1
6
580
582
1
336
439
1
253
454
11
311
557
3
265
273
1
151
612
7
206
117
8
67
200
6
166
165
1
329
325
2
612
191
11
396
344
0
554
573
3
377
262
0
306
336
8
448
10
11
438
92
3
184
290
8
228
48
10
80
43
5
203
390
5
396
80
6
259
260
7
235
574
7
642
637
8
111
517
5
139
483
7
550
317
9
43
266
2
333
543
0
146
186
3
350
124
1
280
243
7
66
87
4
350
249
4
491
397
9
443
347
9
647
413
11
656
642
11
299
545
4
648
271
6
303
556
4
157
101
2
456
39
2
68
463
8
318
373
1
520
540
7
598
656
9
273
470
1
312
283
10
368
376
11
640
90
3
515
57
8
484
30
0
689
273
0
17
555
9
11
608
2
446
639
5
155
304
7
507
361
0
201
390
6
575
367
5
594
413
4
222
263
9
608
528
6
421
632
10
227
350
2
407
236
10
627
24
10
576
486
10
517
230
10
242
207
6
614
357
0
365
22
9
539
282
5
76
151
3
278
690
7
476
364
2
11
429
6
685
326
2
457
367
2
422
366
10
703
649
11
99
142
10
6
113
2
11
126
10
236
106
1
629
105
1
305
453
3
47
589
7
655
584
8
616
584
153
220
25
655
542
318
