3
55
93
10
27
95
8
90
95
5
111
5
4
77
46
4
70
89
7
96
43
6
42
8
4
46
40
5
92
37
8
127
132
0
54
23
10
3
13
2
48
43
1
127
80
9
11
23
3
19
109
1
90
90
7
11
31
1
73
70
10
16
25
1
6
45
0
103
147
10
90
134
4
26
136
9
61
112
4
33
16
0
14
32
1
78
84
3
128
114
11
81
151
7
12
35
6
23
109
6
156
85
1
151
160
5
120
38
9
105
49
10
97
94
1
29
152
9
131
77
3
118
23
10
127
41
10
42
23
0
61
77
3
143
17
7
30
59
6
117
4
2
41
89
11
94
131
1
24
161
11
10
85
4
110
140
11
99
129
2
99
24
1
21
14
6
20
77
11
110
60
6
26
136
11
70
12
9
95
131
5
149
125
7
185
137
4
144
108
9
116
91
0
187
133
9
64
148
0
151
117
10
179
191
6
4
19
6
0
127
1
150
185
1
192
195
8
108
12
11
164
157
5
105
133
8
74
42
1
32
3
1
106
149
0
0
83
2
177
56
11
58
191
11
126
120
8
135
187
1
50
204
7
207
103
4
108
20
0
64
204
6
41
151
9
164
136
11
16
170
2
128
155
5
199
210
4
157
11
7
138
137
6
15
138
3
211
220
0
167
101
8
70
176
9
32
148
7
29
87
7
92
133
3
29
20
6
203
94
3
9
179
6
223
18
10
35
123
4
176
127
4
79
27
9
82
227
5
218
12
10
198
151
2
186
30
7
138
85
0
24
217
5
192
34
0
195
242
9
197
102
9
224
128
1
41
108
6
86
1
8
172
88
2
28
188
8
226
39
5
127
78
2
88
200
9
47
44
6
93
114
10
147
197
9
24
137
9
180
256
11
113
195
11
152
170
8
74
85
5
241
196
2
79
105
8
69
59
3
66
254
8
219
243
5
177
255
7
205
200
9
95
7
9
163
135
9
57
220
9
173
223
3
218
90
0
173
249
7
86
238
4
248
203
5
220
155
3
56
164
1
185
96
11
245
177
2
200
249
7
254
232
5
68
66
9
105
152
10
255
269
0
240
161
11
174
117
10
129
283
10
154
36
10
232
264
7
247
157
5
106
28
5
87
229
9
242
17
3
15
166
10
279
72
5
89
94
9
293
101
3
181
30
0
37
229
10
34
72
2
105
18
4
70
175
6
295
287
4
30
272
7
101
171
2
138
65
7
277
232
6
125
221
6
152
9
9
247
75
9
234
102
7
218
154
3
176
47
2
301
125
3
165
228
9
107
280
7
270
223
5
233
111
0
35
278
10
162
201
4
32
249
8
8
230
11
240
78
0
192
122
3
210
211
9
42
79
6
146
162
1
51
60
3
213
44
1
298
52
0
48
44
2
20
61
4
159
225
6
131
325
5
91
158
1
307
211
2
70
116
7
236
78
5
16
335
2
13
280
6
78
150
9
212
137
7
85
94
9
310
117
7
17
3
1
248
8
5
238
307
8
320
214
0
76
296
4
90
1
3
235
179
6
267
178
11
87
349
2
300
251
0
232
34
6
156
335
9
316
194
6
25
56
1
226
68
1
265
199
6
287
95
1
249
133
7
128
77
0
26
320
2
181
38
5
349
343
9
150
7
1
27
302
9
52
244
7
43
125
1
313
287
8
148
148
8
345
329
5
27
231
6
31
232
7
39
309
3
250
222
8
104
308
5
5
73
11
152
205
2
330
198
2
307
173
7
361
281
9
173
98
3
217
361
5
357
13
3
257
113
10
338
3
9
156
328
10
211
175
11
250
164
4
17
353
7
15
45
10
325
389
11
23
133
2
148
44
1
340
61
11
357
41
6
87
274
4
111
69
4
249
28
3
116
96
1
200
79
11
259
260
5
190
42
0
53
47
7
58
335
7
143
387
7
279
124
9
334
223
6
14
174
11
88
273
7
275
276
8
42
115
0
329
26
6
376
28
9
17
371
9
392
381
0
357
93
2
64
416
7
294
255
5
152
43
8
415
340
9
163
264
3
264
170
3
416
170
3
48
0
6
180
234
0
412
250
2
255
413
10
268
216
11
60
76
10
27
30
5
342
304
0
143
214
11
407
274
0
296
28
5
91
175
0
262
195
1
245
282
7
316
392
3
434
91
11
261
40
8
255
302
1
191
380
0
78
136
6
52
406
4
204
433
11
253
184
3
51
132
11
420
272
11
342
253
6
96
356
10
44
404
10
108
273
1
289
5
11
11
73
0
59
120
9
310
76
8
348
98
4
31
346
8
108
303
11
339
350
7
18
155
0
148
53
3
28
75
5
48
204
9
284
232
3
464
202
11
378
468
3
246
84
11
113
441
6
421
131
5
110
295
3
347
287
2
136
238
8
197
331
5
90
434
9
149
454
11
458
305
2
282
261
6
443
480
0
222
462
5
414
405
4
381
226
2
384
176
11
131
118
7
306
220
10
475
1
9
332
436
5
196
341
6
143
412
2
267
266
1
397
66
7
178
123
8
204
381
2
70
286
11
275
229
5
413
368
10
331
198
2
214
324
10
280
303
5
224
278
10
183
503
1
147
263
4
363
78
4
243
460
3
444
438
7
289
60
6
97
131
8
348
70
1
56
11
4
418
369
11
193
410
2
143
235
6
37
351
3
509
320
10
398
47
10
454
100
1
436
27
2
436
20
9
433
187
11
111
244
1
102
475
0
463
96
6
221
51
10
426
193
7
31
392
9
132
336
3
180
420
8
382
12
3
131
432
10
369
407
10
398
68
4
297
439
7
346
501
3
300
490
8
141
223
6
276
415
6
492
334
4
514
108
7
486
297
8
514
308
0
533
26
7
272
84
11
85
171
10
102
508
1
16
347
0
500
460
3
35
349
6
17
53
11
483
96
11
373
512
2
246
145
7
370
551
2
333
296
1
475
56
5
476
205
2
147
33
2
499
72
11
505
416
2
5
489
9
554
156
10
265
330
0
13
449
9
427
353
0
467
351
2
98
51
9
46
8
1
62
333
6
145
53
3
524
528
0
287
545
2
541
353
5
63
563
3
542
470
10
289
7
3
498
228
11
411
173
6
276
208
9
87
131
0
144
576
0
19
40
8
73
396
1
68
256
0
283
20
3
374
407
11
97
57
3
134
336
0
491
130
10
349
152
9
584
389
4
506
441
10
95
141
4
171
159
0
29
339
5
167
195
5
70
443
5
498
194
11
23
185
5
289
481
6
246
596
1
503
520
7
195
231
6
303
171
2
124
2
6
459
104
8
268
502
6
189
524
6
81
307
8
542
555
11
16
73
5
381
585
0
261
593
10
58
61
11
4
502
0
514
328
8
56
46
10
340
529
8
337
206
0
530
443
5
237
433
5
600
326
5
387
619
3
235
99
2
108
233
5
346
530
10
99
167
3
336
417
1
107
186
7
420
597
3
173
611
3
87
491
7
150
206
8
197
86
11
594
42
11
304
635
10
143
257
1
75
352
2
399
256
6
257
567
8
1
194
9
115
240
1
602
81
11
398
395
2
378
105
9
549
245
2
278
485
7
113
62
7
135
647
9
195
77
0
578
82
11
480
50
10
181
536
6
322
303
4
568
307
10
115
210
11
268
22
3
81
508
7
41
487
6
615
505
4
441
600
7
425
534
5
3
47
0
580
116
1
306
644
10
84
637
7
112
647
5
566
180
8
518
362
0
163
442
2
634
477
0
269
10
6
447
544
5
162
77
7
549
421
8
216
301
7
101
624
5
504
323
10
592
285
2
483
318
2
474
335
0
625
144
5
52
77
6
649
21
3
337
336
5
673
676
7
279
269
11
497
588
8
488
243
4
226
240
11
411
645
10
205
501
10
92
228
8
672
529
3
253
124
1
401
96
0
278
659
2
653
692
10
675
429
7
400
393
9
514
73
1
432
446
5
194
546
6
182
80
7
606
585
11
447
6
2
474
175
9
315
392
7
90
110
5
385
392
5
570
682
3
160
507
3
70
526
6
169
58
8
700
685
3
432
128
10
99
258
4
24
319
2
16
576
2
135
545
7
709
166
0
360
90
10
482
365
5
81
48
5
643
246
11
352
484
166
254
676
42
106
264
400
