3
29
20
3
1
84
0
51
71
1
80
39
2
94
36
2
50
49
1
125
70
3
72
49
2
3
50
3
37
31
0
15
8
2
91
79
2
126
23
2
112
100
0
59
116
2
70
84
0
127
99
1
120
113
3
87
103
1
126
19
2
20
99
3
76
8
0
92
142
1
115
124
0
142
23
2
134
96
0
80
3
2
143
6
0
101
106
2
92
120
1
96
32
2
125
17
0
16
37
2
6
12
1
6
156
3
23
151
3
23
24
1
162
91
2
142
160
2
99
84
3
159
160
1
11
18
0
95
122
2
16
62
1
103
95
1
91
126
2
47
50
0
120
169
2
19
154
2
160
65
2
21
86
2
86
41
1
69
98
0
96
174
0
40
170
1
118
168
0
33
52
0
14
11
3
37
108
1
57
55
2
5
71
3
63
171
3
95
14
3
133
108
0
37
128
1
173
152
0
184
24
0
111
56
2
179
125
0
146
44
3
28
158
2
138
53
1
133
113
0
71
60
3
54
69
3
196
202
2
85
24
1
151
124
3
185
137
0
84
30
2
138
157
2
19
172
1
0
18
1
122
57
0
20
169
1
197
31
2
59
212
3
50
135
3
114
4
0
95
54
0
217
75
2
45
203
2
80
57
3
63
166
3
161
54
1
122
154
3
3
48
2
92
145
1
158
125
3
116
116
3
56
86
3
37
67
2
134
93
2
14
98
0
106
160
3
172
33
3
135
67
0
212
44
1
155
126
3
111
11
0
58
138
1
89
120
1
182
67
2
113
110
1
163
111
2
93
46
3
14
32
3
152
224
1
159
149
1
163
239
0
74
165
2
115
81
3
134
209
1
236
139
2
108
40
1
1
155
1
13
116
0
102
250
3
196
175
3
2
186
2
243
160
2
104
119
3
122
73
3
107
21
0
16
123
3
39
32
0
195
102
2
169
76
1
121
9
1
192
195
3
9
249
0
143
203
3
257
84
1
235
175
0
137
226
0
154
123
0
259
144
3
174
139
3
86
256
2
265
36
0
67
133
3
210
153
0
265
61
3
125
129
3
180
246
1
160
67
0
111
31
3
258
174
3
198
219
1
72
131
1
55
58
3
231
176
1
184
119
1
185
19
2
259
179
2
89
138
2
150
52
3
41
128
3
94
173
0
186
124
1
184
74
1
257
298
1
68
131
1
61
10
2
23
174
3
143
142
0
81
126
3
54
55
2
0
221
1
303
306
2
27
166
0
77
53
2
91
280
3
302
145
3
277
48
1
306
111
1
238
282
1
252
256
2
183
112
0
126
218
3
136
286
2
276
199
2
288
15
0
305
186
0
28
108
0
319
93
0
30
272
1
219
157
3
95
259
1
68
182
3
291
212
3
198
147
0
60
210
3
77
284
2
173
85
3
324
330
3
241
145
3
18
307
0
256
140
1
9
328
3
204
63
3
63
43
3
303
76
1
133
271
1
272
191
3
320
151
3
322
131
2
214
230
3
144
308
3
22
236
1
85
114
1
334
28
0
206
204
3
184
184
2
169
48
3
327
245
1
147
8
2
36
306
1
17
172
3
118
50
3
257
219
2
274
39
1
183
252
3
78
67
2
221
301
3
62
26
1
95
140
1
22
201
1
32
144
1
120
263
2
88
252
0
73
52
3
300
126
0
237
279
3
116
37
0
42
14
3
99
135
2
81
360
2
225
125
1
163
76
2
250
120
0
182
173
0
305
234
1
218
73
1
322
25
3
220
5
3
333
170
0
189
212
2
327
189
0
7
231
2
51
123
2
334
132
1
312
318
3
388
58
1
180
163
3
63
108
2
302
3
2
162
266
3
363
162
2
189
295
2
286
25
2
27
110
1
287
246
2
230
284
0
197
180
3
237
366
3
111
44
1
204
336
2
260
261
3
283
88
1
369
221
2
103
298
1
64
13
1
382
109
1
313
382
0
288
249
0
78
264
3
261
201
2
296
142
3
37
11
2
324
116
1
179
289
2
328
329
2
206
344
0
331
327
0
102
333
2
238
124
2
421
303
3
14
369
0
419
202
0
193
228
2
288
120
2
76
78
0
367
382
3
29
123
1
306
332
2
5
427
0
23
155
3
367
398
3
413
376
2
378
69
0
286
56
1
45
144
0
120
176
3
30
195
1
341
441
2
104
406
3
228
309
2
41
282
0
322
177
2
124
34
1
241
238
3
441
262
3
298
388
1
169
268
0
293
446
0
328
347
1
37
282
3
327
108
2
440
252
3
223
128
3
413
300
0
457
237
3
171
337
1
241
100
2
397
160
0
149
21
1
364
258
0
447
132
0
317
214
1
467
3
0
456
343
0
36
160
0
176
119
2
406
399
3
405
363
2
272
248
0
424
240
2
314
179
1
335
279
0
146
257
3
128
323
1
412
396
1
394
171
1
190
339
3
461
466
3
321
220
3
233
128
2
239
466
3
10
394
2
358
232
3
77
301
2
34
28
1
490
47
1
289
38
0
370
286
2
409
381
0
305
363
2
233
166
0
490
61
2
232
424
1
153
91
2
38
327
1
80
7
3
324
46
1
92
306
1
364
478
0
402
91
0
460
224
3
255
176
0
136
108
1
289
507
2
369
86
2
109
426
2
182
351
2
18
209
1
472
374
3
226
193
0
353
203
3
287
491
1
406
457
0
240
162
2
160
426
1
196
473
3
311
484
1
203
123
1
264
170
3
142
226
2
372
487
1
508
149
3
374
103
0
413
483
1
202
344
1
235
3
3
97
343
1
461
259
0
327
120
1
76
20
1
5
121
2
155
405
2
301
470
0
241
96
0
49
397
0
459
7
1
512
326
2
93
380
2
248
62
1
277
207
0
144
265
0
49
436
1
435
52
2
297
396
3
245
0
1
463
443
1
449
199
1
27
507
1
355
486
1
148
369
1
555
2
0
29
135
0
322
231
3
116
477
2
169
538
0
69
378
2
191
444
0
537
339
2
85
489
3
488
397
0
204
15
0
474
117
3
188
322
0
165
466
0
196
49
1
47
134
1
170
461
3
229
46
2
416
376
3
74
36
3
444
272
3
550
107
2
327
164
0
369
113
2
171
578
2
59
463
2
55
391
0
305
40
2
223
580
1
304
347
3
304
157
3
322
438
3
489
265
0
471
132
2
392
245
0
79
435
2
67
385
3
508
1
3
102
374
0
61
420
1
260
247
2
240
366
2
100
206
1
254
480
2
287
200
2
35
324
0
197
580
1
68
565
3
332
326
0
298
464
3
438
419
2
5
197
2
140
29
1
426
181
1
372
601
2
388
361
0
22
314
2
319
317
2
192
284
1
235
22
0
119
76
1
424
531
2
37
497
2
199
255
0
383
619
2
309
158
2
553
601
1
52
260
1
532
350
0
291
145
2
136
156
0
41
271
3
274
407
2
304
321
3
501
357
3
228
354
0
499
83
0
225
23
1
562
520
3
486
451
1
92
360
0
15
472
1
271
453
2
236
263
0
160
171
2
192
399
3
300
380
0
115
369
1
422
243
1
121
518
2
47
467
0
541
473
1
84
100
0
19
389
3
18
534
1
30
120
1
189
549
3
596
293
0
147
329
2
562
509
3
280
218
3
431
558
3
252
264
2
272
33
2
393
18
3
208
509
2
55
26
1
56
404
3
455
389
3
591
82
2
151
610
1
271
5
2
374
655
2
44
399
3
282
300
3
110
601
3
49
166
0
100
99
3
649
76
1
207
396
3
243
64
0
289
200
3
504
131
3
474
546
0
173
438
3
198
28
1
351
103
3
112
591
1
503
583
3
3
547
2
397
99
0
269
542
2
407
687
2
170
321
2
158
574
0
7
116
1
9
485
0
351
25
3
407
642
1
517
354
0
128
85
3
234
76
1
514
77
1
596
44
2
143
352
3
146
201
0
631
651
0
696
444
1
174
62
1
704
85
0
439
149
3
101
490
0
412
507
3
148
679
0
351
186
3
429
283
2
169
447
3
272
566
3
571
227
3
338
15
2
94
425
3
691
199
0
113
314
1
296
214
1
425
587
3
464
231
3
252
422
1
115
286
0
186
641
2
190
248
1
54
210
1
168
462
337
8
625
614
533
686
480
