11
61
121
3
16
104
2
83
124
2
44
79
8
102
94
4
78
31
10
58
58
8
112
2
7
134
59
2
135
55
8
120
12
4
126
106
1
63
54
1
25
58
4
85
138
8
116
82
8
107
125
8
42
69
3
71
35
1
34
8
1
138
92
8
90
69
5
50
29
3
47
139
2
40
92
2
120
86
6
8
98
4
0
74
0
90
117
6
121
134
7
146
122
4
119
19
1
131
76
6
13
86
4
72
46
1
128
7
9
125
41
5
105
132
11
97
73
8
145
14
3
103
9
1
79
163
9
70
135
2
38
141
5
35
143
0
77
49
3
146
99
4
146
36
6
129
23
2
4
49
5
176
101
4
160
85
8
146
136
5
12
171
4
56
83
3
174
166
10
22
10
5
146
18
2
163
96
10
63
121
5
1
179
5
145
178
9
157
122
9
55
61
3
98
190
9
192
29
10
103
167
1
189
155
11
149
106
0
166
172
1
82
6
2
131
69
1
140
36
10
138
188
7
18
109
0
49
9
9
32
160
5
100
18
10
192
107
11
94
200
1
148
177
0
132
29
6
49
12
2
94
88
8
7
78
0
17
146
11
138
201
4
63
88
6
34
141
6
170
106
3
114
64
9
166
131
4
218
183
3
136
185
10
61
7
3
91
166
0
102
47
6
200
186
3
189
131
1
140
58
10
118
178
6
197
86
2
77
132
8
85
158
1
216
126
10
132
147
7
217
84
5
69
129
4
54
98
6
224
194
6
205
142
6
27
166
0
61
47
11
225
66
4
156
80
2
131
56
11
160
45
6
175
142
1
26
57
1
227
119
11
87
223
9
236
10
1
218
214
11
83
105
4
239
215
8
89
180
1
34
116
3
26
195
8
221
105
0
100
59
0
169
126
1
30
159
10
18
213
5
218
128
9
146
46
9
198
159
5
37
196
3
96
52
5
77
12
4
209
92
10
176
175
6
144
8
7
52
59
4
194
102
10
113
129
9
124
163
9
245
185
2
1
194
1
109
2
1
7
92
8
200
263
2
255
235
5
171
200
6
205
116
1
162
175
11
254
269
8
178
167
6
276
284
10
77
40
8
176
151
11
171
103
7
75
44
2
185
137
9
62
106
11
232
252
1
157
204
11
178
40
4
185
263
11
187
153
7
195
119
2
84
144
8
153
252
6
244
177
1
148
233
6
241
220
5
144
89
10
78
127
7
186
145
8
57
22
6
74
148
6
99
73
2
88
250
9
238
211
3
176
95
2
199
121
8
209
146
6
264
224
5
56
147
0
253
64
9
73
191
2
121
258
3
107
256
9
196
155
2
39
163
10
189
229
10
255
3
6
10
25
2
183
200
4
183
52
2
217
138
6
118
204
7
316
179
6
29
319
5
117
29
9
156
89
9
41
164
2
285
0
7
302
99
9
277
289
6
65
259
1
58
242
7
161
94
11
14
310
7
184
334
5
45
234
6
249
5
10
320
63
3
107
161
11
81
66
3
166
67
0
295
44
2
75
20
5
179
39
5
160
156
6
55
320
6
321
93
2
116
53
0
291
202
5
221
127
11
70
184
11
10
105
8
33
263
10
12
233
4
119
268
2
19
106
5
12
358
11
223
327
6
147
300
10
285
356
6
107
210
9
86
164
9
143
118
6
261
85
9
3
260
2
83
331
6
191
30
11
64
129
4
188
218
1
274
159
11
248
98
5
221
286
10
194
347
10
377
66
5
289
106
4
104
258
8
368
240
4
17
92
1
50
71
2
33
144
5
377
123
9
34
62
10
313
334
3
338
347
9
79
230
9
354
125
2
9
35
5
140
190
10
138
251
4
240
287
4
366
27
10
297
126
2
76
143
8
393
176
2
125
171
11
45
82
10
89
121
8
90
28
7
22
329
10
223
217
5
149
314
10
113
265
5
280
150
8
201
172
2
321
250
6
2
93
2
273
23
11
87
404
4
102
265
4
327
206
6
183
9
6
28
342
2
111
145
0
356
310
6
183
249
8
265
313
11
285
299
11
371
390
3
330
86
4
327
303
6
197
400
0
318
357
5
131
262
11
71
301
6
119
224
0
1
99
8
187
12
4
9
230
10
361
288
10
422
251
1
424
63
10
217
219
2
289
242
6
258
341
1
146
73
5
80
180
5
20
145
7
39
366
11
104
277
8
85
24
9
355
251
6
286
201
9
367
62
7
287
155
8
236
295
1
137
37
0
417
2
4
382
180
0
299
64
4
380
7
7
16
0
10
57
345
2
323
431
4
58
144
2
303
226
8
379
265
3
190
314
4
154
207
11
343
117
5
103
216
10
308
47
5
2
420
4
75
166
0
422
313
8
242
21
7
346
100
6
88
364
4
282
210
2
45
123
3
421
246
10
123
423
4
175
246
11
156
315
0
359
379
2
340
72
4
107
207
5
74
350
9
354
276
2
135
292
5
291
449
4
99
46
6
435
15
7
107
44
2
227
50
10
433
301
3
298
259
3
50
94
6
399
43
10
378
386
9
458
335
11
353
88
10
179
84
7
102
143
1
183
305
2
69
115
2
289
286
8
492
85
6
167
308
2
369
431
2
318
501
8
424
115
5
41
369
7
220
403
10
452
159
11
311
99
4
172
316
6
247
123
4
57
203
10
277
190
7
82
471
5
435
280
8
438
411
11
395
43
6
352
228
8
223
406
7
475
43
4
342
255
0
331
195
1
487
148
2
317
111
5
62
382
6
126
508
11
169
123
10
199
487
0
429
61
0
53
129
11
499
331
3
61
344
5
181
492
7
414
52
0
312
239
8
34
493
9
253
504
7
535
197
10
525
485
5
459
225
11
428
149
5
382
138
11
365
457
6
51
14
0
402
131
3
28
452
11
46
268
8
294
332
7
496
6
6
426
314
1
495
315
0
434
275
5
73
221
10
525
205
4
370
128
8
375
265
11
55
72
1
335
351
5
75
234
9
86
299
6
522
190
11
389
167
3
382
311
8
118
466
6
313
152
3
529
68
5
327
277
1
396
403
8
69
365
7
239
6
8
210
545
7
477
400
2
169
569
2
237
354
6
149
213
8
330
506
1
74
356
6
353
267
7
465
517
11
464
479
6
443
141
6
61
208
4
356
79
4
64
265
10
500
298
2
391
51
6
382
505
8
317
537
3
112
385
3
268
3
6
390
591
8
296
430
1
350
305
4
247
316
4
570
327
5
387
521
3
340
311
9
496
559
2
532
31
8
509
394
9
102
469
2
255
174
7
295
443
0
296
102
8
405
600
1
194
385
5
109
150
6
379
136
9
238
486
8
107
28
3
504
135
10
327
568
6
116
366
6
547
197
7
511
599
9
525
155
1
601
180
6
179
531
4
461
389
10
581
326
5
572
40
0
39
509
6
271
318
7
272
614
8
203
269
10
55
23
3
299
395
7
384
183
3
374
440
1
379
310
11
27
272
4
465
63
7
97
234
9
339
184
9
452
492
5
620
396
6
131
495
11
381
236
6
243
410
3
315
308
9
244
198
8
485
488
2
285
582
6
301
585
4
233
77
8
382
184
3
87
57
1
547
497
2
634
65
4
124
70
3
598
131
10
592
520
9
530
602
5
335
104
6
220
413
8
281
646
2
116
356
2
560
383
4
577
539
8
190
600
7
242
83
8
658
468
6
300
69
5
282
467
6
28
628
5
105
75
3
660
589
7
22
36
8
222
266
7
252
646
1
529
390
8
402
288
9
521
13
8
133
628
2
24
454
5
227
261
2
203
253
2
341
489
3
362
502
2
518
473
2
668
613
10
111
69
9
607
546
10
309
353
7
208
629
3
197
506
0
188
408
8
69
491
8
575
1
11
677
390
7
30
564
11
123
651
5
305
41
3
415
287
6
644
254
4
134
677
7
91
36
3
518
185
8
277
553
9
305
78
9
292
502
11
567
201
10
75
475
5
591
125
0
436
232
6
449
382
6
55
552
9
366
273
2
693
513
9
621
154
6
297
522
9
427
167
4
482
457
3
67
463
8
663
595
8
49
152
6
292
562
8
376
352
8
645
408
6
97
498
0
420
161
10
494
577
7
562
4
9
578
229
1
385
177
592
688
552
393
120
539
