2
6
115
3
17
55
2
64
50
0
17
90
8
99
58
10
15
86
6
17
67
11
118
41
6
0
61
9
45
90
10
59
53
3
45
98
5
89
58
7
9
106
8
59
40
7
73
21
3
11
131
4
120
125
3
65
35
3
135
49
9
83
2
7
115
60
5
3
144
3
45
126
7
59
66
6
119
79
0
13
60
2
35
117
3
27
32
2
38
106
1
6
88
2
141
155
0
47
117
8
56
128
11
66
13
6
121
74
8
158
85
4
88
19
1
136
164
6
103
65
2
13
23
0
133
42
10
19
127
5
126
14
11
138
61
5
130
172
10
95
95
5
139
140
8
31
143
11
15
16
3
83
118
5
104
151
8
85
63
6
51
119
0
103
99
3
70
37
7
73
5
6
2
126
1
172
159
2
102
167
4
84
91
8
53
56
3
110
132
3
153
144
10
151
65
0
162
113
8
58
14
0
120
108
6
132
8
7
13
13
6
189
90
11
122
40
1
106
142
11
188
54
7
136
201
4
64
149
7
82
102
3
106
97
8
6
194
11
174
29
2
55
29
0
34
101
3
89
90
0
85
91
5
188
79
8
83
99
2
61
165
3
116
178
3
29
154
3
4
25
2
77
104
5
143
76
2
148
41
11
96
36
7
6
176
8
150
6
3
32
29
2
74
120
2
76
173
7
82
140
6
176
161
4
107
167
8
225
199
9
116
221
7
96
192
6
160
82
6
37
15
4
148
130
8
59
30
8
74
196
5
18
11
3
164
72
11
225
119
11
239
121
10
160
31
10
14
182
10
187
8
7
187
188
7
37
118
0
96
192
4
108
71
9
132
122
7
197
162
10
34
35
4
195
145
1
232
53
4
181
7
7
68
175
5
205
243
8
151
11
1
106
114
2
208
191
3
159
27
3
165
169
3
28
197
10
179
255
4
41
128
5
35
167
5
58
16
4
20
190
6
37
182
8
182
189
3
185
108
7
269
48
5
137
173
1
240
101
6
256
5
5
126
98
8
223
24
5
239
193
7
16
217
3
160
273
8
180
37
7
11
200
6
43
160
2
41
274
7
53
121
11
86
26
6
185
212
7
161
9
7
56
73
11
248
62
11
117
166
11
230
140
2
149
82
8
100
220
2
230
274
8
279
108
9
227
149
1
195
149
1
42
222
0
158
5
9
25
239
4
37
273
10
57
118
7
143
222
8
154
200
8
63
191
3
50
198
6
203
214
2
266
135
0
1
200
2
285
272
2
206
78
9
70
61
4
292
13
7
212
95
5
186
255
5
268
310
10
141
100
6
297
81
7
278
170
10
159
233
5
180
284
4
30
302
4
87
251
10
100
250
4
29
315
8
209
89
6
117
40
0
119
106
2
122
214
9
119
131
11
26
70
0
10
30
5
258
301
3
134
108
6
260
167
1
228
19
0
252
244
10
323
179
11
121
249
11
128
294
0
125
69
9
252
335
5
256
106
2
149
37
1
269
32
2
40
200
2
89
54
6
190
214
4
216
27
1
132
118
3
68
273
4
264
138
5
32
60
2
110
228
11
305
188
11
42
19
5
180
331
2
37
4
11
294
287
6
191
157
7
317
276
0
66
305
1
114
275
7
94
165
4
153
21
1
237
260
8
196
210
2
49
172
10
176
275
9
343
337
2
177
282
6
61
242
6
222
298
10
77
203
0
259
62
1
267
89
5
176
30
5
348
76
10
201
202
0
91
354
8
116
195
4
65
144
2
0
364
5
60
335
10
127
57
2
296
62
5
205
7
9
125
356
9
152
347
5
226
80
3
38
55
4
79
202
10
72
196
8
154
344
0
371
30
10
311
303
1
248
286
0
147
345
4
220
368
9
206
26
8
209
186
5
30
369
8
181
344
9
47
144
5
303
296
8
22
53
0
132
147
5
123
154
8
152
21
7
146
155
2
84
409
4
323
278
10
39
381
6
244
186
4
104
225
11
12
327
2
172
154
7
294
17
1
169
353
11
233
392
4
377
15
11
33
248
7
294
52
8
301
139
8
319
279
2
203
124
7
97
54
7
372
205
0
100
3
5
215
141
9
182
118
8
299
30
3
236
29
7
78
188
4
234
47
9
434
379
9
404
242
9
215
95
5
244
27
9
379
24
5
200
18
8
63
347
1
384
23
6
274
87
6
441
265
11
419
187
8
296
255
5
48
17
11
152
177
6
379
72
11
341
263
4
120
358
4
102
428
7
239
310
3
23
292
8
58
269
0
279
203
11
353
242
10
438
92
9
130
225
4
304
100
6
460
225
11
160
236
1
14
245
7
370
73
5
340
118
2
115
13
0
82
73
0
46
213
10
99
162
7
149
128
9
40
103
5
188
456
3
330
409
11
115
94
11
370
292
9
370
17
9
51
155
8
70
442
11
343
12
1
314
346
3
266
134
8
149
476
8
178
433
8
319
288
0
202
329
2
143
11
6
399
18
3
167
89
0
72
173
10
466
154
6
343
470
10
298
48
4
193
492
5
180
235
0
146
111
8
362
326
8
414
393
8
488
291
1
180
442
4
194
135
2
68
317
6
149
326
9
288
269
4
237
136
4
166
171
9
83
39
4
419
326
5
73
101
11
6
485
11
401
310
10
221
328
0
313
27
4
20
392
5
29
96
7
383
261
8
293
252
5
363
260
9
275
327
10
488
265
9
281
157
11
49
474
7
162
180
11
73
478
0
124
436
9
78
72
5
405
279
7
134
352
8
507
394
1
513
233
11
462
318
2
448
379
2
334
190
0
374
96
8
272
269
9
426
172
4
364
406
9
52
113
10
127
477
4
41
87
10
447
138
4
507
275
2
248
63
11
57
14
6
414
4
5
289
468
11
132
108
5
130
276
3
485
277
9
7
85
10
398
503
11
461
429
11
178
428
6
414
110
4
302
87
6
409
160
8
400
368
0
464
85
1
266
484
2
48
374
6
66
550
6
520
163
9
25
272
9
13
363
0
171
226
8
543
15
0
200
282
7
523
237
0
51
325
6
147
260
3
223
340
2
55
7
2
7
0
8
375
84
5
481
65
3
483
412
4
415
538
5
167
131
8
287
78
5
389
340
5
297
190
9
367
35
0
335
278
3
149
402
0
154
461
6
173
421
10
522
143
9
524
75
4
287
487
5
233
418
7
543
513
11
67
525
2
306
519
2
498
362
1
534
505
2
181
220
7
595
263
0
568
477
10
317
569
11
495
37
11
463
448
11
9
195
2
519
329
8
160
250
3
44
421
0
424
439
2
469
26
0
159
76
10
386
434
7
589
132
7
169
380
7
557
605
2
427
351
0
94
424
2
130
280
11
375
331
3
493
417
2
231
47
3
258
402
4
98
297
4
453
175
7
566
601
10
268
49
3
419
522
6
340
326
8
152
385
5
362
314
4
507
264
1
362
99
10
89
620
1
80
614
11
236
588
11
414
381
0
101
257
3
374
166
6
75
62
4
133
572
7
117
301
2
225
173
3
562
242
7
117
383
11
522
304
10
413
239
5
142
47
4
495
373
11
565
567
2
195
120
4
542
428
8
397
166
0
458
353
9
274
99
4
643
169
0
201
291
8
536
533
5
500
488
10
142
11
0
578
344
8
309
568
6
157
13
7
68
526
0
620
322
0
647
279
1
279
640
3
498
418
7
6
417
4
385
160
2
216
523
3
657
10
9
136
666
11
216
560
10
205
26
3
83
421
4
451
171
10
657
383
9
174
466
9
600
272
6
404
446
3
284
111
9
618
453
7
14
428
5
432
13
11
6
175
6
507
164
0
469
417
9
120
439
6
448
181
5
152
213
3
665
345
5
199
188
5
65
51
8
261
630
11
233
473
9
26
523
11
238
619
9
669
553
4
291
252
7
546
174
9
669
461
9
337
557
2
400
382
11
152
511
3
696
324
10
376
27
6
143
325
4
696
566
3
226
477
10
52
61
10
304
680
0
69
696
3
242
274
4
205
421
0
698
347
11
576
648
11
53
30
2
502
174
2
279
575
11
410
98
0
539
151
0
270
554
0
323
147
4
257
162
9
280
528
3
109
91
4
217
280
1
198
162
8
462
134
0
99
623
610
141
60
589
370
50
