10
55
11
6
6
90
6
14
109
11
72
10
4
27
40
10
33
108
10
114
70
7
49
45
6
2
121
7
131
80
10
22
18
7
60
55
9
30
108
4
137
118
6
18
22
11
135
20
7
93
115
5
110
59
5
141
94
5
65
99
5
85
38
7
127
11
2
3
91
10
20
46
11
65
94
8
74
62
0
87
149
11
109
10
8
92
87
1
29
121
11
102
97
7
38
138
6
118
24
6
63
105
8
39
88
4
116
78
2
116
23
5
84
29
0
133
139
4
72
89
0
116
119
7
109
58
7
100
118
0
6
43
3
162
56
2
157
112
3
142
160
9
167
67
6
118
143
2
94
89
11
165
168
10
38
46
9
130
115
0
176
106
5
150
61
7
151
9
9
39
158
3
138
9
9
45
48
6
159
92
11
24
26
4
163
121
7
142
61
2
9
148
5
132
135
8
82
147
4
126
117
1
143
11
9
78
160
8
55
5
10
43
179
3
77
137
10
79
20
1
4
109
3
94
35
9
44
182
3
108
32
8
69
194
0
17
142
5
193
26
5
178
161
1
198
202
5
154
1
5
177
135
0
176
186
3
78
67
3
185
40
9
213
151
9
55
110
4
139
56
3
152
21
10
37
146
1
130
179
2
26
51
8
188
32
6
123
79
8
22
53
6
87
154
10
142
42
7
160
41
4
89
62
10
103
220
0
169
14
4
35
62
6
213
102
6
196
76
11
173
201
7
193
25
4
90
168
8
13
167
1
134
7
2
19
109
6
122
129
10
87
179
4
104
201
2
220
77
7
202
148
10
101
148
8
196
68
10
221
61
7
103
68
11
127
98
3
64
7
4
19
84
11
162
248
0
63
15
11
210
27
6
195
235
5
54
156
5
141
88
4
107
128
1
245
93
1
202
93
0
243
221
0
73
73
2
181
192
3
142
164
0
22
40
10
114
1
6
136
237
11
143
120
3
178
72
4
172
177
3
175
103
8
122
117
4
237
174
0
77
241
5
34
190
3
140
10
6
2
267
11
108
232
7
116
272
10
276
50
3
203
249
2
139
195
11
205
243
5
180
201
2
272
31
7
186
162
8
30
220
7
18
26
9
77
78
8
278
215
0
141
232
1
132
190
3
13
89
3
7
177
9
58
20
4
42
23
5
48
118
7
257
89
10
262
61
4
128
185
1
124
19
7
128
146
1
273
278
11
105
284
3
248
82
0
186
271
9
92
67
6
56
174
0
303
56
10
222
13
0
241
99
7
245
196
6
217
199
11
52
235
1
147
241
9
125
256
4
164
298
11
316
75
7
239
114
7
31
30
4
305
228
11
308
35
11
216
176
2
67
217
8
245
307
7
88
306
9
33
54
9
87
303
4
288
212
0
173
137
2
107
63
11
248
260
9
300
137
3
299
300
0
301
101
7
278
170
7
252
94
7
104
145
10
162
145
3
65
117
0
106
1
8
8
110
10
121
143
0
217
194
5
29
252
1
165
207
0
246
137
6
175
29
11
45
316
10
156
161
1
3
21
3
17
193
10
262
296
9
208
62
2
80
55
8
201
337
11
354
197
6
189
299
2
44
69
8
216
199
0
156
218
3
267
241
6
341
164
4
356
318
8
325
31
3
204
318
2
271
244
4
227
89
1
280
195
1
300
352
1
70
318
11
32
11
5
357
12
4
285
333
9
203
11
4
314
108
1
218
337
7
128
275
11
107
311
2
313
71
10
155
323
8
315
182
9
162
60
1
223
205
0
195
355
6
149
381
4
71
377
4
107
145
2
159
163
3
111
371
2
192
204
5
60
184
1
24
38
2
306
2
4
124
184
2
384
33
8
25
24
11
113
135
11
229
331
5
378
46
2
141
92
5
236
243
4
149
12
10
365
379
8
227
151
11
104
172
1
210
14
3
244
347
9
293
24
10
186
287
11
300
120
3
65
406
2
192
388
5
60
152
3
132
324
9
404
137
9
108
387
10
73
164
6
252
402
8
201
202
1
95
374
2
37
176
2
328
339
3
58
177
5
108
244
8
255
397
3
18
182
4
145
63
4
349
187
7
115
388
11
244
150
9
364
44
8
296
175
10
331
163
3
153
311
8
334
340
9
265
11
11
330
110
0
191
62
0
63
251
3
109
440
10
52
16
0
315
248
0
425
197
10
303
117
8
61
310
1
290
327
6
107
266
11
368
401
7
299
355
3
323
205
1
343
313
2
81
178
10
369
202
3
351
68
3
40
426
3
439
418
11
411
316
10
177
214
2
75
29
10
100
77
5
424
460
9
358
104
2
273
8
8
376
22
5
230
291
0
438
398
9
116
239
3
391
340
9
430
106
0
385
24
3
446
238
8
471
460
1
388
57
8
219
273
6
361
159
10
188
442
8
295
172
2
8
149
9
434
45
3
450
257
1
200
9
1
323
292
10
396
375
0
140
357
3
69
317
3
359
204
3
76
56
10
389
317
6
119
396
10
15
288
2
463
4
2
441
83
11
98
174
9
429
11
1
479
123
11
322
6
3
383
411
0
139
187
7
234
70
11
268
128
7
122
332
5
2
222
5
452
325
11
353
43
5
433
372
5
279
506
10
445
290
4
126
287
6
84
43
1
3
279
3
214
82
10
454
23
5
81
202
9
302
450
9
264
421
10
52
236
7
435
471
3
322
207
7
401
402
7
471
315
2
224
25
9
133
350
5
431
189
10
388
242
2
313
91
0
491
468
0
224
373
9
454
320
10
96
467
2
170
31
9
19
199
11
396
210
0
511
102
4
165
2
8
324
163
11
526
42
3
92
50
1
240
344
6
352
240
1
141
419
11
44
135
0
328
239
8
525
387
8
264
350
5
64
186
6
533
378
7
493
7
11
47
495
5
23
49
7
285
472
10
534
238
11
158
134
6
322
153
0
208
31
5
550
371
7
314
24
2
286
240
1
151
106
9
384
348
4
463
149
8
62
172
4
398
156
7
29
127
11
169
56
3
357
263
1
255
422
1
285
467
9
385
198
9
409
132
10
6
521
10
172
158
4
96
53
8
293
465
6
180
491
2
351
231
0
107
576
3
412
464
6
219
311
7
302
89
3
46
572
3
547
211
9
394
283
10
573
390
1
482
163
2
416
476
8
193
352
4
584
276
0
526
241
5
224
409
3
215
224
4
428
375
6
268
270
11
539
124
8
45
457
7
386
285
10
264
376
1
525
58
1
451
227
9
137
421
5
78
436
0
547
85
10
275
395
10
438
573
2
231
50
7
450
506
4
293
98
10
39
184
2
340
583
7
379
114
4
607
475
7
345
264
6
285
477
3
348
47
9
163
376
11
208
178
6
374
314
2
294
210
4
57
207
8
3
121
7
613
409
1
245
569
4
559
120
10
496
63
10
15
132
3
552
464
6
359
367
11
551
20
9
470
76
2
281
423
1
430
581
1
339
168
9
425
135
7
300
571
5
421
133
5
569
58
11
551
129
1
602
119
0
463
180
8
565
330
8
547
407
9
531
503
5
568
135
7
121
244
3
172
426
11
430
249
9
502
436
1
550
157
0
595
411
10
86
502
0
56
28
3
341
602
4
630
465
9
67
306
9
156
384
8
517
1
0
630
177
0
166
484
2
14
477
2
250
130
3
266
209
2
471
554
0
346
583
0
45
255
3
182
592
2
249
507
7
104
64
2
210
243
9
281
51
6
87
256
6
536
419
7
35
326
11
521
447
6
641
612
5
199
101
0
619
119
4
360
284
0
1
215
5
459
377
11
119
37
7
12
656
10
130
407
10
26
583
11
676
303
6
261
502
7
532
329
1
365
681
2
555
659
7
488
167
6
583
68
2
468
85
11
441
104
3
193
606
11
79
454
5
532
82
8
684
39
11
533
309
3
526
21
8
547
92
5
75
374
1
362
119
4
416
249
3
470
87
0
373
595
9
592
645
8
494
376
3
10
338
0
376
67
11
537
110
0
689
327
2
572
580
6
393
294
7
92
170
3
156
295
10
518
261
11
240
132
8
506
419
4
530
453
1
51
32
9
481
276
7
664
77
1
682
85
7
112
383
5
142
327
4
89
111
9
352
179
11
658
166
653
173
667
713
629
727
613
151
200
349
170
582
75
386
239
200
416
420
