3
21
58
5
91
69
9
67
71
10
57
28
4
76
117
0
90
93
11
83
10
11
103
60
5
135
104
8
124
84
2
44
119
10
37
23
11
131
120
5
107
124
0
42
88
7
130
98
2
34
65
3
35
61
2
1
11
3
4
47
8
143
79
1
100
147
0
67
44
11
66
1
8
118
2
6
118
34
3
104
94
1
101
50
9
55
5
9
55
137
3
138
133
3
148
27
1
123
118
6
96
33
3
124
17
0
99
113
7
42
89
3
1
13
8
54
86
2
150
150
1
96
22
2
68
137
11
132
56
8
122
58
7
165
128
9
139
4
11
52
25
6
75
134
6
143
28
1
153
64
2
56
117
6
0
71
0
147
154
0
17
40
3
111
143
4
106
89
9
98
42
5
43
85
10
143
115
4
95
42
4
128
160
8
97
167
5
4
189
10
84
86
8
142
179
0
146
130
4
109
49
3
5
147
8
27
112
6
181
141
7
195
16
11
121
163
0
34
109
4
155
183
9
61
160
5
87
42
5
115
2
9
136
15
11
60
95
0
11
78
5
54
83
3
106
194
11
175
197
6
207
129
0
28
15
10
1
92
11
31
54
8
82
156
10
180
140
10
73
197
3
215
51
5
89
99
8
28
127
9
114
102
11
188
54
1
74
126
4
122
200
2
214
30
1
23
36
11
220
207
6
142
73
10
21
199
4
229
27
7
25
40
11
28
80
2
26
105
10
170
4
5
207
45
5
125
234
11
31
210
8
17
67
5
78
77
9
137
124
1
239
52
9
13
7
4
161
160
5
10
128
5
134
206
2
174
6
1
116
76
2
0
30
4
232
227
6
30
88
4
70
127
10
165
31
10
93
25
0
143
218
7
68
14
1
100
121
7
138
58
0
243
174
5
12
108
0
205
5
2
55
78
5
106
218
11
197
236
2
181
119
10
6
103
4
120
166
6
106
77
3
171
111
7
177
127
1
262
173
1
64
26
4
130
15
6
214
226
9
25
102
5
254
91
9
24
259
3
86
241
2
264
212
9
222
175
11
225
114
10
150
134
10
141
205
7
29
60
11
121
95
4
114
202
11
248
74
8
190
235
11
115
137
1
135
45
7
14
47
0
24
85
9
40
68
9
280
56
6
178
96
7
144
197
2
246
35
0
256
290
4
79
34
0
28
252
1
70
55
6
41
235
5
103
28
2
51
206
2
168
39
0
107
71
10
254
266
1
47
273
5
63
111
2
223
82
10
306
293
10
275
26
6
308
225
0
99
211
2
203
173
3
95
17
2
85
281
1
207
279
10
161
117
10
269
300
0
202
286
2
278
105
1
318
91
0
17
131
6
141
267
2
167
53
2
71
320
11
316
180
11
227
304
5
318
126
6
171
269
7
263
295
7
169
57
5
32
226
4
300
258
5
281
309
9
299
143
7
242
43
6
243
307
2
112
162
3
315
169
3
57
74
0
32
310
1
130
104
5
124
329
5
282
175
2
22
114
1
223
55
3
221
275
1
191
283
9
312
33
2
189
113
1
281
187
0
300
207
9
114
343
5
310
155
5
274
169
3
26
344
9
263
102
7
170
101
6
272
189
2
47
100
0
49
74
1
61
71
5
74
11
8
135
184
7
137
99
0
151
58
11
15
6
2
179
116
9
337
307
6
58
229
8
95
54
0
18
63
11
318
349
11
183
86
7
232
175
8
310
329
10
165
165
2
56
50
3
317
215
4
141
198
6
81
270
6
98
205
4
95
250
1
210
18
10
225
260
8
23
232
7
14
132
6
22
274
7
302
180
4
91
101
2
245
212
9
64
258
9
377
205
6
274
346
2
226
19
11
378
54
0
235
311
7
311
34
5
235
220
4
279
379
11
143
122
6
54
358
11
215
48
9
356
92
2
29
208
9
395
5
11
321
230
6
49
265
4
299
255
4
146
351
5
375
96
5
127
47
6
257
121
1
361
356
3
45
376
2
186
351
8
230
336
4
28
38
1
82
133
2
347
82
9
210
35
7
129
221
0
88
196
5
304
411
3
368
176
4
330
394
3
180
90
11
77
321
8
395
298
7
61
372
3
375
408
7
305
349
5
224
234
5
91
228
3
324
311
7
391
177
1
386
36
8
284
375
2
133
216
11
406
4
3
200
239
3
332
391
2
170
88
9
147
185
9
357
332
6
178
23
6
189
401
6
122
332
1
137
286
11
264
19
9
295
344
5
358
106
11
133
368
1
453
344
8
156
229
8
335
407
7
324
244
8
225
274
7
105
357
11
369
347
1
29
29
8
130
123
10
28
186
9
121
51
5
269
444
7
119
151
10
65
417
0
101
255
8
352
256
2
192
360
10
36
176
9
393
234
3
111
317
10
405
83
6
228
46
4
318
403
5
108
83
7
182
128
3
344
196
4
425
321
11
149
429
0
79
202
5
332
112
0
121
424
0
370
35
0
377
358
11
423
270
6
409
247
6
395
157
0
101
326
9
443
381
2
135
194
9
364
462
6
292
314
6
166
216
3
289
156
1
468
211
4
212
226
2
344
33
7
91
214
4
301
251
3
62
38
10
465
257
7
385
326
3
462
348
10
395
470
11
363
464
0
344
482
1
230
460
8
457
265
6
196
265
4
99
510
10
151
361
1
103
8
5
211
435
3
326
382
7
266
360
6
65
297
8
77
503
7
257
30
6
506
71
8
81
186
6
33
368
1
464
31
8
192
330
6
57
498
9
206
359
9
444
267
10
181
241
7
74
80
6
455
280
10
104
494
4
325
455
1
214
280
9
294
100
0
311
41
8
129
110
8
94
88
3
276
413
3
503
345
6
403
485
11
328
512
11
341
202
7
495
47
0
188
15
1
307
140
5
448
473
8
292
36
6
57
517
6
69
214
0
387
42
6
206
129
4
21
147
7
269
413
8
505
512
0
119
470
5
523
72
4
156
34
11
42
404
10
257
135
8
327
235
0
232
549
11
210
299
11
394
312
2
263
234
0
464
437
8
567
480
0
138
218
9
315
380
2
541
417
1
450
265
3
300
435
3
344
382
10
393
300
6
15
214
9
304
271
0
531
220
9
404
217
11
175
266
3
330
304
6
284
163
10
409
460
10
239
41
5
103
410
7
454
188
11
515
109
0
228
388
0
294
96
9
369
9
6
327
2
5
224
444
0
5
368
11
177
318
2
362
328
0
150
377
2
403
126
4
336
118
3
288
190
0
203
450
5
529
325
0
124
364
8
355
152
6
587
578
1
310
329
7
556
403
6
417
545
7
67
475
0
274
276
3
40
256
11
350
134
2
250
122
7
608
138
1
181
56
9
606
345
11
496
270
1
565
369
8
522
320
10
373
562
2
534
69
4
74
120
5
467
582
4
600
44
2
455
82
9
61
77
9
257
391
5
216
488
4
541
51
11
430
50
4
69
76
9
611
318
2
382
384
10
87
324
0
496
40
11
284
521
0
548
33
9
373
601
4
353
352
7
447
27
7
177
124
2
38
401
10
184
364
7
368
466
3
208
299
1
275
420
11
629
480
3
583
345
11
627
262
7
212
382
3
623
499
7
132
105
2
70
555
4
373
247
6
221
196
11
350
348
6
567
489
4
639
525
8
426
557
11
521
552
0
86
123
9
121
356
4
306
651
6
58
552
9
192
348
2
135
376
6
469
645
1
241
463
11
363
324
9
118
76
8
89
559
10
463
12
8
295
364
2
535
616
3
257
421
9
513
126
2
274
562
11
63
674
4
664
382
10
353
13
8
362
570
11
157
239
5
446
5
2
104
155
1
306
615
0
476
313
6
416
546
5
197
512
9
242
198
7
566
352
2
587
648
5
451
624
7
348
382
6
656
688
1
200
576
8
482
204
10
181
555
4
104
611
5
625
288
9
287
387
2
565
657
7
642
559
7
405
204
1
176
489
2
122
678
2
704
531
1
173
231
4
611
105
11
406
17
2
631
243
11
268
181
10
291
370
10
334
66
9
302
593
9
98
56
4
594
501
8
591
451
8
306
600
2
648
394
0
619
506
10
446
234
0
354
244
0
276
356
10
244
298
10
87
632
1
525
391
11
94
601
9
223
265
353
286
193
438
24
31
