2
126
120
5
96
128
7
117
125
11
13
68
3
117
13
10
78
65
7
19
120
7
57
31
2
55
9
0
133
128
9
18
120
1
68
34
7
16
109
4
9
72
7
42
20
2
61
5
1
46
61
5
17
71
7
7
64
9
9
15
1
36
40
11
1
44
7
116
44
2
70
86
9
122
130
0
93
104
10
16
122
11
96
29
5
27
81
4
1
132
10
24
49
3
61
103
10
88
137
11
57
68
4
145
98
1
66
41
5
39
41
5
97
1
9
32
114
1
82
52
6
161
34
7
45
26
11
107
15
8
69
33
11
152
121
1
111
6
8
29
9
5
72
75
0
143
79
5
44
47
8
133
41
10
146
115
7
97
43
8
85
71
2
85
64
6
119
63
8
177
113
10
156
167
1
51
112
2
95
84
10
185
156
7
23
19
6
26
17
5
169
55
6
99
141
11
26
105
4
118
51
3
16
117
6
139
152
11
111
13
4
74
14
8
192
164
5
33
150
9
146
51
6
62
118
2
69
73
1
119
196
5
152
200
2
124
25
2
109
197
1
99
33
3
157
144
7
78
84
9
17
64
1
38
206
6
25
207
7
179
49
1
162
6
10
110
155
7
20
74
4
13
152
3
44
136
2
130
139
1
138
193
7
127
57
10
47
78
4
110
156
2
136
24
0
107
127
9
215
134
3
82
140
2
201
127
0
176
66
2
19
188
8
125
175
9
207
12
6
206
166
4
9
173
3
53
158
10
229
92
4
159
55
3
39
31
11
186
199
5
60
13
6
9
64
4
131
63
6
117
220
3
8
180
5
53
123
7
163
180
3
226
247
4
102
40
8
193
18
4
164
130
0
194
236
6
149
138
8
71
148
9
168
65
2
132
244
3
75
131
3
161
243
10
158
100
7
39
48
10
155
254
10
123
249
0
163
197
11
133
213
11
161
236
3
189
214
7
133
217
1
235
155
4
25
143
0
268
26
11
97
144
1
169
166
6
232
234
0
188
193
4
12
119
7
238
75
11
231
241
0
70
182
2
10
276
3
111
130
4
55
49
8
63
168
2
126
221
7
255
55
8
273
108
11
107
70
10
121
45
2
276
2
6
150
150
1
113
206
1
114
43
11
69
240
11
36
222
9
43
212
2
183
259
2
206
212
0
33
63
3
193
185
0
26
33
5
248
60
5
58
155
11
290
156
5
260
3
7
54
278
3
254
261
9
170
210
4
34
213
5
230
133
7
276
275
2
93
124
2
38
203
0
108
130
8
102
49
7
267
82
7
27
95
3
96
139
1
304
60
1
69
145
4
308
205
1
39
299
0
27
273
11
256
256
5
180
269
0
166
262
7
81
119
7
11
231
7
174
193
8
117
37
7
188
272
2
265
62
10
44
260
5
123
11
3
45
155
0
175
230
9
94
130
11
130
34
0
169
319
7
92
253
10
10
96
10
137
238
3
10
44
2
316
189
11
139
297
10
33
101
9
74
274
7
104
39
0
69
288
6
111
138
3
268
134
6
266
138
9
116
274
10
129
351
2
294
103
11
247
182
5
131
192
1
213
282
3
262
5
10
161
207
4
123
129
2
278
106
2
154
157
1
51
90
6
7
297
6
223
185
0
127
165
2
35
187
5
87
4
9
367
339
2
262
92
3
11
216
7
247
143
5
308
0
8
146
278
4
287
111
6
130
123
6
233
182
6
119
57
0
20
303
7
338
359
8
297
135
0
150
330
3
353
182
10
19
271
2
81
254
9
193
300
3
308
300
10
119
301
8
60
128
7
333
323
8
69
345
3
101
171
3
49
324
10
216
333
2
339
132
3
49
42
2
178
88
6
349
11
11
246
202
8
171
129
4
367
215
0
80
362
0
347
127
0
14
368
10
69
232
6
305
325
9
161
88
4
176
142
4
105
56
6
208
113
2
277
196
5
248
183
0
56
178
8
355
272
5
366
367
9
10
317
9
273
196
0
286
26
11
41
193
3
47
159
4
229
329
1
82
73
2
135
163
5
218
141
11
279
335
3
201
263
7
337
55
11
9
352
3
188
315
3
137
293
4
381
377
5
213
314
9
174
306
10
392
209
9
273
325
8
301
347
2
44
405
5
97
112
4
100
388
1
436
130
4
202
294
0
424
338
11
51
60
6
379
123
2
399
116
7
114
122
7
56
381
1
157
379
6
306
257
2
400
409
5
20
73
1
182
430
9
422
189
3
308
359
9
136
85
2
297
155
4
16
214
1
325
160
4
65
92
8
19
205
8
212
183
4
285
288
11
368
46
3
304
334
2
405
274
4
283
156
8
246
398
7
6
97
10
297
52
0
5
286
9
465
240
0
264
466
7
60
294
9
278
430
4
100
132
4
180
401
7
183
164
1
238
266
11
10
281
4
424
276
6
17
284
6
463
33
2
57
317
2
273
138
2
243
334
11
56
96
2
313
69
1
28
226
8
170
462
8
54
231
6
128
45
8
275
287
6
31
133
0
90
320
9
126
105
8
337
23
5
281
318
8
415
414
2
480
385
10
192
290
3
269
358
8
412
181
3
256
163
6
38
267
8
281
69
5
30
241
1
361
15
4
377
293
7
74
477
1
283
282
0
11
305
2
273
441
8
43
123
9
196
404
11
279
88
10
143
182
5
495
456
2
487
144
5
516
180
11
326
286
1
320
250
10
397
19
9
263
418
0
156
70
11
315
366
6
266
211
8
445
55
3
64
175
11
474
18
1
333
183
7
216
456
10
504
28
8
84
244
5
475
187
2
449
430
1
459
290
7
381
142
5
279
380
4
487
340
9
131
440
7
196
302
9
104
207
6
536
219
2
463
290
1
276
515
9
221
350
5
295
258
0
296
113
2
22
218
8
224
276
9
319
526
1
196
52
8
107
292
0
295
277
2
547
265
0
80
81
9
432
251
7
328
408
0
356
11
7
60
186
6
516
272
8
187
47
7
364
461
5
56
272
8
151
255
1
507
247
4
204
488
5
63
121
1
453
538
4
528
444
11
419
466
5
224
364
5
62
435
3
415
268
4
121
547
7
173
324
1
350
525
7
564
32
7
358
201
7
523
449
9
287
418
4
483
36
5
457
58
9
393
205
1
325
163
3
261
559
7
423
135
8
293
179
2
249
483
11
45
10
4
209
451
7
386
121
1
3
572
9
465
446
8
233
38
0
566
100
5
305
441
11
410
298
8
487
320
9
116
280
10
441
309
11
93
449
3
128
532
10
423
198
2
412
444
7
438
308
7
540
593
5
139
457
3
349
247
10
250
105
1
573
539
5
383
385
10
37
183
6
252
138
11
566
502
5
389
197
8
492
505
1
179
66
6
222
400
6
316
241
10
129
562
11
560
309
11
191
306
3
37
619
8
352
191
11
463
451
10
511
186
5
5
326
6
108
130
6
305
312
10
571
110
2
37
330
0
568
296
7
384
335
0
175
350
2
429
47
3
603
104
8
180
141
4
275
431
5
442
75
2
220
103
9
238
46
3
409
124
6
503
296
6
601
306
10
317
80
2
560
470
2
264
361
1
507
404
2
267
538
4
39
536
5
628
349
0
112
586
10
399
623
0
133
278
11
154
146
9
430
356
2
290
200
1
345
325
4
578
22
8
62
304
0
175
181
2
410
657
9
154
593
0
476
140
5
75
398
5
40
365
11
344
192
7
43
274
4
282
645
4
228
2
5
231
24
5
255
551
1
613
449
7
87
599
9
353
230
3
39
276
5
387
168
0
49
42
0
408
315
4
335
491
10
492
463
5
646
315
6
164
299
7
596
171
11
464
114
11
396
39
10
346
558
0
358
216
9
137
347
6
94
328
6
563
355
0
332
612
11
376
570
1
463
179
11
609
155
6
393
534
9
180
328
8
631
82
1
405
18
1
388
248
10
188
336
8
39
352
9
169
344
10
228
698
9
655
603
10
394
88
3
546
574
4
168
415
1
518
128
6
417
620
4
529
544
4
350
246
3
331
41
3
174
46
7
690
679
7
79
710
4
442
683
11
658
104
8
448
626
5
392
408
5
439
478
10
2
127
7
124
88
0
547
468
7
66
529
2
643
75
10
395
561
155
6
21
97
116
73
198
