2
105
58
8
113
67
0
60
70
3
65
130
2
42
86
11
30
45
5
52
96
3
96
43
1
41
100
2
58
47
4
121
2
8
86
36
11
129
92
5
49
52
5
70
139
2
74
86
1
107
91
5
36
126
11
111
78
5
11
115
4
141
120
5
102
53
6
45
119
3
149
52
7
108
24
2
98
35
2
86
27
6
94
92
3
59
2
11
69
62
0
38
43
4
145
79
11
15
9
3
91
9
9
21
136
0
11
41
10
118
25
0
17
84
2
17
54
3
109
153
3
107
73
8
167
49
8
89
86
11
13
7
6
154
154
11
78
124
0
116
116
9
143
90
9
163
133
5
17
125
0
61
4
6
108
106
11
9
53
2
135
29
11
151
18
6
89
35
10
9
13
3
108
79
8
106
15
6
43
79
9
78
127
9
171
116
10
168
146
1
183
180
0
77
29
5
32
86
6
188
70
4
162
144
4
61
87
4
4
152
5
133
108
3
166
113
7
76
196
10
62
30
6
3
199
4
9
202
5
142
104
0
21
74
7
201
59
8
33
171
10
196
128
6
151
87
9
20
22
7
202
188
8
151
136
6
159
1
1
23
193
7
157
89
11
120
64
6
107
161
6
63
37
2
200
205
11
84
147
5
148
153
3
55
141
5
16
180
10
207
10
4
105
96
7
164
140
0
198
3
1
189
30
7
40
60
0
185
26
3
205
228
8
184
180
8
127
194
6
125
91
8
97
8
8
103
148
6
92
62
0
54
162
9
4
37
11
86
74
4
229
136
11
46
121
6
57
56
0
70
159
7
202
160
9
162
204
1
83
225
10
10
183
6
233
167
0
195
95
1
4
151
3
183
194
3
15
135
8
127
104
3
228
68
2
54
33
7
135
141
4
243
138
9
203
238
1
193
157
0
105
183
10
236
147
5
152
239
8
23
236
2
184
161
3
162
17
6
144
88
6
142
218
4
71
200
10
169
66
2
165
210
6
16
7
11
125
138
7
75
132
1
164
210
2
148
126
7
240
176
6
192
258
8
30
63
8
191
258
6
50
122
5
128
111
4
256
80
1
184
179
5
196
252
10
134
259
7
61
151
7
286
189
10
76
111
10
78
135
2
112
226
6
175
159
0
64
14
9
81
220
4
38
126
6
126
205
6
63
105
10
242
29
9
82
160
4
220
218
9
296
224
1
262
199
0
224
177
0
113
154
2
272
225
4
145
75
5
42
98
1
250
177
4
255
55
2
103
95
7
150
128
4
102
303
0
134
239
7
172
152
6
237
266
8
265
168
4
110
120
11
167
245
11
67
230
1
272
86
5
242
169
9
272
236
11
220
103
0
244
313
0
132
232
0
47
191
2
271
180
8
304
292
10
269
124
2
171
277
4
59
86
3
125
171
2
293
73
2
170
224
4
127
222
6
47
72
1
219
279
0
245
282
4
258
75
1
55
17
0
177
319
8
234
66
1
216
12
10
30
113
3
29
172
6
303
17
1
41
60
2
252
242
6
207
250
7
121
132
5
122
286
7
267
61
7
339
73
7
30
90
9
352
5
2
187
188
7
209
277
6
329
116
7
70
4
10
148
77
2
141
255
4
222
113
6
151
127
10
252
108
7
171
29
1
227
63
2
298
346
1
40
189
3
54
289
3
153
65
1
361
225
10
174
342
1
345
80
9
180
12
0
281
67
7
112
153
4
86
56
3
144
11
7
348
230
2
348
361
9
214
378
1
3
283
4
3
219
4
139
225
3
205
236
4
354
316
2
322
373
10
117
3
10
142
169
7
178
27
6
380
188
7
282
325
1
145
2
10
256
183
6
175
308
7
171
124
1
338
112
4
88
215
9
365
92
0
256
273
3
250
175
3
87
53
2
192
218
1
201
297
7
51
107
2
209
235
10
159
218
8
258
297
5
108
130
10
241
373
1
28
119
2
85
400
1
348
115
0
383
343
10
9
126
2
49
17
0
317
330
2
61
30
10
317
57
9
44
113
8
264
190
6
370
76
2
122
313
1
385
265
8
312
299
2
423
159
2
323
321
6
187
293
4
105
133
11
220
123
3
303
383
3
249
101
1
264
340
5
97
68
6
306
218
11
240
256
8
6
175
3
164
186
3
26
409
4
422
240
1
197
183
0
76
281
7
230
282
4
186
132
7
202
344
5
101
382
5
319
100
3
12
276
2
118
202
5
354
351
7
322
293
7
368
145
7
172
384
11
296
102
8
320
366
7
374
305
9
289
356
5
289
36
9
458
97
4
120
290
8
76
355
10
55
202
11
111
320
0
36
216
2
113
107
2
262
418
9
276
136
1
467
27
0
459
135
1
128
73
10
266
363
11
369
348
7
437
70
9
175
64
0
394
133
8
365
312
9
35
135
1
153
324
0
276
83
2
245
161
5
371
393
9
473
241
4
222
165
6
313
258
4
347
396
9
213
204
0
480
343
11
454
441
11
314
68
2
7
473
5
235
65
7
95
197
0
388
243
2
94
104
11
349
233
4
59
430
10
126
198
9
241
373
6
115
308
9
429
292
8
148
400
6
201
399
3
313
45
5
244
146
1
46
484
10
338
463
11
480
223
5
465
340
0
348
26
1
35
125
9
392
257
1
75
239
3
8
341
2
380
383
4
106
420
9
436
15
6
363
296
0
8
396
1
12
224
9
73
344
7
371
336
9
466
45
2
436
511
6
362
314
3
53
0
5
225
166
8
159
62
0
304
449
0
154
104
6
459
250
4
26
484
7
99
458
1
481
108
6
453
9
3
525
434
4
248
292
1
110
114
7
29
244
4
276
268
0
40
254
7
194
249
4
380
423
9
372
234
9
299
317
1
134
349
5
526
401
4
522
105
0
156
67
6
230
187
7
89
192
4
170
6
9
415
507
11
69
382
2
193
169
11
481
133
7
311
412
6
405
162
11
330
499
7
165
230
9
152
536
10
192
190
7
400
296
6
42
377
10
7
233
9
534
332
0
181
476
2
120
123
3
67
472
3
472
294
9
110
317
4
398
97
8
471
45
1
104
446
11
271
185
8
25
153
4
439
401
3
547
476
6
32
471
8
290
431
11
488
533
7
454
497
10
123
500
4
306
329
3
13
441
8
32
354
4
569
281
5
267
4
11
483
581
7
286
79
8
149
299
11
373
352
3
398
170
10
275
524
3
518
519
0
244
130
11
28
522
5
481
584
7
144
388
11
228
230
11
492
267
9
115
95
6
124
318
1
166
314
6
253
114
3
212
264
1
201
316
8
450
303
4
587
503
8
308
63
9
246
250
8
302
354
9
415
611
11
439
464
1
562
403
4
417
483
7
124
493
0
305
614
7
146
558
9
138
270
9
608
42
5
430
490
8
532
572
1
364
591
5
43
49
3
184
424
11
232
323
3
132
35
8
48
262
11
221
408
5
294
422
7
217
354
2
237
156
1
306
220
6
268
592
8
471
175
5
249
223
1
548
449
9
383
104
11
317
438
0
68
193
6
84
484
8
492
79
10
201
464
11
311
4
2
597
428
4
318
78
0
201
285
11
358
396
0
385
248
5
273
174
11
459
443
1
15
302
5
273
237
1
539
437
0
26
236
6
339
127
6
23
28
4
236
230
5
199
70
4
42
72
4
395
389
9
555
270
8
122
364
2
242
258
0
448
240
2
645
398
2
70
196
5
551
665
1
580
49
4
343
375
4
488
365
6
554
281
1
68
452
0
225
80
9
346
42
2
174
496
10
5
381
0
56
583
2
477
235
10
86
206
9
202
614
8
565
342
7
178
176
5
340
143
4
591
619
2
433
531
5
439
60
4
9
207
11
242
286
6
540
651
3
199
220
9
648
526
6
249
645
10
117
58
4
318
624
10
142
40
10
560
337
7
544
480
5
101
507
0
436
440
5
236
276
6
134
260
10
429
553
6
305
122
7
317
654
7
274
611
3
19
341
2
228
187
7
305
447
4
446
277
7
709
172
9
120
405
3
241
404
3
218
44
1
698
484
0
541
631
9
469
476
1
88
253
3
173
16
5
95
474
11
249
98
6
85
456
10
539
489
6
642
326
5
94
550
10
284
198
8
495
22
460
275
165
403
445
170
80
