3
29
35
0
101
7
2
18
23
1
25
61
1
46
93
2
14
41
3
81
94
2
79
5
3
11
17
1
124
37
3
134
12
2
31
61
1
126
109
3
9
79
1
92
141
1
121
133
0
53
47
0
100
40
2
132
48
2
74
57
0
144
144
3
61
132
0
27
4
2
7
81
1
65
102
3
111
70
3
16
31
1
17
25
3
133
137
2
132
82
0
20
108
0
144
56
3
146
122
3
12
35
3
137
13
1
87
92
1
141
107
1
32
139
0
118
65
2
48
116
3
116
82
0
59
2
0
118
123
0
164
16
3
48
103
1
67
63
2
110
51
0
12
63
0
111
9
0
75
53
1
167
60
2
170
57
2
159
33
3
102
174
3
21
45
0
139
35
3
9
132
0
66
115
3
65
58
0
179
115
0
150
58
2
177
109
2
55
164
1
75
6
1
102
70
2
56
80
0
152
188
2
61
61
2
92
114
1
135
160
3
139
107
1
99
14
2
147
85
0
184
186
0
163
187
1
93
74
2
5
164
3
122
95
1
5
36
2
88
64
2
61
155
0
47
34
0
92
189
1
202
54
2
80
186
3
34
87
0
20
34
0
171
195
1
143
125
0
133
189
0
29
197
2
188
154
2
47
88
0
31
45
2
180
141
2
216
138
1
15
115
1
122
28
1
84
224
1
49
136
2
53
202
2
95
91
1
51
228
3
226
75
3
86
81
2
64
211
2
142
63
1
40
211
1
142
55
1
86
215
1
179
34
1
89
215
1
227
73
3
77
13
0
3
168
0
193
72
2
1
51
3
47
229
0
127
24
1
166
114
0
247
176
0
145
228
3
226
123
2
234
122
2
31
46
0
57
87
1
234
241
0
133
147
2
190
38
2
70
112
1
89
53
2
69
103
1
29
52
1
232
240
1
134
12
3
112
118
3
237
156
0
122
150
3
5
51
3
123
58
3
19
1
1
94
83
2
99
45
2
266
57
2
167
221
1
117
232
3
224
88
0
94
273
3
209
4
0
85
71
0
57
2
3
134
184
2
258
210
2
7
78
2
53
176
1
184
178
0
161
237
0
213
182
0
181
90
2
130
106
3
193
16
1
187
198
1
226
115
3
87
199
1
9
114
0
65
9
1
235
190
3
182
185
3
57
293
2
239
44
3
151
47
0
287
35
3
61
79
2
180
266
3
213
99
0
111
156
2
229
165
0
260
33
0
71
244
3
60
55
2
170
267
1
29
70
2
176
39
0
16
130
2
127
274
3
273
106
0
127
208
1
221
238
3
236
232
0
135
220
1
104
270
2
153
174
2
212
237
1
225
77
3
207
17
0
278
69
2
138
71
3
89
162
1
211
201
2
92
40
1
80
205
2
187
30
0
327
11
0
193
241
3
238
156
1
249
46
3
150
182
3
247
8
1
278
232
3
331
125
3
336
297
2
58
192
1
334
331
1
33
35
2
235
185
3
223
141
2
39
10
2
177
280
0
247
246
1
34
149
1
338
21
3
300
158
0
325
206
0
233
242
2
117
225
0
5
309
2
285
150
1
309
282
1
228
233
1
298
311
3
120
326
2
140
336
2
56
92
3
72
271
1
23
180
3
243
56
0
339
204
3
58
207
1
15
198
1
108
107
1
12
281
3
178
307
3
175
302
3
28
145
1
152
192
1
159
120
1
146
236
3
140
213
1
247
146
2
146
196
0
157
19
2
233
239
3
13
323
3
94
175
3
33
79
0
187
200
1
185
107
3
346
154
0
36
14
3
159
234
1
378
129
1
365
25
1
129
19
2
86
185
3
207
351
2
368
385
3
390
310
2
233
55
2
350
140
2
113
392
0
393
123
1
310
113
1
173
95
1
306
3
3
259
103
1
179
338
2
51
150
0
368
392
0
267
308
3
385
208
1
174
398
3
134
190
3
148
323
2
150
383
1
350
225
3
385
275
0
158
399
1
311
255
0
285
146
3
78
123
0
45
333
0
383
367
3
135
232
3
190
14
3
216
121
1
219
232
0
241
157
1
255
187
3
337
256
1
209
141
0
140
420
2
270
360
3
202
250
0
333
80
0
350
202
1
29
403
2
385
197
1
87
64
0
201
246
3
396
405
2
261
209
1
104
320
3
43
159
1
405
440
1
110
339
3
250
307
2
194
135
1
406
222
3
375
228
2
31
325
0
49
107
2
414
345
0
290
59
2
211
283
0
411
7
0
129
429
2
31
363
3
329
196
0
284
179
1
248
347
2
37
283
2
234
173
2
126
227
0
45
453
3
311
120
0
405
252
0
24
140
3
183
223
2
424
287
1
182
428
2
88
369
1
359
177
0
219
468
3
470
189
2
410
415
1
129
261
2
53
350
2
369
399
3
439
366
3
435
450
1
398
342
0
36
440
0
227
186
1
210
41
0
56
126
2
242
115
1
253
228
3
196
376
3
221
395
0
371
222
0
159
290
2
332
411
2
146
467
3
53
243
0
15
429
3
328
79
0
335
439
0
459
336
3
491
326
2
283
444
2
384
491
1
413
256
2
321
13
2
455
499
2
45
398
2
34
379
2
407
98
3
405
64
1
455
117
2
126
386
1
204
275
2
438
183
1
93
318
0
94
407
1
234
254
2
268
102
1
97
76
0
281
494
3
515
263
3
57
139
0
295
291
1
71
339
0
501
281
1
397
371
3
258
480
3
499
127
3
423
99
1
303
97
3
413
25
1
189
485
1
480
219
1
205
153
2
479
123
2
107
64
1
320
105
3
191
82
3
344
241
3
59
47
1
124
535
1
468
428
2
114
388
3
339
401
3
49
396
2
95
65
1
244
254
3
394
200
3
219
247
1
371
380
2
340
144
0
37
84
3
495
124
1
179
260
3
103
211
3
490
15
1
466
358
3
356
391
3
138
513
0
411
428
1
198
41
1
523
293
3
409
219
3
272
176
3
285
524
0
418
481
1
366
373
3
165
24
0
107
397
2
455
38
3
142
382
3
405
252
3
148
261
3
24
224
1
49
430
3
199
381
1
502
115
2
64
149
1
555
551
1
546
462
0
24
15
2
421
234
2
515
125
1
62
194
0
77
172
0
177
340
3
425
323
3
437
47
2
519
46
3
477
427
3
509
135
1
393
145
3
535
348
3
305
418
3
335
309
1
435
524
3
583
439
0
470
311
2
445
255
0
228
436
0
179
419
3
148
73
3
22
80
2
162
109
3
285
259
0
418
471
0
564
238
0
20
349
0
581
270
1
524
575
1
22
496
0
141
90
3
213
74
1
460
599
1
406
377
2
382
137
0
597
300
1
257
517
0
111
429
3
68
463
0
22
214
3
166
444
1
97
124
0
147
47
0
153
130
3
576
334
2
252
227
1
288
408
0
253
587
3
283
322
2
262
170
3
170
285
3
369
566
3
291
621
3
366
590
2
387
184
0
501
197
1
417
512
3
72
109
1
154
36
0
275
254
0
472
307
2
190
27
2
449
269
3
618
446
2
457
407
2
473
8
1
137
317
2
357
396
1
607
169
2
272
221
3
321
181
1
341
281
2
445
221
2
241
63
1
582
176
1
367
46
0
72
558
0
470
614
2
333
40
3
92
433
1
338
551
1
481
568
3
622
326
1
587
498
2
240
526
2
418
587
0
397
567
0
80
532
1
507
214
0
345
36
0
549
368
2
6
178
3
447
306
3
305
317
0
627
18
0
349
61
0
453
623
0
654
325
1
92
168
3
526
93
1
647
320
0
397
594
2
287
638
3
181
606
1
580
204
2
114
666
3
152
521
3
352
336
0
193
593
2
162
123
1
206
84
2
549
605
2
254
605
1
433
170
3
487
633
3
291
51
3
352
276
0
234
402
3
617
566
1
524
542
0
593
398
0
41
574
2
673
437
3
50
280
3
649
617
2
502
297
0
499
167
2
659
297
1
546
564
2
38
521
0
167
454
0
291
692
1
14
591
3
140
661
3
374
121
0
239
500
0
587
474
0
355
691
1
519
218
3
289
525
3
453
690
2
506
92
0
209
230
3
474
644
2
86
283
2
185
224
2
102
109
0
378
597
0
278
323
1
164
162
1
294
127
519
239
155
293
391
604
467
