10
69
94
5
128
69
11
118
33
4
40
24
6
4
118
3
72
43
11
0
57
8
121
121
2
71
48
5
105
117
5
28
31
0
83
134
4
101
10
2
91
68
2
23
75
3
5
121
6
83
17
6
133
34
7
37
117
8
107
30
11
138
24
5
73
21
8
144
132
11
36
57
0
88
0
5
128
0
7
128
36
6
36
94
2
67
113
7
131
121
7
116
93
5
102
9
1
153
131
7
70
150
4
143
12
9
23
34
9
66
79
3
163
86
8
39
98
10
70
6
1
79
12
9
111
87
8
86
144
7
111
29
10
162
37
4
5
82
1
56
9
4
49
140
0
48
130
3
1
75
7
49
15
3
77
117
7
148
16
7
164
10
7
181
40
10
144
128
6
152
20
0
166
24
10
2
103
2
13
46
11
47
122
2
145
53
2
115
131
11
134
7
5
26
134
9
135
20
6
117
125
8
90
4
11
56
18
1
115
59
9
7
196
0
186
181
8
148
145
11
48
132
8
77
200
1
68
52
2
139
3
2
145
38
7
52
138
6
171
155
6
204
141
7
135
140
10
200
196
6
159
134
8
129
191
9
104
77
2
53
72
6
57
165
2
95
7
11
205
202
6
208
150
3
119
119
9
15
83
1
168
50
8
47
100
6
14
160
9
37
130
5
111
209
7
72
193
11
183
111
2
28
96
9
129
124
5
58
163
2
147
163
3
82
190
7
155
126
10
178
3
2
191
43
8
81
28
6
5
50
6
79
211
9
23
139
10
40
12
2
72
49
10
105
153
9
183
77
0
95
145
1
164
198
3
242
109
10
55
207
1
99
160
5
176
126
3
103
189
0
20
153
11
9
36
7
5
124
6
56
164
3
250
120
2
158
209
3
141
243
2
200
131
8
148
163
6
234
105
3
242
18
5
227
140
1
174
230
11
67
54
6
121
58
4
146
249
7
165
258
5
15
183
5
93
54
8
171
132
7
141
25
7
136
71
5
40
126
7
114
1
8
60
51
1
173
84
11
4
149
3
74
103
6
162
42
6
90
2
3
131
228
6
262
28
3
157
60
8
250
18
4
222
113
2
218
75
11
57
60
11
143
14
5
30
152
4
35
128
5
180
138
8
248
201
6
264
132
0
232
262
5
62
237
10
48
79
8
42
170
6
122
75
11
65
186
1
284
141
11
248
282
5
105
168
9
300
80
3
292
233
2
174
170
10
74
216
11
291
304
5
194
90
8
271
20
7
146
233
8
38
265
5
161
25
10
163
271
0
108
116
9
23
144
3
92
256
4
260
313
5
175
290
4
205
202
3
240
286
7
23
236
3
66
272
3
145
150
5
274
111
7
253
233
3
71
110
11
61
94
3
47
115
5
242
89
1
273
193
9
136
222
1
106
259
0
158
162
1
278
162
7
197
184
9
322
296
0
140
73
2
153
333
1
124
219
9
236
284
7
34
308
3
222
248
9
289
172
7
277
327
3
343
167
0
151
19
9
147
71
1
269
281
0
157
204
10
77
127
9
23
238
10
266
237
11
324
94
0
352
52
2
343
103
8
200
282
0
192
253
11
247
178
6
243
36
5
322
129
3
65
349
9
38
109
8
77
236
9
262
8
0
125
93
0
171
166
2
323
176
6
286
146
3
79
186
2
233
303
2
321
130
7
45
320
3
10
114
8
162
302
2
231
246
3
2
114
0
76
143
6
313
117
4
54
61
2
335
313
2
58
67
10
119
91
2
193
15
3
201
159
5
192
294
5
313
283
9
314
94
1
51
105
7
121
238
2
268
260
4
293
184
1
90
282
11
350
193
7
79
176
9
4
197
5
39
13
11
131
215
4
144
359
11
383
250
7
299
7
6
225
139
4
124
82
7
283
43
8
193
257
8
15
119
1
59
237
9
168
54
10
106
224
5
188
147
6
324
72
0
129
307
11
85
200
9
64
233
9
262
149
8
53
36
4
41
344
10
415
283
2
309
376
7
316
181
7
128
97
5
265
75
6
68
292
7
410
280
8
142
298
7
297
9
4
166
260
0
34
177
10
51
291
3
52
116
0
113
314
4
374
428
4
230
18
11
269
148
11
275
374
8
45
30
7
234
67
11
321
3
2
106
254
0
373
10
5
17
378
8
320
189
4
48
226
1
168
390
11
20
408
10
405
221
0
226
61
6
167
304
11
288
36
5
204
23
11
426
395
6
184
344
6
63
319
1
140
145
4
295
208
11
307
253
11
293
153
3
14
267
5
373
54
3
344
376
6
459
363
7
220
89
9
188
423
5
243
386
5
254
28
6
222
250
1
364
11
5
217
209
0
9
345
1
436
179
6
305
310
4
182
266
0
37
327
4
136
331
1
195
371
10
106
8
9
309
297
4
358
250
4
283
389
6
249
190
6
172
476
11
395
314
8
259
178
2
425
85
10
117
100
8
440
327
10
430
6
11
460
334
11
77
93
3
397
16
7
62
461
0
441
417
6
378
90
2
335
190
2
162
45
0
193
372
8
297
340
0
416
457
7
197
256
7
454
253
4
420
170
5
417
269
10
93
227
5
444
342
1
39
127
8
71
446
2
314
11
8
432
14
10
29
88
3
381
22
4
240
201
5
73
27
7
411
52
2
333
301
2
95
19
3
487
196
3
218
287
7
180
274
7
429
379
0
101
112
9
407
369
3
254
162
11
61
347
7
289
48
5
300
437
6
484
413
11
214
180
8
54
114
7
396
315
2
294
51
2
162
391
1
252
24
6
309
173
11
359
282
2
367
232
1
432
69
5
19
14
4
300
277
3
221
147
5
272
444
3
253
503
3
112
336
4
291
71
9
330
456
6
452
261
4
340
365
11
393
168
0
431
510
10
305
132
11
391
130
1
368
86
10
550
56
6
43
200
11
54
235
2
520
111
1
203
120
4
345
533
8
79
443
9
513
477
5
482
340
9
90
58
3
450
59
5
498
194
1
413
485
11
115
183
2
392
183
1
456
335
8
520
37
4
3
32
2
17
256
9
561
141
0
430
202
10
148
415
0
353
525
1
330
571
6
318
512
11
35
111
8
486
124
6
533
368
5
220
380
10
140
198
3
510
108
1
381
304
4
96
394
7
130
217
8
430
218
3
486
474
2
208
241
11
492
558
9
235
78
3
270
398
0
545
363
10
284
551
8
292
547
11
168
504
3
432
141
0
238
575
4
394
177
11
480
217
0
362
125
10
572
524
9
38
71
7
295
488
0
17
433
6
459
36
0
166
54
5
271
33
9
290
208
4
314
536
5
5
9
6
468
332
7
295
135
8
351
367
10
342
584
10
248
441
6
233
95
9
322
559
1
495
531
7
370
548
1
122
282
1
569
418
10
406
158
3
446
186
2
84
459
7
42
227
7
509
399
8
77
484
0
349
375
0
369
528
2
46
609
9
90
38
5
498
464
6
563
622
0
617
346
5
126
59
11
82
557
10
399
43
10
491
242
10
157
589
10
429
612
3
168
275
1
402
34
3
221
29
8
547
36
7
522
48
4
126
106
11
387
616
5
88
182
10
465
356
3
321
595
8
280
450
9
122
307
8
377
532
11
308
345
2
40
380
2
303
234
10
553
497
3
609
271
1
561
223
3
441
624
10
628
474
0
541
163
7
324
196
10
376
215
4
585
47
4
527
129
6
279
600
3
183
260
6
363
506
9
104
202
4
11
132
2
311
126
6
263
120
9
332
295
7
349
379
11
182
391
1
350
569
8
514
444
5
639
357
2
338
360
7
338
392
2
477
446
10
668
290
7
605
32
8
100
579
1
259
201
1
28
479
4
285
261
8
215
299
10
604
470
7
520
319
3
132
164
4
437
61
4
680
445
10
208
633
3
669
389
3
533
241
10
146
69
9
581
161
2
570
332
6
428
141
1
301
519
8
97
519
1
72
435
4
25
341
2
87
313
0
111
139
3
46
654
1
623
611
7
78
372
8
526
201
4
32
543
6
583
430
10
545
173
8
368
307
3
604
459
1
313
660
3
630
51
6
681
272
5
228
138
7
212
345
1
29
469
10
446
407
3
549
98
1
675
79
10
127
435
8
27
514
11
640
195
608
642
330
112
59
650
545
88
133
141
218
92
682
372
