3
80
76
9
55
17
0
71
40
0
112
115
3
126
85
6
50
58
3
37
58
11
18
74
9
112
23
10
75
15
0
112
56
2
22
111
6
116
15
11
73
41
6
132
140
2
131
20
8
64
1
0
37
35
1
90
105
11
31
105
8
18
137
0
132
44
8
141
129
11
143
1
5
121
8
9
48
86
7
30
50
5
97
48
5
111
98
1
123
20
8
101
10
6
30
10
8
75
83
10
23
51
7
52
32
4
128
36
10
145
95
5
88
150
1
6
37
8
124
10
0
86
101
3
68
19
11
84
102
2
148
88
1
160
90
9
144
13
5
42
11
1
2
86
10
168
43
7
139
103
5
86
96
1
104
0
7
72
18
5
179
73
8
176
162
8
113
94
10
124
66
9
113
75
1
84
163
10
11
186
10
89
134
3
96
110
0
24
91
11
29
54
2
100
65
2
16
154
4
57
182
2
156
134
1
166
143
10
52
66
11
22
33
1
182
149
7
173
81
2
116
39
11
67
74
6
138
139
4
111
51
1
16
158
3
73
164
10
116
147
9
113
162
11
10
120
9
34
111
1
33
3
10
174
152
10
192
66
0
67
28
8
95
41
6
1
167
3
159
182
11
23
13
6
102
175
6
194
92
4
116
195
10
39
219
1
59
20
10
91
145
6
196
177
10
56
69
9
135
27
4
211
85
4
67
116
7
151
225
3
171
41
0
157
54
0
220
209
10
89
25
9
233
105
9
117
122
2
52
4
9
198
9
3
131
167
1
22
41
1
163
45
5
173
78
11
48
131
9
91
207
6
208
203
3
210
123
8
146
9
5
190
216
10
120
132
11
34
32
3
239
48
9
232
222
3
118
11
11
21
177
3
146
175
11
79
249
3
153
103
3
10
243
4
146
97
10
149
258
10
48
234
9
74
150
8
158
245
10
20
163
10
155
177
10
33
85
11
214
166
2
30
208
4
39
118
10
142
124
6
48
228
1
65
104
10
211
261
9
221
49
0
14
10
7
67
48
3
167
189
7
117
45
5
138
262
1
91
2
4
252
17
11
190
168
9
245
169
8
245
138
4
190
275
8
42
75
0
115
56
2
177
236
6
265
255
3
74
182
6
273
162
5
125
160
0
61
69
6
253
114
3
26
181
5
40
215
3
246
49
8
275
295
7
91
210
9
95
93
11
12
175
1
236
182
11
34
9
11
263
146
9
21
89
6
248
96
4
251
27
4
206
131
6
155
266
4
148
180
3
62
17
10
121
278
7
6
200
2
39
301
10
80
26
7
203
259
2
205
281
9
278
169
9
9
139
5
269
145
9
105
183
6
301
236
9
303
312
3
299
138
3
210
167
9
74
133
0
261
232
3
165
189
5
16
52
1
165
309
11
78
176
0
260
80
7
260
310
7
40
106
9
268
204
2
0
283
10
227
336
3
48
78
9
57
217
8
127
178
4
206
311
11
169
325
3
140
97
9
141
338
7
184
111
11
57
68
2
180
198
11
44
117
7
46
87
7
156
125
9
278
210
4
46
174
0
56
240
6
202
292
3
207
37
2
2
143
0
142
50
8
71
46
7
228
191
2
114
138
6
343
241
0
126
162
10
184
236
2
180
126
1
261
99
1
68
262
3
70
278
11
138
65
1
299
291
0
352
275
6
302
134
10
167
283
4
131
110
4
239
140
10
294
62
1
18
337
3
102
287
6
61
11
5
115
84
5
14
66
2
78
49
2
55
8
2
81
362
0
271
274
6
71
15
6
103
109
5
42
306
4
251
23
5
365
65
2
177
120
6
51
53
0
78
178
8
270
231
7
183
64
3
291
249
2
261
173
6
282
320
1
288
132
4
193
186
5
380
253
6
356
156
7
333
181
4
118
173
6
226
387
0
331
239
4
102
190
10
123
229
7
304
384
0
35
107
1
190
129
8
387
267
1
138
76
1
296
401
3
350
297
0
64
413
6
56
174
4
367
224
6
110
356
11
364
326
1
240
49
0
63
307
1
316
418
10
208
348
10
234
172
7
218
256
3
298
77
4
238
346
9
211
73
9
298
354
7
338
40
3
412
72
1
220
187
0
406
43
11
30
140
11
399
312
2
107
345
3
308
385
6
183
281
0
212
381
9
112
273
6
342
281
1
142
152
1
358
117
7
339
220
6
69
302
5
126
218
9
144
299
9
207
103
5
428
7
2
23
91
8
442
419
6
128
204
6
239
61
6
235
176
1
211
128
4
256
74
9
246
331
4
36
132
11
387
369
6
272
145
6
134
143
0
371
169
4
207
118
11
377
330
2
56
283
8
307
107
1
213
75
3
269
303
3
358
364
3
207
317
10
320
385
1
20
409
1
381
108
9
411
212
6
57
380
6
81
116
11
102
469
9
227
308
7
27
104
3
244
96
1
129
429
7
176
11
10
154
317
8
78
444
5
7
20
1
284
376
9
256
39
7
412
65
5
67
457
4
489
337
3
148
288
10
336
309
8
157
46
5
11
170
4
441
175
1
137
47
7
255
142
2
77
485
1
331
90
1
227
240
4
196
336
0
298
131
10
122
375
7
397
396
9
408
341
0
343
324
6
67
283
9
220
481
9
137
364
4
507
172
8
254
234
0
439
461
10
356
87
6
105
393
3
237
26
9
312
173
6
52
47
11
489
22
7
125
191
11
167
434
11
210
218
5
380
60
6
318
354
3
377
86
9
255
201
10
474
187
0
213
184
7
27
348
11
279
394
4
307
99
4
353
490
9
223
418
6
110
487
3
254
461
11
302
501
1
174
127
1
331
143
1
216
375
0
359
67
1
265
131
0
381
96
2
333
419
4
45
244
3
479
486
2
321
308
5
479
235
11
36
292
6
390
365
0
270
81
7
52
370
7
309
480
2
169
320
5
274
61
3
209
222
3
132
346
8
320
315
1
483
122
4
139
515
6
189
17
1
435
269
10
42
417
10
55
71
8
284
142
2
382
192
11
485
37
10
493
304
11
548
282
10
492
286
10
493
134
1
47
357
5
152
542
4
381
247
0
205
219
2
523
162
3
296
433
3
193
453
10
355
41
2
287
177
8
296
216
11
191
288
9
421
419
6
63
358
10
286
126
4
389
25
6
21
399
6
280
503
6
256
228
0
584
65
8
524
166
1
11
198
4
68
57
4
264
118
5
397
483
4
440
381
8
297
24
5
334
516
9
58
21
5
43
220
0
297
478
4
231
485
10
352
208
6
470
326
8
147
567
7
99
348
4
350
129
11
539
251
3
54
310
7
539
332
3
527
608
4
401
448
2
519
199
2
140
568
3
283
221
9
605
279
5
379
167
6
592
423
8
136
83
9
238
81
10
610
554
7
605
316
7
501
12
4
70
144
7
578
357
10
100
603
2
132
352
0
297
413
0
9
205
4
446
133
11
81
600
0
34
516
1
118
77
9
236
248
8
156
359
11
2
535
10
99
140
2
579
167
11
316
283
7
559
37
6
80
227
4
119
535
6
444
126
9
628
500
11
2
356
0
479
235
9
221
441
11
454
535
7
120
366
1
212
469
11
593
368
3
449
222
1
490
21
4
325
500
11
262
613
4
254
311
4
352
43
5
79
176
5
567
393
1
515
491
7
298
577
2
609
50
4
152
549
2
297
555
8
91
268
1
399
535
7
395
526
10
639
161
3
60
430
9
27
436
5
401
284
0
103
665
9
31
99
0
320
307
8
648
192
9
634
177
0
305
454
3
598
464
5
135
448
3
278
119
1
646
47
1
224
498
0
668
285
1
88
645
4
11
50
4
20
360
9
154
604
4
349
339
10
254
375
7
104
436
0
262
242
4
247
381
10
663
229
11
657
252
9
640
686
7
25
86
6
339
432
2
294
464
3
455
565
2
628
681
10
7
642
2
419
494
2
99
467
2
343
330
7
518
427
3
522
594
3
548
543
6
625
97
3
351
143
2
297
528
1
115
472
7
35
300
6
70
86
0
304
341
5
289
515
4
395
554
11
543
367
1
377
304
11
608
417
9
686
252
9
314
446
1
669
83
0
363
119
2
656
607
1
680
361
6
329
671
11
298
538
10
241
514
7
605
102
49
428
50
149
84
381
394
665
238
55
419
500
90
721
342
454
674
419
