7
45
106
8
124
42
1
29
22
0
52
75
11
130
104
5
85
69
7
2
37
10
8
129
4
35
26
2
0
129
3
98
126
9
99
9
10
50
134
11
136
9
0
46
6
4
22
110
10
6
14
6
133
48
4
5
10
5
129
76
10
77
95
11
134
43
6
22
115
5
45
56
1
113
35
11
53
42
11
88
11
10
150
43
6
90
127
10
40
87
9
60
93
0
5
69
9
110
35
1
105
47
6
110
129
9
124
53
2
54
105
5
9
66
4
42
90
5
17
93
7
7
129
5
12
67
11
3
105
0
0
73
11
129
67
5
1
150
6
109
92
6
155
135
2
161
61
8
138
23
6
134
67
7
134
43
3
126
6
1
179
121
4
171
143
0
154
2
1
147
114
2
67
11
7
83
16
0
177
31
7
69
146
8
141
56
2
141
114
0
116
121
5
55
142
5
41
17
6
39
60
3
160
137
8
111
101
1
78
144
3
79
157
9
111
17
10
183
100
0
38
138
11
200
112
11
163
117
9
170
31
3
153
16
10
82
133
5
143
178
4
54
67
0
72
147
7
190
50
7
38
41
8
166
176
2
39
45
11
129
14
0
180
110
5
176
165
3
34
198
8
115
45
4
125
71
10
4
18
2
112
71
5
31
192
5
153
211
2
198
107
10
135
89
6
93
137
3
13
114
11
16
121
8
123
185
2
67
42
9
11
110
7
212
119
2
29
104
11
218
178
6
192
203
4
38
200
3
47
101
3
145
216
6
75
13
0
81
53
5
142
227
0
186
231
7
146
146
5
116
73
10
150
186
1
171
242
4
24
91
10
141
97
3
176
95
9
216
226
7
92
41
9
62
35
3
210
36
5
25
173
0
166
62
6
70
181
9
221
181
5
239
29
8
202
210
5
251
93
11
195
140
3
121
107
10
53
123
5
31
81
10
181
123
2
135
105
5
77
262
9
202
169
11
41
230
7
152
28
8
258
184
8
46
67
2
163
28
1
131
122
10
39
34
8
155
121
10
241
178
9
251
46
1
163
68
11
17
91
4
278
205
0
245
228
8
188
22
1
142
157
9
251
23
8
160
79
7
79
153
7
122
278
9
156
185
5
252
188
1
112
58
5
222
50
3
177
62
11
278
47
8
239
56
9
105
267
9
124
188
9
161
39
0
221
256
4
1
261
4
134
203
0
136
188
3
182
95
0
261
200
0
129
297
1
65
170
1
303
180
1
292
278
8
16
293
9
25
140
2
32
27
3
296
214
9
32
162
5
208
299
7
44
5
3
289
113
10
196
69
0
116
160
1
19
283
10
204
279
3
25
289
11
291
295
6
294
191
1
37
32
8
208
23
4
76
255
4
193
276
7
31
232
10
225
287
3
275
51
7
174
104
1
122
259
0
42
9
10
123
303
9
130
298
7
75
334
2
80
7
8
3
110
10
299
209
10
229
282
8
279
93
3
193
194
11
172
203
0
307
208
6
197
318
11
16
96
1
59
86
2
240
24
6
331
108
10
67
170
8
186
64
2
63
126
1
350
228
1
93
312
11
175
346
2
254
278
2
273
257
4
81
243
9
113
343
7
258
278
7
55
150
1
25
64
8
149
210
4
19
231
0
148
21
5
241
57
6
201
117
6
174
223
7
78
35
2
179
81
9
242
369
8
277
320
8
252
172
3
251
108
9
75
208
7
335
168
1
287
287
11
366
259
3
69
55
7
162
141
10
185
380
11
287
145
11
319
245
11
17
263
1
379
335
9
101
156
6
234
330
2
59
132
4
349
147
8
389
335
5
82
134
6
343
224
1
266
351
8
262
273
0
250
283
6
73
327
0
348
355
1
192
278
2
389
215
4
99
338
10
243
50
3
58
1
1
378
378
9
162
66
1
395
203
2
17
326
3
252
171
8
310
83
7
188
299
4
172
175
7
316
155
4
16
388
1
348
7
6
351
140
10
404
365
1
206
410
10
16
299
1
31
183
11
33
294
11
236
34
9
383
229
7
413
6
6
185
313
5
398
295
4
383
196
4
259
58
0
297
288
3
28
57
3
342
313
9
123
415
3
416
26
8
27
13
11
288
380
3
150
170
6
157
206
4
289
71
5
179
421
5
55
307
4
84
294
6
129
239
6
213
335
5
421
389
2
223
169
11
416
225
4
230
49
6
169
150
11
423
245
10
282
152
2
315
84
11
180
36
7
18
111
11
429
301
0
59
293
6
332
78
3
415
240
1
311
311
10
260
413
0
55
79
6
318
321
4
227
69
10
371
275
7
414
283
4
341
417
10
157
155
0
338
212
5
204
97
3
55
34
3
39
146
4
350
128
1
78
256
10
226
263
10
269
373
5
169
101
4
67
364
6
424
62
10
357
8
11
397
137
3
191
431
3
266
350
4
271
237
7
88
168
1
206
45
6
119
410
5
157
302
6
164
252
1
383
315
4
177
299
2
437
420
1
170
68
11
400
214
9
276
45
5
234
197
9
149
138
3
417
188
9
86
104
10
315
446
7
299
369
6
471
130
4
86
447
3
12
258
7
357
68
6
436
406
7
447
463
2
141
289
4
273
10
5
493
471
10
365
94
4
503
372
3
259
37
5
68
438
5
422
107
8
365
468
6
388
209
3
262
503
7
188
169
5
270
461
11
151
23
9
444
372
11
102
11
3
422
286
5
506
474
1
24
219
8
137
170
5
90
481
5
358
382
3
255
75
9
518
232
5
458
315
6
150
47
8
450
451
2
93
423
4
499
447
11
457
452
9
384
247
11
253
288
11
439
196
0
523
470
1
506
273
5
331
382
3
435
292
7
312
388
9
373
72
5
128
271
5
208
292
3
226
123
0
151
428
7
376
65
10
250
279
9
162
425
9
181
22
6
197
119
9
538
341
5
475
181
5
355
144
10
452
413
6
187
421
5
48
209
7
24
410
11
363
153
8
553
453
5
544
284
5
326
401
5
423
417
4
436
521
10
20
50
9
36
253
8
379
156
8
287
466
2
348
527
9
0
292
1
154
358
9
14
59
11
105
137
9
300
321
4
279
278
0
100
347
1
244
541
1
66
392
0
104
417
7
64
20
7
166
164
1
394
246
5
268
121
5
481
214
6
236
556
4
259
216
11
46
16
4
143
100
7
290
11
11
127
292
4
418
454
2
343
176
7
129
399
11
135
428
4
488
214
9
294
184
8
228
477
5
523
190
11
151
39
8
461
515
6
371
110
1
175
57
7
374
84
9
460
588
6
541
265
0
417
592
0
341
580
1
457
131
4
552
316
2
97
62
9
206
247
6
585
54
6
474
59
11
361
68
7
30
108
2
373
201
8
404
279
7
292
349
9
357
115
7
297
555
5
4
40
2
311
564
5
410
211
6
50
15
3
191
385
5
95
463
1
36
462
5
431
189
7
338
351
9
463
176
11
540
206
8
412
29
3
171
35
7
7
610
7
606
117
8
611
100
4
21
501
7
8
588
1
423
603
1
2
31
10
596
433
9
587
572
10
617
308
6
554
11
8
31
208
7
323
388
2
423
236
4
196
412
0
418
4
1
363
52
9
476
278
1
359
512
1
18
122
10
558
129
11
322
519
5
252
262
4
553
36
10
230
103
10
295
24
11
382
449
3
161
406
6
479
286
6
394
528
2
659
494
0
623
499
1
555
535
5
281
94
11
574
118
7
459
87
11
286
524
1
398
470
3
610
544
0
385
609
4
284
584
4
356
523
5
538
639
11
346
79
3
488
297
8
4
5
0
256
288
9
595
22
1
39
406
7
549
388
7
98
176
9
333
672
2
575
493
1
214
549
9
305
343
11
152
580
1
656
489
4
369
346
9
308
511
1
167
263
8
281
236
9
109
662
4
293
444
0
105
537
9
85
383
3
344
422
0
69
105
2
498
381
4
522
91
2
482
212
9
232
156
11
401
492
6
641
484
8
338
435
5
21
237
3
520
609
9
328
23
3
537
669
9
486
550
7
452
466
3
349
300
0
107
498
3
561
397
5
600
458
4
395
144
11
429
51
0
73
212
0
474
389
7
18
660
4
354
288
5
325
674
5
134
206
7
176
572
0
66
265
517
403
640
165
163
154
61
323
304
671
312
527
414
688
317
699
141
582
