6
63
20
4
79
34
1
69
31
10
60
89
0
36
12
5
43
4
7
16
76
2
13
124
9
98
74
2
38
0
8
88
14
2
90
53
1
61
28
2
101
130
7
134
26
2
130
118
4
69
73
7
86
56
6
33
26
8
75
31
2
139
138
8
44
77
10
52
100
6
84
48
7
150
66
3
39
130
1
148
123
3
152
124
8
111
0
5
4
8
10
33
54
8
66
27
4
75
67
3
129
138
6
76
9
3
41
157
1
111
145
7
11
128
6
16
108
11
36
65
10
146
85
11
34
147
1
94
31
3
95
164
9
21
54
6
34
108
2
75
95
5
77
28
6
56
153
5
24
95
5
13
31
8
148
144
9
10
52
9
99
151
11
166
167
4
77
67
3
172
147
0
115
4
8
93
71
7
49
31
1
32
146
1
84
58
8
117
107
6
47
12
2
183
157
0
43
141
9
49
58
4
135
45
9
192
171
11
171
125
4
170
191
11
122
29
1
198
42
0
60
110
6
163
145
0
193
151
11
115
36
4
185
148
1
133
46
9
194
61
7
77
183
1
135
116
10
102
124
2
137
166
2
65
189
4
22
124
11
63
137
5
159
195
1
45
194
5
92
53
8
186
126
5
62
95
11
61
200
7
203
149
10
192
17
1
126
31
1
76
60
8
51
41
6
128
133
6
220
110
0
67
36
9
213
147
5
170
21
10
150
66
8
158
183
2
0
190
1
163
40
3
90
145
9
148
44
4
170
14
0
81
106
1
153
26
5
141
216
4
120
33
8
198
234
2
47
201
6
202
87
2
0
44
3
184
191
6
12
225
4
153
204
10
226
204
2
43
181
4
60
5
1
113
30
8
226
104
8
70
185
6
56
50
2
254
64
6
14
24
11
25
168
7
141
87
2
132
250
6
91
147
9
48
45
0
14
20
6
199
118
11
133
77
5
212
57
2
17
264
1
176
223
5
55
76
0
38
184
3
66
42
2
44
6
3
231
151
8
64
41
1
138
155
6
95
68
2
240
123
9
57
90
7
116
255
11
268
238
0
74
124
1
147
253
11
51
104
11
164
191
5
255
22
11
257
61
4
92
64
10
52
173
7
133
87
3
65
142
7
97
272
5
225
269
7
11
292
9
286
190
5
6
259
8
4
145
7
143
100
10
201
95
1
220
96
4
0
252
4
134
19
9
262
98
9
121
185
0
162
214
10
78
163
2
183
178
7
152
218
0
50
165
1
49
15
9
179
94
11
185
1
8
53
16
3
270
216
10
264
60
1
54
274
4
22
109
9
82
34
8
258
55
4
176
198
3
12
48
11
177
5
11
231
164
5
214
317
10
164
113
3
61
31
10
109
147
9
200
8
10
10
93
11
312
137
6
324
103
6
291
213
9
48
129
8
315
243
4
105
245
4
322
79
3
282
76
10
266
104
10
251
173
2
128
210
3
259
209
8
107
55
2
225
136
2
334
121
9
77
333
10
131
278
5
146
278
1
46
293
2
143
2
3
121
66
1
72
150
2
100
148
9
180
200
3
273
36
4
333
282
10
346
226
7
309
283
5
356
175
9
236
28
10
119
113
9
46
109
11
303
354
4
46
113
4
176
3
11
68
15
9
89
281
3
363
67
10
329
204
11
241
121
6
218
291
1
171
164
0
233
189
10
56
74
2
252
257
0
302
3
5
108
21
4
289
327
10
18
249
7
76
223
11
35
221
10
208
244
10
39
86
8
265
237
4
181
332
9
270
92
4
183
161
4
46
74
11
193
52
6
63
350
4
138
154
7
324
369
9
28
25
1
172
149
9
252
44
7
210
321
9
152
128
1
364
256
3
13
195
4
209
59
5
127
39
4
132
12
10
398
235
1
205
178
2
56
33
4
268
30
3
394
332
2
87
14
9
100
49
5
306
259
3
265
287
1
79
183
6
165
241
8
122
228
4
168
11
11
162
154
2
330
261
8
206
288
1
99
364
5
317
298
11
47
23
3
115
64
10
310
71
5
316
252
1
404
388
9
330
291
6
267
132
5
264
190
11
9
159
4
192
426
6
295
172
10
81
131
0
84
268
7
146
5
10
118
275
4
281
314
6
361
246
10
294
189
5
281
257
6
18
121
1
102
432
4
302
272
7
133
198
7
244
42
4
30
327
0
32
442
10
264
153
3
94
78
11
289
283
8
371
254
4
122
220
2
272
215
11
167
269
9
405
394
6
370
328
5
115
431
2
132
314
11
453
46
4
41
357
8
211
57
1
403
332
8
377
53
0
250
130
8
186
320
9
61
353
2
353
147
9
456
328
11
215
277
1
30
243
1
405
13
6
248
140
7
461
0
9
277
246
4
327
82
0
136
364
5
39
298
1
426
384
5
33
411
0
94
137
2
393
397
3
284
297
9
416
448
6
395
419
2
131
182
2
390
114
8
196
462
11
245
45
8
194
13
2
387
446
4
37
174
10
350
374
5
428
344
7
20
154
10
231
44
11
108
394
10
390
30
8
396
204
1
426
404
9
382
93
4
157
164
9
380
472
10
284
460
0
382
31
9
422
279
5
344
461
2
500
19
11
474
233
4
399
127
10
449
180
11
137
171
11
368
346
7
69
155
9
491
112
11
477
405
6
271
118
7
215
258
1
240
151
1
357
131
7
321
24
11
118
104
2
101
403
2
331
339
2
282
455
8
463
274
4
208
518
3
8
23
0
291
222
2
513
336
10
407
193
8
119
319
8
415
411
0
2
197
11
306
441
7
232
298
2
160
231
11
398
26
7
199
524
8
89
18
4
190
483
3
283
115
5
140
465
3
510
413
3
216
422
11
155
490
4
509
452
6
473
445
6
373
138
4
103
403
4
176
66
8
331
51
1
252
546
11
55
178
9
514
233
9
75
363
6
418
363
11
36
418
4
242
275
11
23
172
2
38
297
4
84
117
2
456
433
0
154
100
2
88
240
6
230
159
10
126
242
6
428
431
7
117
49
9
182
107
6
7
455
4
114
413
8
342
329
10
389
246
6
79
275
6
476
135
3
427
192
7
505
161
2
192
515
10
172
220
11
442
317
2
460
109
4
209
475
1
437
417
8
47
502
10
494
5
4
94
135
8
468
299
5
489
389
6
443
52
11
331
200
2
335
73
5
482
198
7
536
350
6
500
88
7
406
478
5
209
5
2
104
31
11
1
459
1
492
504
6
568
482
6
85
254
7
249
380
6
308
264
4
526
569
8
263
407
6
319
272
3
485
307
5
209
105
3
79
602
5
314
407
8
267
148
2
506
541
5
90
445
3
344
208
6
413
296
9
127
146
8
66
132
8
116
228
11
456
325
11
316
504
5
201
254
7
71
540
9
273
235
4
118
608
8
61
613
11
433
612
9
374
7
7
556
208
5
564
479
9
487
471
1
181
89
11
397
55
0
131
510
11
608
503
8
565
102
6
104
213
4
380
580
2
319
467
10
628
357
2
73
622
7
358
440
4
440
318
3
2
548
4
376
37
11
623
609
3
404
139
1
533
396
5
246
119
2
384
185
2
103
579
9
527
401
2
343
514
10
264
527
11
603
245
9
12
466
6
370
400
1
376
592
6
551
615
4
403
597
10
320
653
4
80
369
3
369
369
4
616
131
7
409
327
5
214
259
0
267
451
9
184
624
9
415
244
6
467
291
2
565
6
11
545
520
1
302
457
3
469
464
0
15
166
4
357
645
4
101
52
5
51
114
11
49
34
6
535
86
5
438
459
11
657
644
8
79
316
5
202
343
7
1
450
4
557
42
6
364
352
3
268
397
1
683
567
3
548
189
4
437
437
0
638
30
10
596
459
5
339
538
4
514
307
6
632
504
6
422
80
9
577
156
8
665
41
7
687
245
10
615
695
0
339
662
3
584
365
2
483
277
10
152
53
9
162
213
8
683
153
1
133
190
1
11
634
4
293
590
6
484
520
1
14
130
8
84
391
6
495
502
1
474
347
8
697
676
2
273
85
11
530
469
2
552
338
11
379
492
0
131
247
4
569
675
6
286
545
5
309
360
3
341
583
8
591
511
9
648
196
4
166
81
0
518
663
4
587
347
3
372
392
295
715
605
333
225
26
