11
38
126
3
62
126
0
12
45
3
22
113
8
65
49
4
44
39
9
54
86
5
129
77
1
74
52
1
62
44
4
133
131
6
106
89
2
65
15
5
16
138
8
103
121
5
5
33
3
58
143
10
64
92
10
76
61
8
91
25
9
125
75
9
103
33
2
51
97
4
5
98
4
72
17
6
126
115
1
62
105
1
58
12
11
32
27
11
95
46
2
23
146
4
60
2
10
25
88
0
73
55
8
29
12
4
111
86
11
124
94
0
41
157
0
25
54
7
119
91
11
25
141
9
106
75
9
65
57
11
51
115
1
32
52
3
45
42
2
21
56
3
0
110
2
171
158
10
56
158
6
24
90
10
161
25
11
119
129
7
111
35
10
39
5
1
172
122
9
1
6
0
146
40
2
72
113
6
169
89
5
158
98
2
88
164
0
50
130
7
30
133
5
164
93
2
147
129
8
147
59
7
120
102
9
33
122
0
188
46
0
178
126
11
67
148
2
119
47
6
74
93
7
184
167
3
194
141
7
65
168
8
144
40
8
196
111
2
111
57
2
58
123
1
45
137
11
65
75
0
94
170
3
57
107
10
136
165
2
87
154
5
164
103
9
19
122
7
2
176
9
38
66
5
19
154
10
67
56
3
75
100
11
11
6
7
134
190
0
189
48
8
163
89
4
54
180
1
7
36
3
122
65
1
61
5
7
15
60
5
218
192
1
61
133
11
213
158
6
32
177
0
223
73
2
132
196
11
123
197
4
60
156
10
224
61
0
125
171
3
97
36
7
138
44
5
184
179
8
233
21
9
143
244
8
211
125
9
94
204
0
207
54
6
1
59
5
200
243
3
43
158
11
61
243
0
177
133
3
22
225
5
100
67
6
96
56
6
206
16
8
5
24
6
191
77
4
46
66
7
27
67
9
155
212
7
85
40
0
181
176
3
161
231
0
202
263
7
120
159
4
229
202
7
85
14
2
231
182
1
155
250
11
10
32
11
96
180
8
159
120
4
256
165
3
129
7
10
182
124
5
112
142
7
268
252
9
234
97
0
215
199
6
139
232
1
47
67
7
256
66
10
191
116
9
116
14
0
105
143
9
55
287
2
13
135
3
135
164
11
120
8
9
29
127
8
37
145
10
95
239
8
80
33
3
218
149
11
39
183
9
255
196
8
276
129
8
151
195
9
247
90
11
250
229
5
138
50
3
178
218
8
10
134
2
218
109
8
260
54
10
181
187
4
54
20
6
217
73
3
13
280
0
64
113
11
292
188
6
83
196
7
306
71
0
25
103
6
6
190
9
41
101
8
237
152
9
271
51
10
203
242
1
313
41
1
231
310
7
146
44
6
194
306
1
259
208
11
66
305
5
57
216
11
300
229
2
216
260
9
60
95
6
135
49
9
242
95
8
11
327
11
161
127
1
154
303
0
24
145
10
46
297
6
164
68
3
62
190
2
220
282
6
285
61
1
209
115
4
204
303
8
338
11
5
121
141
2
120
218
2
230
124
10
226
129
2
297
238
11
25
276
1
83
34
9
327
62
1
327
270
8
339
222
10
56
101
10
136
189
7
183
24
11
249
271
5
228
295
5
297
32
2
87
157
5
300
20
1
209
308
1
131
90
2
26
285
1
28
179
6
282
343
10
160
210
1
97
273
2
255
0
0
229
93
3
94
82
2
271
182
7
188
304
8
116
121
5
359
39
5
151
166
9
158
287
0
238
352
8
351
64
4
238
308
10
113
19
4
240
190
1
282
140
10
35
46
1
367
135
8
179
88
5
202
134
9
200
298
0
164
110
9
268
243
5
254
93
9
332
218
6
325
141
10
150
71
6
94
313
10
177
98
10
97
6
3
173
389
3
33
67
4
292
339
11
230
301
0
86
233
2
317
153
9
267
326
10
80
299
5
72
284
2
183
221
11
35
38
6
111
58
5
93
78
5
195
167
9
257
320
4
283
398
0
35
192
10
203
227
3
75
132
1
159
395
7
368
204
9
165
113
5
171
132
7
310
65
2
44
143
2
219
20
4
83
376
0
230
173
2
295
236
5
322
413
7
140
198
5
60
41
6
100
377
8
334
32
11
348
368
6
378
275
7
43
24
9
434
382
4
243
293
7
22
334
0
153
123
9
43
26
8
166
406
3
400
149
6
417
62
8
420
266
5
326
233
6
80
24
3
378
120
10
268
319
4
418
443
5
189
409
10
359
45
10
375
100
9
218
135
11
319
208
7
259
64
2
431
192
10
213
161
10
319
272
10
301
443
7
134
388
6
230
87
5
240
5
0
327
198
10
69
157
6
281
447
10
305
88
1
79
376
7
456
426
8
68
394
2
70
160
1
161
255
10
467
30
5
1
124
8
17
446
9
121
229
11
103
242
2
321
379
6
169
369
3
275
88
7
44
1
0
356
188
2
349
388
7
302
156
9
92
237
11
13
274
9
116
72
8
391
212
6
353
244
1
468
226
4
305
278
4
446
290
2
161
259
2
210
476
4
441
77
9
11
474
5
464
29
3
139
183
1
13
439
6
82
10
9
389
367
4
170
252
2
49
121
11
204
426
1
176
224
6
144
346
7
179
127
0
66
71
10
0
157
7
492
171
5
104
224
7
24
83
10
219
75
2
285
220
9
478
399
1
416
68
8
72
96
0
288
374
7
230
230
4
126
118
2
393
67
11
382
449
4
271
453
7
486
6
11
66
470
3
352
239
1
41
519
3
48
471
1
475
95
11
368
444
8
483
511
2
195
368
3
407
450
2
508
188
1
361
493
3
476
314
4
183
102
10
232
334
8
234
166
1
477
132
5
435
216
7
293
247
1
418
190
5
118
141
6
160
59
11
432
190
6
173
114
8
132
186
0
167
515
7
212
248
8
170
295
11
519
196
4
430
502
5
163
248
4
393
254
3
554
26
2
49
148
9
395
85
5
258
368
7
524
347
0
124
161
4
190
144
4
246
156
6
456
56
11
345
261
0
499
370
5
269
11
0
71
198
3
314
409
5
207
228
9
529
496
10
466
219
7
268
353
9
207
272
1
129
543
3
570
135
11
232
70
2
176
352
2
164
125
1
434
199
8
124
474
0
180
428
7
127
5
4
451
352
7
113
431
9
375
202
11
204
203
0
515
37
6
332
180
6
336
228
0
275
33
2
557
108
7
52
264
10
292
524
8
377
180
3
71
222
2
388
249
3
244
191
2
73
154
5
519
133
3
181
322
1
227
110
0
50
514
7
551
310
10
187
217
8
300
581
1
462
554
8
287
81
0
269
131
0
251
241
11
148
327
6
80
333
6
482
428
9
91
478
11
87
457
7
20
468
6
57
115
10
59
288
1
47
177
1
566
333
8
70
38
3
184
220
7
165
578
2
613
327
11
525
24
9
608
71
11
74
608
1
168
459
2
561
497
9
329
559
8
602
591
2
104
54
11
146
245
7
399
26
10
146
156
5
265
601
5
22
115
11
32
169
5
444
243
7
169
113
3
308
446
9
502
169
1
467
248
2
593
360
8
223
294
5
497
327
3
27
334
4
116
183
5
578
369
1
394
371
3
219
403
8
177
265
4
70
341
3
227
255
0
22
435
4
72
497
6
368
198
6
525
229
6
451
576
2
457
542
1
200
146
4
324
283
3
152
326
1
24
317
10
140
273
0
563
378
3
654
409
9
577
170
7
537
468
1
447
599
7
49
467
1
224
190
9
164
665
3
167
377
0
422
581
2
178
527
2
229
149
4
176
108
6
294
196
7
430
481
9
86
542
5
206
508
10
434
223
3
236
664
6
293
556
6
207
265
8
72
278
0
160
195
0
671
85
10
608
593
4
512
521
7
396
141
4
303
452
7
544
24
7
67
592
6
5
112
0
386
116
10
348
221
5
69
121
10
415
549
3
363
179
6
229
49
4
227
689
9
443
421
10
478
36
2
148
92
4
341
490
4
614
34
10
683
631
10
462
210
1
356
339
3
96
14
8
192
168
10
677
472
11
242
77
10
651
128
0
34
378
5
458
255
3
538
380
11
565
690
3
426
412
8
85
657
7
671
47
7
394
487
11
55
498
10
341
349
8
232
469
254
197
636
211
641
96
