2
33
106
0
24
62
2
82
116
0
93
42
0
129
106
0
59
22
1
103
86
0
99
64
0
85
63
0
132
128
1
88
4
3
130
61
1
115
21
1
43
131
1
20
51
0
118
77
1
100
90
3
0
140
2
95
80
3
12
23
3
62
101
1
80
55
3
22
81
0
105
132
2
95
125
3
104
38
2
124
35
0
56
80
0
45
102
2
50
133
2
118
89
1
50
114
0
20
20
2
158
63
0
97
145
0
27
115
2
121
95
2
72
159
1
92
138
0
1
139
0
130
12
3
52
38
2
141
95
2
0
73
0
143
119
0
151
24
3
16
119
3
78
129
2
107
158
0
89
152
2
8
25
3
38
162
3
85
132
3
61
116
3
138
141
2
128
91
1
97
45
0
164
98
0
81
148
0
61
32
1
99
8
0
49
100
1
23
65
2
51
34
1
157
50
2
70
175
2
170
188
3
191
30
1
33
142
3
127
44
1
129
169
3
46
192
2
173
26
2
65
11
3
52
41
1
54
97
0
199
5
1
24
82
1
182
50
0
6
177
0
58
3
2
184
29
3
159
172
3
42
179
3
186
0
1
150
42
2
125
82
2
113
15
2
74
51
1
128
74
2
214
10
0
216
30
1
138
114
1
208
90
2
193
175
0
121
36
1
120
64
0
17
194
3
225
84
2
75
203
3
124
88
1
195
193
3
22
172
2
202
100
1
59
145
1
213
52
1
158
108
2
95
5
0
208
119
1
38
30
2
136
17
1
171
37
2
79
186
2
71
213
0
218
17
1
77
100
3
159
37
0
175
158
1
221
232
0
6
227
3
110
38
3
130
100
0
146
89
0
235
151
0
15
141
2
69
159
1
38
235
2
2
245
2
147
2
1
84
33
1
79
235
1
239
88
2
112
2
3
71
51
2
79
146
1
92
198
1
214
109
3
98
79
0
202
192
1
111
72
0
149
50
0
199
244
1
156
52
0
122
209
2
90
79
3
97
236
0
36
232
1
270
272
3
190
218
2
4
88
2
87
69
1
188
172
2
131
256
1
177
206
3
64
117
1
107
115
0
247
62
2
24
99
3
212
227
0
233
278
3
110
284
3
53
110
2
122
110
1
47
205
3
27
84
0
48
215
0
62
257
3
90
176
2
86
204
2
11
179
1
224
118
0
146
38
3
115
52
2
204
240
1
96
171
1
97
176
1
83
127
2
89
43
3
176
229
1
250
36
0
119
294
0
194
15
1
305
76
0
225
170
1
282
306
3
312
16
3
302
248
3
27
205
1
192
156
1
38
226
3
174
169
1
161
25
2
80
265
3
308
105
2
121
196
2
241
107
3
262
274
2
324
48
1
157
263
0
71
209
0
270
310
1
35
203
0
122
89
1
241
104
2
24
298
3
62
50
3
273
311
3
141
144
0
294
1
0
173
239
2
2
5
3
98
20
3
337
49
0
199
0
0
226
253
1
110
108
2
13
257
3
14
142
0
294
222
2
75
141
0
180
148
3
334
276
1
159
311
0
326
285
1
24
271
2
47
306
1
115
314
1
90
204
0
117
348
0
275
131
1
341
263
0
343
180
3
177
161
1
260
271
3
335
269
3
304
261
0
38
215
0
208
262
3
318
45
2
325
247
1
176
133
0
366
290
0
354
44
2
343
7
2
225
90
1
237
105
2
344
8
3
223
269
2
204
207
1
77
98
3
334
197
0
192
107
0
119
25
0
77
30
1
120
121
1
341
381
3
38
96
2
307
369
2
273
343
2
261
6
0
200
10
2
111
67
0
146
117
0
129
198
3
156
347
2
352
287
2
161
32
1
225
55
3
386
146
0
291
208
0
358
173
0
120
92
2
52
20
2
139
135
1
220
250
1
345
125
0
209
241
2
359
311
0
1
42
3
306
193
1
222
209
1
271
352
1
235
113
3
128
118
0
342
307
1
235
325
1
360
267
3
142
251
2
178
330
3
109
195
1
367
220
3
244
71
2
356
249
1
13
237
0
83
15
2
167
216
0
200
59
2
89
163
3
55
307
3
220
322
0
267
175
2
202
302
2
38
344
1
401
171
2
325
219
1
254
319
2
258
61
2
59
81
1
248
231
2
185
201
3
101
132
1
318
295
2
152
80
2
25
91
1
260
423
0
440
401
0
404
270
0
428
318
0
402
15
1
189
314
3
44
112
2
137
93
0
82
437
0
109
95
0
173
416
0
209
24
3
371
318
1
63
168
1
163
396
3
26
242
0
141
75
0
316
138
3
57
445
2
264
143
3
452
193
3
415
186
2
98
281
0
61
231
2
314
45
1
267
142
1
294
347
1
283
218
0
137
137
0
10
238
3
241
466
1
147
191
0
73
412
2
429
310
2
95
205
0
287
250
0
267
159
2
84
339
0
452
15
3
333
255
1
263
115
3
325
242
1
144
167
1
251
103
3
28
201
2
393
303
0
315
176
2
6
115
1
109
477
1
127
57
0
199
215
2
363
349
1
246
222
2
403
163
0
126
307
1
201
94
1
20
202
3
230
358
2
416
313
2
170
292
1
44
154
2
428
463
0
117
372
0
391
334
1
425
329
2
201
398
1
483
48
2
55
150
1
153
148
1
492
366
2
330
277
0
160
444
0
340
29
2
292
481
3
125
417
2
78
82
3
93
199
1
497
50
2
52
408
2
448
252
2
51
111
2
338
57
2
522
474
3
355
252
2
17
19
3
158
504
0
342
157
3
349
89
3
488
239
3
17
14
1
502
168
3
514
250
2
251
208
1
532
225
0
479
61
3
16
41
1
271
452
3
56
46
3
224
191
1
524
60
0
67
86
0
533
377
3
440
364
1
394
512
0
310
490
1
277
196
3
505
27
2
80
524
3
485
71
2
115
293
0
522
477
3
149
435
2
95
362
2
311
15
3
389
377
3
207
29
3
371
330
2
156
104
0
88
84
0
103
166
0
157
393
2
330
216
3
518
540
3
476
538
2
545
22
1
554
73
3
417
257
1
272
470
0
327
126
0
63
432
1
53
520
3
85
377
0
136
81
2
162
420
3
514
428
0
483
551
1
12
320
3
64
212
1
511
214
0
209
371
2
351
347
3
176
467
1
194
135
3
473
461
1
78
55
3
411
169
2
534
273
0
187
252
3
160
313
1
154
238
0
353
363
0
520
25
0
329
527
2
468
376
3
452
134
0
421
581
0
243
558
0
421
14
3
544
486
1
5
6
2
564
118
0
241
378
3
37
562
1
501
556
1
22
45
3
576
16
1
380
261
2
76
550
0
107
85
0
365
50
0
303
285
0
108
321
0
530
332
3
505
517
2
219
399
0
385
404
1
10
476
1
101
6
1
109
582
1
599
2
3
532
292
3
350
366
0
453
213
0
237
107
3
150
568
3
345
527
2
44
586
0
197
532
2
242
616
0
207
263
0
135
553
3
79
14
2
279
444
1
414
225
1
491
217
0
398
148
2
430
475
3
83
637
0
502
266
3
402
62
2
500
462
1
585
231
0
158
525
2
534
634
1
184
267
1
179
392
1
379
325
2
306
546
1
332
470
1
43
132
0
82
12
3
135
55
3
4
381
1
427
514
2
80
479
2
635
324
2
555
361
0
549
566
0
506
535
0
400
339
1
85
415
2
493
632
1
628
214
1
256
161
2
645
574
3
603
103
3
413
113
3
56
34
3
273
562
0
521
580
2
268
185
1
242
595
0
301
332
3
378
618
1
551
443
3
218
279
2
289
567
3
527
648
0
378
326
0
500
287
0
373
213
2
220
11
3
289
462
1
75
412
2
286
213
2
662
41
0
458
414
1
407
425
1
393
689
3
224
225
1
248
174
3
337
105
2
185
367
1
226
592
3
506
41
0
318
414
2
250
326
1
500
193
3
83
202
0
392
381
1
616
496
0
321
219
2
488
571
2
395
5
3
22
497
1
696
469
2
153
191
2
464
283
3
236
234
0
627
493
3
322
580
1
489
28
2
328
54
1
584
58
3
242
68
0
251
664
3
664
472
2
541
535
0
348
42
1
160
568
1
225
708
0
262
549
3
356
53
3
478
652
3
289
169
0
591
169
440
374
543
487
419
22
512
