9
61
77
6
4
91
0
120
24
3
55
118
1
33
29
2
57
58
4
43
14
4
117
98
11
95
36
7
80
4
5
106
123
6
128
21
6
99
35
3
131
13
2
123
70
0
3
76
1
9
125
0
21
46
3
121
113
1
9
90
3
13
75
4
88
143
5
23
140
5
109
132
1
80
64
10
17
44
7
70
53
4
143
24
0
38
29
2
35
152
2
81
156
6
120
95
4
39
26
7
113
70
7
80
63
3
117
29
10
133
78
8
31
77
4
116
80
7
41
121
11
37
20
10
160
102
1
48
7
4
70
5
4
163
61
6
135
43
7
100
135
11
167
41
10
151
86
6
72
148
11
46
158
2
170
139
10
57
13
9
24
156
6
152
40
8
4
51
9
99
106
4
171
131
2
93
185
3
34
79
4
139
56
2
155
106
8
117
86
7
139
77
9
134
67
10
94
158
9
117
107
0
65
97
5
140
57
5
168
190
2
98
101
8
189
31
0
29
114
6
20
174
7
176
163
6
102
75
7
181
34
3
195
176
2
38
87
3
159
51
3
50
91
3
139
200
2
155
206
10
194
55
4
195
13
2
128
105
7
201
58
2
33
115
9
55
43
4
14
7
7
21
123
0
7
163
3
157
151
4
193
89
10
26
217
1
142
151
3
3
172
2
57
85
6
44
142
10
206
189
1
130
223
0
128
105
7
191
131
7
81
70
2
83
166
1
111
152
5
168
117
7
147
176
4
29
24
2
231
29
5
141
218
10
92
33
11
238
227
8
193
108
7
147
37
10
14
43
8
25
97
3
143
41
2
96
177
7
56
38
7
94
30
0
217
46
0
163
38
4
186
141
2
12
71
10
8
81
6
76
97
8
241
145
7
121
93
0
60
31
7
88
202
4
141
220
1
212
60
5
248
107
11
239
49
4
154
113
10
106
242
6
205
218
2
29
27
8
72
71
5
90
213
1
152
6
7
84
240
1
88
109
9
247
233
5
129
184
4
36
87
5
140
143
11
39
263
9
234
189
7
276
12
7
93
14
6
23
231
9
225
170
11
115
208
10
195
251
2
62
77
11
102
103
3
103
281
0
81
170
6
283
156
4
92
90
4
267
183
4
258
105
6
253
16
0
270
42
2
110
57
3
161
56
8
94
243
4
45
40
0
196
23
2
108
52
6
263
213
1
274
134
0
6
176
1
150
167
8
58
85
0
78
89
3
51
286
3
152
264
1
54
227
1
260
279
5
76
195
11
263
300
1
179
103
1
38
174
0
115
224
2
278
202
8
91
61
1
108
90
10
279
9
6
168
218
4
7
210
8
130
95
11
153
73
10
152
213
7
243
10
1
78
195
1
306
52
1
299
144
1
63
25
6
105
163
2
281
292
1
256
0
6
121
307
2
253
305
6
279
189
9
124
139
1
65
15
0
190
313
10
15
186
1
239
238
6
92
64
11
169
268
1
64
80
1
180
290
1
284
105
7
280
195
1
317
38
9
263
43
0
302
222
3
79
199
5
166
297
11
228
58
11
268
245
8
54
229
3
117
317
0
39
123
10
312
263
11
122
42
3
253
69
2
9
242
6
28
341
9
221
133
4
112
260
2
16
65
11
99
234
0
24
188
1
119
33
7
359
116
4
272
356
11
254
91
1
65
102
8
214
264
8
32
294
3
299
48
8
303
219
10
56
355
4
342
38
8
336
212
6
58
342
7
171
346
0
185
85
10
88
58
1
350
109
1
105
123
11
295
296
9
190
274
9
321
383
10
160
148
2
166
312
0
273
366
4
139
94
6
351
181
8
82
171
11
122
310
10
386
18
9
185
52
8
111
372
4
252
253
1
326
216
8
292
58
3
26
108
5
225
211
5
157
207
6
192
341
11
292
275
4
325
263
6
166
259
9
231
384
6
54
131
2
208
35
6
23
16
10
58
132
9
269
358
8
409
109
6
154
59
4
50
255
11
125
326
4
310
411
2
139
393
0
49
4
0
121
52
8
382
119
8
308
145
3
405
280
1
335
210
7
292
302
8
260
423
7
320
299
10
238
51
2
328
233
0
297
161
1
345
376
1
395
145
8
96
379
0
198
406
5
120
396
7
190
382
6
275
166
9
83
337
5
438
84
5
46
157
5
181
265
5
156
61
3
422
341
1
365
438
2
298
304
9
248
348
2
26
68
9
91
375
2
86
133
6
112
376
11
82
196
5
433
327
8
55
109
1
382
81
2
178
138
1
222
232
0
259
87
9
222
413
4
140
164
11
219
109
0
424
254
8
162
354
0
17
393
0
442
206
0
399
65
7
55
242
11
282
220
9
320
257
1
34
370
0
462
364
6
22
163
5
381
161
7
201
466
1
86
345
5
280
10
0
71
24
10
303
304
2
224
381
10
444
347
9
158
115
3
69
256
10
189
93
10
271
386
8
70
166
4
381
427
5
309
306
4
121
109
7
328
289
5
423
204
5
17
240
11
242
459
11
170
219
7
11
55
9
35
109
11
441
115
3
27
479
11
344
261
3
19
83
1
336
115
5
185
76
3
47
333
3
204
341
6
97
210
11
55
480
6
320
400
2
104
452
0
90
389
10
360
226
7
224
163
5
86
391
0
326
56
0
310
476
2
465
34
4
126
429
5
240
0
0
316
399
5
400
340
3
485
34
11
482
513
4
247
475
0
81
452
3
510
307
6
174
120
8
204
333
4
146
62
8
214
106
6
68
330
4
352
316
11
12
496
3
148
446
3
406
526
7
401
72
6
63
96
1
482
38
8
479
341
7
157
498
8
105
86
1
101
358
8
502
132
4
40
130
6
537
170
5
270
80
2
102
132
1
45
57
0
19
323
5
151
215
2
99
134
4
435
447
9
509
7
10
464
419
5
289
113
5
61
228
3
258
468
1
83
324
3
252
140
0
110
31
3
183
147
5
160
215
2
266
443
9
317
479
9
122
88
8
320
278
8
294
530
6
303
259
1
394
19
11
352
520
10
12
553
2
358
178
2
216
171
0
75
528
7
422
305
10
124
546
10
192
407
2
526
171
8
535
419
2
395
32
2
482
554
6
26
73
8
218
506
10
469
435
4
467
446
0
18
31
0
78
304
4
488
318
11
566
356
4
356
270
11
116
397
1
210
339
10
59
269
11
227
175
10
69
231
2
394
293
6
40
256
9
264
541
11
577
390
0
508
113
5
487
251
5
65
425
2
252
537
2
396
243
3
19
594
7
396
95
8
377
194
3
141
226
0
533
172
0
218
422
3
73
216
2
218
208
1
260
568
1
516
41
6
199
29
8
220
262
0
224
367
4
522
593
6
509
18
4
577
6
11
485
527
5
141
189
4
583
404
0
475
239
10
250
499
2
115
485
9
584
63
10
323
321
10
480
354
7
124
568
1
483
137
8
599
102
5
520
424
11
349
464
9
616
139
1
260
125
11
18
364
6
552
583
1
532
0
2
633
41
6
79
122
3
420
299
10
439
224
5
259
375
6
472
246
11
513
195
7
158
108
4
466
32
11
512
555
9
360
172
1
285
494
9
495
512
10
513
615
0
302
36
0
196
38
4
485
535
11
211
296
2
442
131
1
568
354
8
217
308
11
337
204
6
395
114
2
353
386
6
533
123
1
364
78
10
76
8
3
98
223
10
621
67
11
322
644
6
628
550
11
10
428
4
200
201
8
383
622
9
146
389
10
306
246
11
238
346
3
242
225
9
81
636
0
435
303
2
189
100
6
90
173
0
86
385
0
640
617
9
20
522
8
523
330
6
221
118
0
510
268
4
585
480
6
656
416
0
618
380
8
254
662
10
222
133
9
562
560
6
420
430
7
397
555
11
308
226
6
520
272
0
390
86
4
308
246
4
501
95
4
481
480
3
408
161
8
331
448
10
72
625
3
179
590
10
490
546
2
661
223
2
681
206
8
635
685
9
177
87
11
519
107
1
176
653
2
594
99
9
190
420
3
226
505
1
51
23
4
701
158
5
448
695
3
22
399
1
455
21
6
162
97
10
3
214
4
215
276
4
296
477
10
377
137
10
309
703
3
486
477
1
233
269
2
387
561
10
158
77
3
245
49
10
205
497
155
18
186
671
668
511
197
6
682
8
53
