3
64
54
2
73
86
1
73
74
0
118
15
3
72
92
1
88
116
1
21
89
0
55
47
1
123
123
3
80
73
3
133
46
1
82
39
0
46
89
0
34
62
2
12
6
1
55
79
3
81
95
3
34
65
2
6
87
3
51
85
0
28
147
1
148
144
3
108
148
2
48
46
0
120
133
2
145
14
0
63
99
0
49
125
2
87
17
2
121
98
0
125
44
3
100
147
1
71
89
0
88
141
0
24
94
1
122
143
1
72
15
3
120
23
1
159
70
2
120
30
1
90
51
1
109
84
3
90
79
1
144
147
1
14
84
2
27
49
2
86
38
3
118
141
1
13
28
3
28
166
1
86
101
2
174
106
2
49
123
2
150
81
2
149
49
0
36
34
1
101
43
1
97
105
0
36
182
2
16
7
1
107
54
1
13
57
0
158
144
0
119
117
2
175
173
0
182
178
2
110
125
3
139
109
0
25
174
0
17
75
2
110
66
0
4
86
3
138
137
3
23
162
1
201
90
1
97
32
0
149
41
1
39
151
0
75
34
3
51
56
0
16
40
0
134
91
3
106
162
1
75
21
0
160
211
3
29
151
0
205
42
3
114
47
3
45
41
2
163
84
3
176
158
2
84
159
3
176
9
1
162
110
0
202
86
2
122
135
2
76
129
3
151
176
3
221
171
2
62
93
0
185
159
0
211
40
1
224
184
2
96
141
3
211
21
3
43
178
3
100
185
2
17
112
3
195
131
3
125
26
1
85
131
3
235
157
1
14
67
1
139
194
2
40
34
0
105
143
3
118
208
3
17
225
3
35
189
2
171
164
2
237
60
2
220
155
3
18
164
3
146
49
0
48
83
2
51
78
3
181
127
3
131
243
1
42
212
3
75
248
2
121
211
0
167
50
2
192
177
1
79
51
1
120
220
1
219
18
0
212
69
0
192
65
1
244
127
1
122
171
3
45
49
3
39
17
2
223
158
2
45
170
1
171
79
3
20
18
2
77
175
3
149
264
1
230
172
3
273
115
2
183
33
3
115
36
0
117
179
1
40
197
1
63
20
2
128
77
3
199
218
3
241
199
3
149
128
0
22
230
3
167
112
0
22
177
0
189
149
1
19
212
0
190
60
1
32
265
0
137
215
2
247
65
3
177
114
1
123
74
0
283
28
0
283
30
2
147
44
3
59
263
0
148
27
1
78
184
2
256
277
3
41
246
0
229
16
2
10
33
0
88
34
3
101
262
2
161
168
1
19
132
1
242
34
0
119
97
1
80
80
1
45
198
1
50
306
3
150
218
3
211
182
1
44
123
3
239
96
2
285
40
0
88
67
2
226
249
2
209
315
2
218
122
1
254
203
3
268
165
1
179
184
3
288
287
1
196
92
3
140
187
1
8
209
3
216
231
2
26
100
2
50
285
0
298
297
1
292
48
2
131
148
2
335
255
0
211
145
1
107
314
1
7
288
1
187
148
0
102
257
0
204
326
0
226
220
2
278
109
1
189
326
3
113
270
1
40
87
3
306
98
0
46
62
2
302
48
0
351
97
1
179
103
2
76
342
3
4
102
3
348
239
0
0
10
2
33
275
3
157
345
2
281
283
2
24
351
0
238
115
0
241
159
3
305
320
2
137
251
2
148
218
2
361
86
3
235
183
3
185
51
3
64
39
1
45
91
3
350
316
3
183
22
3
321
161
0
305
185
2
292
51
3
77
304
2
309
314
1
258
318
1
339
174
2
295
372
3
354
144
2
74
383
2
364
103
0
79
238
3
96
177
1
167
58
1
43
100
3
201
110
3
169
229
2
367
306
0
363
95
3
189
189
1
34
317
2
280
131
1
374
221
2
332
11
3
144
251
3
23
16
3
331
15
0
324
129
3
295
391
3
148
119
2
374
337
0
396
114
2
40
334
2
233
99
1
271
319
1
143
76
0
81
252
1
257
73
0
242
367
3
301
186
0
220
263
0
125
388
2
112
41
3
164
183
3
85
166
0
244
268
1
55
355
1
385
11
2
273
378
1
419
179
3
300
72
0
98
201
1
93
57
3
209
25
1
75
39
3
347
376
1
267
384
1
127
326
0
125
343
1
416
166
3
313
131
0
124
86
3
215
153
2
130
123
3
365
179
3
77
123
0
273
51
0
140
268
0
78
241
1
36
175
0
373
143
3
342
56
0
294
262
2
278
281
1
118
85
3
379
408
1
244
301
1
113
98
3
142
104
1
184
443
3
345
85
1
421
308
2
154
284
2
206
233
2
365
103
2
75
356
2
122
62
3
240
131
3
193
104
2
31
352
3
323
293
0
415
375
3
232
140
1
265
455
0
118
281
0
226
304
3
328
163
0
11
455
3
433
94
0
242
306
0
461
459
0
151
339
3
452
66
0
84
27
0
165
18
1
348
11
3
208
93
2
243
265
2
468
35
1
235
410
2
21
342
2
215
163
2
3
404
0
370
123
3
371
271
1
8
333
0
424
183
3
273
435
0
324
134
3
30
243
3
72
44
2
297
259
2
19
162
3
285
126
0
477
291
1
237
133
3
161
113
3
179
466
2
181
58
3
366
223
3
387
268
0
98
463
1
278
185
1
337
8
1
259
272
0
147
126
0
393
450
1
151
144
2
176
367
2
257
93
3
440
391
3
417
68
3
393
40
1
211
137
2
322
369
0
81
250
3
81
349
2
393
519
2
21
208
2
375
493
1
31
67
2
133
148
0
81
474
2
6
108
3
490
300
2
351
185
0
266
335
1
390
212
2
349
332
3
339
397
2
454
95
3
81
414
2
339
491
2
506
454
2
399
340
2
315
272
1
271
387
0
85
340
3
82
500
3
278
375
3
411
469
3
28
99
0
379
398
2
471
279
3
487
219
1
153
377
1
293
366
2
61
154
3
376
381
0
505
202
3
390
262
2
358
372
2
416
0
2
395
292
3
408
447
2
548
40
0
86
307
2
183
517
3
70
255
0
430
203
0
17
323
2
21
81
1
140
241
0
35
90
0
239
13
2
425
396
1
309
519
3
189
8
2
304
171
1
516
119
3
304
80
2
76
554
0
539
577
2
269
39
0
112
320
3
206
426
3
144
107
3
530
463
3
142
189
2
403
486
1
255
82
3
147
47
1
434
346
2
359
539
0
25
287
0
509
558
2
152
176
3
308
316
3
371
493
2
60
15
0
433
169
2
558
19
0
223
359
3
454
489
0
261
185
3
403
77
0
311
487
1
233
258
0
399
187
3
371
409
1
180
451
0
15
347
2
595
478
2
482
340
1
526
606
2
118
304
2
150
455
0
339
344
0
153
531
2
346
385
2
485
151
0
104
32
1
429
507
1
311
308
0
434
215
0
92
147
1
614
213
0
577
493
3
389
288
0
464
292
0
532
328
1
433
209
1
357
511
2
625
468
3
299
242
2
600
573
0
25
283
1
370
409
0
369
90
2
359
480
0
601
552
1
12
216
1
67
30
3
490
491
3
319
478
3
560
183
3
112
168
0
415
517
0
123
507
2
255
622
0
108
273
0
52
599
1
546
512
2
108
249
2
497
361
1
130
51
0
73
129
2
245
567
2
452
449
3
21
338
0
132
445
1
87
590
2
346
68
0
472
394
2
509
287
2
599
596
3
445
637
1
427
218
1
164
302
2
297
387
0
179
396
3
171
296
2
601
597
0
663
519
0
479
391
2
45
403
0
640
468
2
292
281
0
458
613
3
248
182
2
588
615
1
224
48
0
471
491
0
284
250
2
580
492
1
369
198
1
5
236
2
602
419
1
413
104
0
451
168
1
656
76
1
258
155
2
475
73
2
316
146
0
233
329
2
623
244
1
540
195
3
409
680
0
336
510
1
337
371
3
118
38
2
672
482
1
201
62
1
529
77
0
421
670
0
312
208
2
53
188
1
178
17
1
526
475
2
463
661
2
587
46
0
0
58
0
560
260
0
65
146
1
677
210
0
625
545
2
416
168
2
211
161
2
614
228
2
486
159
3
621
97
0
100
682
1
21
176
0
346
33
1
415
138
2
698
418
3
94
339
0
100
356
2
463
187
1
283
224
3
175
477
2
462
511
450
723
430
0
726
134
585
