7
12
125
10
95
89
10
10
76
8
109
121
0
44
40
3
66
14
0
24
91
2
28
68
3
22
63
2
2
116
3
99
77
7
82
42
10
34
134
2
77
65
8
115
128
4
138
122
3
4
24
11
31
67
6
75
65
10
126
66
10
39
60
7
13
58
8
78
55
11
113
121
0
121
68
8
64
64
5
115
150
4
39
149
4
72
56
3
97
124
8
138
88
2
71
103
5
120
66
3
46
74
1
121
73
1
86
136
4
6
48
3
73
152
7
49
1
8
62
148
11
61
17
2
7
29
5
141
114
4
98
14
7
35
153
9
166
30
0
0
154
3
104
143
4
6
118
9
17
56
9
122
160
2
117
104
5
169
70
5
44
15
4
62
28
4
99
72
4
19
182
7
162
17
4
136
185
7
17
36
11
109
26
4
40
96
8
179
75
8
30
117
1
131
144
11
8
22
8
95
46
6
134
40
7
87
145
10
145
115
6
118
74
2
198
35
1
115
105
0
129
170
11
174
45
3
16
157
6
186
75
8
107
20
1
103
13
2
158
4
0
201
109
5
130
150
2
16
209
2
95
98
9
205
181
5
25
181
10
109
144
2
80
100
5
189
23
11
51
150
8
98
208
1
145
217
2
215
29
11
8
163
3
97
30
2
19
106
10
139
159
10
113
88
1
197
185
1
86
71
5
107
189
4
54
96
7
116
54
6
10
103
8
217
129
4
80
119
11
156
121
5
76
202
11
212
149
0
198
131
11
181
132
3
106
155
4
110
87
1
83
130
8
168
131
4
218
223
5
243
145
6
38
122
2
214
243
3
81
162
4
132
160
2
111
205
4
232
114
10
163
199
1
21
251
8
238
171
4
43
142
4
83
85
4
248
153
5
140
169
1
38
184
9
5
42
4
186
178
5
143
221
7
102
140
9
142
57
4
40
188
0
182
175
11
121
190
10
9
23
6
174
43
6
29
110
2
223
221
10
230
44
6
111
259
9
136
184
0
123
109
2
191
17
4
35
64
6
155
3
5
171
119
5
200
24
6
39
214
8
240
129
6
218
75
7
26
223
4
11
73
0
51
277
9
17
71
7
101
101
9
63
4
2
123
55
9
26
274
4
279
96
10
252
290
3
26
220
4
135
169
6
214
138
3
7
194
0
31
157
3
255
2
9
120
259
9
45
134
2
4
246
5
6
220
11
175
1
11
0
223
8
46
172
1
21
58
5
188
202
6
173
95
0
198
178
8
164
103
2
240
170
0
210
95
10
14
99
0
68
83
3
267
100
9
166
154
2
88
203
11
199
280
6
260
82
4
106
176
5
18
236
7
272
263
9
251
148
5
212
205
11
180
185
0
41
269
0
176
314
5
14
196
10
251
73
1
164
298
2
79
21
11
177
184
2
47
62
9
333
74
0
116
98
4
296
334
7
327
248
0
153
186
1
137
227
0
113
168
7
54
200
11
317
338
1
291
119
2
312
90
9
144
64
6
112
155
4
43
33
3
70
264
4
61
282
2
172
339
4
2
160
0
218
175
4
341
104
9
319
329
11
128
198
3
355
260
9
339
322
10
346
275
8
206
42
4
78
83
2
143
322
1
217
136
9
299
287
0
223
33
8
222
119
1
86
116
3
303
209
1
109
132
5
25
132
0
36
131
10
66
262
3
358
352
9
276
95
5
276
184
2
137
341
7
247
26
10
363
241
11
19
146
0
345
221
0
250
328
8
172
17
1
176
354
2
214
221
1
73
88
6
356
46
4
210
253
5
305
19
5
125
290
9
108
25
1
213
156
9
141
347
8
265
216
10
141
180
8
147
22
7
370
4
8
159
50
5
289
36
0
114
50
0
143
397
4
217
104
2
127
391
5
397
110
11
58
311
7
217
118
10
394
270
7
32
54
4
308
168
6
288
396
1
298
204
6
96
144
8
272
126
8
101
20
11
368
259
2
228
199
0
49
351
8
366
233
11
300
113
7
207
208
6
1
193
4
386
24
11
129
318
6
292
41
2
64
16
8
376
106
6
38
350
9
41
113
11
61
406
8
233
373
10
399
426
5
48
20
6
211
23
6
219
54
2
412
283
11
312
96
11
383
424
10
141
434
11
21
30
7
283
376
10
403
232
3
238
89
5
285
148
0
78
227
9
39
124
8
205
57
9
248
129
2
236
161
1
366
85
8
342
352
2
307
384
8
157
443
6
26
293
4
375
360
10
71
446
7
65
305
4
164
16
3
215
187
1
283
59
0
103
80
5
279
157
10
24
422
5
278
409
2
36
265
0
265
40
4
105
204
10
101
325
3
380
382
2
455
185
9
18
230
7
414
150
5
109
288
10
243
334
0
80
315
0
245
340
10
347
178
1
35
316
6
52
42
5
97
167
5
199
107
11
317
320
8
168
49
11
173
311
5
229
302
11
221
159
2
401
320
4
63
354
6
365
422
11
393
36
11
5
149
0
183
252
10
209
385
10
230
158
3
323
82
3
84
119
6
448
392
1
436
363
11
184
488
8
461
159
9
31
484
10
19
160
5
485
37
4
402
313
1
63
443
0
296
358
3
238
474
4
229
437
11
325
374
6
376
78
0
417
239
2
486
334
2
342
186
9
492
86
3
134
397
1
337
502
2
174
127
2
500
273
6
151
3
9
349
425
9
294
490
3
314
481
5
342
286
7
89
353
5
63
320
8
50
153
0
505
522
7
195
424
2
444
454
11
100
125
0
26
370
6
447
15
6
187
96
0
319
377
11
166
186
11
181
247
5
448
274
2
237
107
3
468
206
0
43
352
3
297
468
9
457
213
3
39
69
1
296
511
10
113
284
6
182
187
5
339
473
6
185
198
2
476
416
10
241
46
10
32
197
4
295
237
10
431
140
10
545
49
6
439
87
11
263
480
9
350
78
3
60
73
10
255
277
3
240
454
10
123
164
7
59
214
10
105
138
11
250
472
11
147
535
11
65
253
11
381
492
3
185
143
8
321
529
8
390
219
0
246
111
11
273
147
3
303
268
2
187
77
6
9
287
2
2
45
10
489
354
8
154
460
1
153
145
3
450
519
2
443
165
4
361
70
5
288
372
5
162
87
4
370
51
10
412
518
0
86
333
6
373
75
11
217
33
0
50
512
5
478
519
11
114
208
6
451
356
2
548
359
3
550
236
4
435
249
8
130
372
9
179
95
2
115
512
1
127
393
11
399
508
10
151
133
5
118
480
8
438
90
8
246
591
6
152
99
4
515
35
1
93
193
1
234
372
9
240
311
7
424
518
11
145
476
9
606
287
7
32
348
1
346
26
8
381
445
0
98
440
2
527
539
9
314
15
4
136
70
0
143
334
5
142
72
1
617
534
10
594
170
6
236
271
1
558
574
7
417
299
11
101
487
1
331
55
4
265
327
9
517
377
11
465
357
10
232
106
10
142
81
7
485
475
1
481
172
0
461
336
0
229
150
5
131
505
6
115
528
4
71
389
5
619
259
5
557
314
5
459
204
0
640
58
4
378
540
7
96
612
2
534
597
9
417
301
11
319
43
8
439
89
10
184
402
6
372
283
2
80
455
4
435
30
2
145
623
8
267
213
6
101
370
1
173
371
10
340
615
5
404
138
8
301
55
0
202
624
11
606
550
9
135
109
11
64
377
5
638
195
0
624
588
7
536
27
4
359
46
5
468
475
11
375
388
1
660
109
4
182
274
6
62
129
2
382
540
11
119
99
0
233
586
1
361
13
5
143
305
1
317
224
4
167
569
11
457
513
4
44
503
6
420
215
10
178
137
4
578
285
1
438
220
5
546
282
3
305
372
4
394
161
0
52
668
10
67
562
6
637
522
5
73
399
9
225
652
7
310
516
0
442
559
1
161
102
8
285
688
10
244
41
0
637
614
4
92
492
8
652
644
5
611
412
4
95
325
10
515
548
9
459
328
3
350
498
8
624
306
4
409
111
1
519
560
2
231
191
4
465
326
2
634
321
6
423
705
11
345
496
11
151
40
8
710
363
4
111
523
8
116
715
5
172
605
6
395
78
10
347
691
3
497
332
7
530
433
4
313
473
9
583
680
9
645
491
2
248
405
236
632
619
231
286
556
