3
73
48
8
88
91
2
18
74
10
78
95
11
60
115
6
71
26
7
38
116
2
36
82
4
14
25
1
26
132
3
21
30
6
101
67
0
85
17
1
87
121
10
8
65
10
115
119
2
51
54
0
69
42
7
34
83
6
89
16
10
2
95
6
53
9
3
77
8
11
108
98
0
136
110
2
112
56
11
15
87
4
32
0
3
50
137
6
89
59
8
104
93
3
39
132
11
89
24
10
86
14
6
62
66
3
32
141
1
79
29
2
163
47
11
103
78
1
163
74
6
6
112
6
145
33
2
108
10
7
131
126
10
110
103
11
24
119
11
8
89
0
127
64
8
45
105
7
120
8
1
125
141
11
22
140
6
72
177
1
135
57
4
92
84
7
179
53
4
142
53
9
132
104
9
67
105
3
140
16
9
149
77
1
81
107
6
160
52
9
64
144
3
42
183
8
75
112
5
180
111
6
127
42
10
2
50
9
120
47
0
134
47
9
60
105
6
154
2
7
91
88
9
171
176
0
49
99
11
97
7
8
34
11
1
84
7
11
81
106
10
197
123
4
136
17
5
34
144
1
116
114
3
151
196
8
153
210
5
194
93
5
187
78
6
161
98
8
29
211
7
159
185
5
129
4
0
68
94
8
214
56
1
141
221
11
159
189
2
159
158
5
146
155
7
72
47
7
59
59
9
39
110
0
193
86
9
116
105
11
109
95
10
221
230
8
216
12
2
198
33
4
216
89
0
77
196
4
195
164
6
232
191
9
229
202
8
0
164
11
222
165
0
13
164
3
231
232
11
94
236
8
159
174
3
42
73
6
188
98
10
8
170
7
51
51
11
28
4
7
49
19
6
112
65
2
65
116
3
9
183
9
134
20
2
178
68
1
28
192
1
250
9
3
10
160
4
252
168
2
52
173
9
190
20
0
75
30
4
127
71
3
184
8
9
125
187
0
156
182
11
68
145
7
86
122
2
201
54
6
124
190
7
113
172
10
227
129
9
241
196
7
261
66
11
5
221
5
127
0
5
206
9
2
243
137
6
244
37
1
207
123
0
42
275
6
193
250
0
237
226
3
179
200
8
174
247
6
65
225
11
220
55
4
180
196
0
99
142
7
101
229
3
290
240
3
103
92
8
3
141
7
38
5
1
142
139
9
223
9
7
82
40
11
240
271
11
249
59
0
231
216
6
140
161
11
282
88
9
29
43
2
119
70
9
260
58
4
102
269
1
200
17
1
92
94
3
156
293
7
157
103
3
160
153
0
202
152
1
244
124
11
142
5
10
33
178
7
244
210
2
133
187
7
260
255
3
102
184
7
117
125
8
120
8
4
79
232
8
179
314
3
173
107
7
170
219
0
216
242
1
229
0
7
16
230
6
198
318
4
149
256
10
254
246
4
103
264
10
211
123
0
260
134
9
86
11
7
318
126
11
107
163
9
40
24
4
58
323
2
76
208
7
89
195
5
285
255
6
255
32
8
272
334
2
171
136
9
312
207
1
228
28
0
297
96
10
59
321
8
141
23
4
159
65
1
21
246
11
148
108
10
57
20
0
174
140
7
333
65
7
321
229
5
6
303
1
36
237
4
300
20
9
333
330
11
168
187
6
138
331
0
261
181
10
198
162
5
0
171
8
360
230
5
27
311
6
142
323
3
68
143
2
282
161
1
45
73
11
321
264
10
333
43
8
215
183
10
141
64
0
292
286
1
141
335
6
47
290
7
242
286
9
214
228
2
235
46
5
36
289
3
323
273
0
376
300
9
198
357
2
179
243
9
373
63
4
326
331
3
88
369
1
303
159
1
259
365
3
325
388
3
235
65
0
96
111
5
283
249
8
222
299
4
247
202
0
139
257
10
129
238
11
80
352
8
383
352
6
223
112
4
114
13
1
272
150
7
257
115
0
158
156
6
353
269
9
133
240
3
166
111
2
216
94
9
51
365
4
52
178
9
192
149
8
208
139
1
27
223
0
81
7
11
47
181
6
178
155
1
30
308
11
60
385
6
116
54
0
154
74
10
230
174
8
386
69
11
405
14
1
311
65
7
208
24
11
81
0
6
302
7
0
111
149
10
344
174
6
164
205
10
314
133
9
422
181
8
210
120
10
54
350
2
352
106
9
439
138
5
240
5
4
380
340
5
168
254
4
362
337
7
62
298
0
54
333
8
182
43
4
28
216
3
190
84
3
208
167
10
179
370
10
328
245
4
395
376
2
338
348
6
121
383
9
287
289
3
420
412
10
162
76
8
119
424
4
99
181
8
416
27
6
348
316
6
48
39
3
197
276
11
211
460
9
111
99
11
34
182
1
449
372
9
80
84
10
253
398
6
15
232
2
264
288
0
363
309
7
430
410
2
439
90
2
417
291
0
256
357
1
321
172
1
341
251
1
45
57
11
85
423
7
75
449
3
189
108
6
12
355
0
329
446
4
53
461
1
396
420
5
279
401
5
175
347
6
392
411
4
479
222
3
83
351
4
43
202
2
358
415
0
172
343
5
345
337
0
253
354
11
81
260
10
395
296
5
315
142
3
413
105
0
344
441
7
499
293
11
287
12
2
27
254
0
461
443
3
139
78
4
386
71
2
167
333
11
275
4
11
247
394
0
65
107
2
312
54
2
61
138
7
389
256
5
232
356
9
232
143
6
231
148
3
493
351
2
257
366
9
359
75
7
380
218
1
300
443
9
234
483
4
118
453
7
393
510
0
247
26
7
404
373
1
180
24
7
186
223
11
466
483
1
81
411
9
39
213
5
182
88
11
28
484
0
118
522
6
423
29
6
382
501
1
377
112
5
307
172
2
161
468
6
397
93
3
96
237
11
443
131
11
405
158
9
231
192
9
545
284
8
50
329
2
332
158
4
341
92
4
299
473
3
267
242
8
380
137
11
15
368
8
121
488
6
417
36
1
323
56
10
300
434
2
81
472
5
507
68
11
448
22
11
206
191
10
348
59
1
76
413
1
459
243
1
174
442
9
497
268
0
372
563
5
525
263
6
527
455
7
447
400
10
406
534
4
188
326
3
573
9
8
460
52
1
298
215
0
495
267
1
19
97
9
506
219
7
399
126
6
479
143
6
120
275
0
575
436
10
467
328
5
440
14
8
244
175
6
244
303
9
45
69
0
195
20
5
237
222
5
69
508
4
72
267
6
26
546
4
47
264
11
504
314
4
239
502
9
201
179
6
6
114
2
323
226
11
177
60
1
30
369
2
246
139
8
25
557
8
7
347
6
28
590
7
141
251
7
152
143
2
40
166
10
36
444
6
524
109
3
215
522
0
132
350
3
388
543
10
556
476
0
135
583
10
37
381
4
160
371
9
386
261
6
14
226
6
439
389
8
48
8
3
62
355
9
237
98
4
565
439
9
545
361
1
257
50
3
335
433
5
436
434
10
421
426
1
465
361
10
195
399
4
494
529
7
80
84
9
65
565
2
476
275
9
153
234
0
549
540
10
503
20
10
458
127
3
225
227
3
362
54
4
120
312
8
532
238
3
108
52
2
428
439
7
533
366
1
358
569
6
471
101
1
489
514
6
388
540
7
596
47
0
476
468
9
358
349
11
635
361
9
167
582
4
402
363
2
121
561
11
288
131
11
397
488
6
4
360
1
177
372
4
572
415
8
158
527
0
164
171
4
27
234
6
599
372
4
142
246
9
249
647
7
199
411
6
348
525
3
414
218
5
439
33
5
397
239
10
3
610
4
629
122
8
77
291
5
56
4
2
123
230
11
81
87
1
92
284
1
672
42
6
679
130
7
445
582
4
636
467
7
641
507
3
479
47
9
605
365
3
244
232
8
307
6
2
608
95
4
438
361
8
248
224
2
152
672
11
257
416
1
62
500
7
369
667
8
327
195
1
66
586
7
508
163
11
26
491
4
655
438
7
245
17
5
120
537
5
265
394
6
42
569
3
203
50
1
293
652
1
40
620
6
386
665
8
537
185
7
304
599
4
166
693
5
427
365
4
258
93
4
445
164
11
417
357
3
149
538
3
147
71
6
456
165
11
582
273
7
502
333
6
166
683
3
374
721
11
130
232
7
675
442
4
142
292
8
203
587
11
322
501
333
723
95
