6
98
5
7
90
128
1
79
18
7
14
103
6
53
82
9
8
92
3
27
72
5
108
87
4
98
34
5
53
114
7
92
127
8
66
31
0
37
43
5
41
82
7
95
82
5
5
67
2
17
79
8
99
40
0
66
140
6
34
27
2
76
26
6
130
31
0
46
55
10
123
7
4
82
4
5
23
112
1
127
58
7
15
105
2
20
62
0
62
147
3
0
99
2
136
54
7
148
108
11
42
4
3
151
130
6
7
108
1
95
125
3
137
34
6
58
115
6
46
54
6
92
19
7
161
20
0
6
43
11
148
27
4
21
35
4
54
161
0
153
70
6
152
19
10
100
54
3
52
77
11
155
60
2
99
88
8
29
151
3
154
68
7
94
83
8
9
84
6
49
40
6
127
118
3
184
90
1
36
58
10
91
53
10
84
134
5
175
151
9
1
41
11
136
56
10
186
6
3
191
175
7
115
171
8
13
144
6
16
168
9
39
181
9
39
12
9
189
179
9
97
146
10
39
135
0
144
73
2
165
124
1
144
204
9
31
93
8
176
112
1
7
11
7
201
146
9
200
24
6
193
161
8
163
55
4
126
157
7
79
22
3
150
163
6
42
196
3
59
113
10
16
158
5
203
26
8
148
43
4
77
100
6
88
164
7
126
198
6
109
8
0
184
158
7
94
158
9
110
226
8
187
1
2
149
171
0
190
53
4
83
179
0
228
109
2
132
55
6
103
223
2
35
120
3
170
85
5
1
129
9
142
192
5
64
180
5
215
159
3
166
112
1
53
9
9
140
175
7
191
101
2
9
139
11
214
71
6
120
42
7
86
22
8
12
195
10
244
241
9
53
193
5
57
135
9
164
175
0
188
51
9
62
180
5
101
238
9
14
195
11
180
57
5
151
98
6
220
39
4
228
45
9
111
258
9
215
246
11
256
113
4
226
222
1
70
192
7
121
240
2
13
216
7
235
163
7
74
141
2
74
260
0
109
246
7
26
245
9
160
169
2
225
210
1
42
83
1
250
92
8
90
138
8
194
102
1
213
47
6
268
33
0
136
6
5
268
271
8
260
56
10
216
127
4
67
223
7
99
73
3
205
44
10
223
75
10
248
194
3
175
264
9
230
129
9
203
211
9
292
96
10
142
188
1
62
34
2
179
225
8
96
60
8
67
40
6
149
215
7
26
268
3
219
212
2
20
244
2
294
216
4
287
209
11
266
230
1
139
259
9
184
271
8
0
132
6
263
164
1
238
170
9
246
163
8
58
294
2
21
268
9
100
6
10
171
182
6
307
7
11
169
244
11
187
89
10
214
60
1
264
70
6
149
146
11
52
315
0
322
174
5
165
91
0
228
292
10
169
39
3
49
239
11
154
8
0
321
80
4
153
201
1
28
195
0
33
279
9
257
195
10
127
212
3
275
225
3
65
287
2
47
149
5
303
231
5
104
109
6
252
320
10
320
189
0
263
107
8
262
138
9
273
337
1
163
220
10
16
148
3
321
18
7
327
184
0
303
281
4
273
31
3
148
227
9
121
184
10
228
225
10
343
19
11
27
148
0
223
192
3
22
67
2
259
43
7
77
182
6
49
318
10
86
117
8
290
42
0
335
12
0
22
238
3
155
165
5
82
323
5
4
130
10
134
122
6
60
131
1
34
117
10
324
345
5
113
297
7
129
205
7
319
166
4
359
60
5
325
169
4
356
346
2
147
264
9
361
360
7
19
248
1
0
376
5
126
375
1
157
7
6
329
273
5
99
45
5
345
269
2
373
133
11
314
0
2
271
41
9
279
367
9
219
149
9
191
321
10
378
44
0
236
253
4
149
384
10
42
21
0
345
319
8
88
134
11
270
363
2
47
283
2
169
85
2
88
15
0
220
140
2
95
11
0
182
372
6
39
31
1
91
318
1
108
95
3
381
69
9
56
404
0
114
207
9
110
22
1
304
171
0
389
80
3
113
122
10
16
35
8
191
229
8
10
13
9
299
293
8
263
145
6
271
96
2
244
32
10
392
296
1
127
121
3
94
29
7
333
313
1
375
64
1
367
347
1
349
275
1
287
3
10
337
293
8
357
235
3
1
183
9
339
345
9
320
411
7
192
121
5
62
368
4
432
341
4
77
433
10
195
228
6
93
261
5
198
198
5
350
358
9
232
154
4
236
103
11
4
387
7
281
244
4
347
88
11
78
400
10
259
205
10
112
101
8
20
440
5
8
244
2
198
85
10
446
40
9
424
140
5
28
102
1
177
75
5
18
129
0
103
81
7
208
131
7
258
57
2
182
67
3
38
84
11
134
97
11
442
133
10
298
9
1
275
338
1
243
205
7
35
230
6
442
168
6
184
174
7
90
322
4
288
235
9
367
416
0
12
271
0
456
200
7
217
459
1
258
311
3
471
424
7
111
332
11
482
311
9
259
152
6
123
166
11
393
51
9
430
420
8
354
200
8
422
479
3
231
55
4
298
428
6
50
461
10
91
2
4
402
389
6
58
302
2
320
221
9
421
378
6
99
381
1
429
56
1
265
459
0
40
341
11
11
369
0
40
411
10
359
216
2
325
493
2
404
244
7
270
61
1
245
347
2
288
18
8
272
268
8
56
480
2
500
81
6
30
330
1
353
174
7
30
370
5
443
305
8
185
465
4
298
282
4
96
300
9
209
297
6
139
289
3
139
126
1
502
354
11
284
130
8
218
227
2
457
417
2
147
217
1
350
341
9
56
96
3
481
468
7
375
162
10
398
273
3
243
250
5
24
361
4
370
322
4
453
20
3
318
434
6
64
534
4
236
101
3
160
206
6
149
227
9
49
376
6
158
339
2
449
327
9
433
79
3
395
174
1
71
426
11
122
342
6
60
99
11
359
497
8
428
390
9
270
374
10
23
46
5
397
174
8
240
297
7
464
5
3
186
544
2
466
428
1
126
298
5
365
88
8
148
544
3
337
323
1
446
534
3
459
545
6
33
181
1
509
265
4
432
251
5
118
33
7
534
548
1
549
103
5
158
209
10
186
198
5
168
153
8
82
226
1
288
40
4
484
110
10
542
450
2
69
123
10
474
251
10
482
346
7
82
319
2
410
500
1
387
289
2
208
189
7
120
264
2
582
327
2
246
43
2
434
142
3
150
555
6
55
33
9
151
587
8
370
252
11
15
261
4
560
206
1
392
538
6
49
161
1
484
445
0
305
255
1
32
437
10
281
495
7
98
151
9
537
282
7
500
258
6
584
250
3
589
236
8
400
33
10
342
27
10
337
153
6
55
471
9
286
551
4
84
22
8
500
123
2
236
610
10
611
433
8
201
282
0
181
498
8
29
227
5
100
2
9
396
475
3
551
119
0
596
514
0
211
274
8
362
351
8
455
565
11
399
569
10
231
122
6
480
532
3
179
627
9
17
133
5
227
191
0
480
211
1
399
77
5
623
61
6
548
398
5
468
486
3
60
479
10
455
309
4
350
136
8
547
321
9
633
505
5
311
242
5
388
227
6
292
21
5
627
345
3
85
173
8
359
246
6
494
75
6
271
412
10
242
539
7
215
271
1
294
124
10
415
14
0
17
309
6
133
610
9
139
11
6
1
142
0
210
33
9
232
288
4
506
312
1
271
309
1
212
504
6
661
278
9
624
608
11
588
601
4
403
518
1
439
576
8
5
67
1
359
10
7
177
640
7
77
645
6
172
495
5
297
591
0
581
182
10
206
458
5
244
404
8
572
531
3
13
611
2
617
308
10
132
392
3
303
506
4
23
599
11
451
172
1
77
89
9
172
6
3
684
45
7
630
65
8
77
89
10
534
405
5
235
336
11
234
220
4
161
500
4
568
102
9
444
247
2
193
453
3
294
687
0
659
587
3
149
65
1
0
619
0
329
203
2
313
45
2
345
592
3
112
72
0
120
595
1
380
374
4
169
605
7
99
81
3
91
332
9
477
73
7
254
676
0
673
599
11
421
509
9
555
661
1
82
589
0
78
593
10
351
227
2
690
322
7
325
14
3
100
432
6
649
599
7
32
253
5
27
602
2
26
17
4
629
229
8
226
125
9
18
593
4
0
306
0
286
490
257
727
294
19
451
466
40
175
458
134
181
85
366
643
