6
77
16
5
32
4
0
99
46
8
114
70
3
9
53
5
26
68
10
110
75
10
94
60
2
106
29
2
25
108
10
11
105
6
98
2
7
100
65
9
22
81
3
42
127
1
100
62
8
129
115
5
64
116
6
46
83
7
4
63
6
86
109
7
95
129
3
24
78
6
82
51
4
146
85
11
88
131
9
94
31
5
148
26
11
47
76
8
86
63
6
17
142
9
99
18
1
29
142
5
135
100
0
124
149
9
59
126
11
104
151
4
90
146
11
97
124
0
70
72
10
127
123
1
56
0
4
164
22
4
52
20
1
171
65
1
110
164
4
16
36
8
44
112
10
66
75
0
48
28
4
87
37
10
112
70
4
13
47
10
61
23
7
175
89
5
101
140
5
82
135
7
95
132
9
11
121
9
17
102
3
49
136
11
4
101
10
113
150
9
38
69
4
34
80
4
91
186
7
102
4
6
145
40
10
157
133
0
46
136
6
36
182
5
113
22
2
19
57
10
51
115
3
159
145
10
193
190
5
189
36
1
168
64
4
134
168
0
111
77
0
158
15
2
105
28
4
207
195
2
184
132
6
40
121
10
59
33
1
65
142
0
118
178
1
76
103
7
117
152
2
211
47
0
199
74
5
126
72
3
2
82
6
128
103
1
130
215
11
50
4
8
32
11
7
206
135
3
106
185
4
177
221
9
33
213
8
73
91
11
184
157
1
177
220
8
226
51
3
64
147
1
73
76
9
30
126
0
176
39
4
8
108
8
78
59
1
11
37
8
33
119
4
23
88
8
144
72
5
48
145
8
192
45
6
23
225
7
6
72
11
135
48
1
81
79
0
249
210
8
220
83
5
194
214
8
83
159
7
250
158
3
13
38
2
122
46
4
71
201
10
39
97
8
104
241
1
57
46
9
68
69
0
126
2
0
23
238
5
131
4
3
54
95
7
34
174
3
198
162
11
158
252
0
169
112
2
259
40
4
29
91
5
203
11
10
89
26
4
264
226
11
234
152
0
173
38
8
198
154
6
173
44
8
178
99
4
10
121
8
210
93
8
259
73
2
204
50
3
212
65
9
249
35
9
115
116
7
42
70
5
63
11
6
35
31
6
131
15
7
39
164
3
286
114
8
113
116
9
133
180
9
39
27
0
193
183
8
161
16
3
285
245
11
175
215
6
209
24
0
179
183
9
200
31
7
289
277
1
222
142
9
222
225
2
206
287
9
301
240
8
184
164
2
208
184
8
131
138
5
18
276
10
71
171
6
26
243
5
70
291
8
172
199
0
80
143
6
76
287
5
79
66
6
243
317
4
311
191
10
78
169
4
95
165
4
153
252
7
252
69
9
172
303
6
78
68
7
99
147
5
271
166
9
152
295
6
179
184
11
229
299
7
78
72
4
169
122
11
161
175
3
226
239
11
272
130
5
260
27
9
79
275
3
142
20
8
154
65
9
60
254
4
220
125
0
206
122
5
40
24
11
196
273
10
235
193
0
289
221
4
179
103
9
72
28
2
299
289
8
12
5
5
251
153
2
223
222
3
325
107
0
97
328
8
154
354
5
318
111
6
46
278
7
81
176
0
118
56
3
360
117
7
339
170
7
105
187
3
36
186
8
156
245
9
271
23
9
237
135
11
38
158
0
170
124
7
87
221
7
225
61
2
147
209
2
114
68
8
315
128
6
355
199
5
163
216
1
251
76
3
321
220
6
358
170
3
195
320
3
249
177
7
180
374
8
313
341
6
250
125
8
55
42
6
188
357
2
337
31
8
53
303
0
271
18
1
2
224
5
55
281
8
41
155
7
240
366
4
97
284
10
228
194
0
112
20
3
163
264
6
1
300
8
12
324
2
23
168
11
152
136
9
32
126
9
280
227
2
29
374
11
29
127
3
235
129
1
375
6
4
173
243
8
220
365
6
29
309
10
110
21
3
228
198
10
339
357
8
110
394
9
146
87
10
123
132
5
292
328
2
50
266
11
224
124
11
397
302
10
79
18
4
161
308
3
50
219
7
96
355
5
293
17
8
37
335
11
299
389
5
312
148
2
412
310
8
210
344
10
375
231
9
281
208
6
39
368
11
300
298
5
243
14
2
259
369
9
135
312
11
197
267
3
367
323
5
107
131
3
409
88
10
74
106
10
210
284
9
118
139
2
406
240
8
271
306
11
237
102
8
302
222
11
277
112
7
231
369
0
35
149
7
21
70
2
65
446
1
405
355
0
430
189
8
49
34
2
126
362
11
13
396
3
388
101
3
402
58
7
235
450
5
150
206
4
247
210
3
434
78
3
248
238
4
382
395
1
408
459
9
301
442
3
294
418
4
428
446
3
25
83
7
88
264
10
344
4
1
421
9
5
370
402
4
171
420
1
39
397
3
464
87
4
122
367
5
161
107
4
447
193
4
475
393
7
142
234
3
9
318
10
6
100
0
323
229
6
14
121
1
216
60
4
434
28
2
94
44
5
147
453
3
393
209
4
152
288
2
129
17
5
122
429
2
463
490
7
256
308
4
392
201
9
466
480
7
234
20
8
178
388
7
378
477
0
209
316
3
177
200
11
163
266
2
274
484
10
340
486
10
284
308
2
86
490
11
273
328
2
58
264
6
496
286
0
462
454
0
48
483
10
283
357
5
51
349
7
137
332
1
363
304
11
390
113
5
170
2
1
145
145
0
16
452
3
244
124
3
358
104
3
445
289
4
273
137
11
204
316
5
188
200
5
96
13
6
396
299
1
131
296
4
171
528
5
233
481
8
27
224
4
383
201
5
155
157
5
141
176
5
63
191
5
34
493
9
88
447
7
462
471
0
401
369
8
418
85
6
446
185
3
28
11
10
349
164
6
224
359
9
19
469
2
408
24
11
63
531
5
475
195
7
462
215
2
142
431
6
519
385
4
374
393
5
261
265
8
423
524
3
265
43
11
455
359
2
267
499
0
290
203
4
94
30
6
143
37
8
4
480
1
90
149
6
304
131
5
18
32
7
47
256
3
491
470
4
131
232
9
112
198
10
381
387
0
135
84
4
422
485
4
158
248
11
27
136
2
350
47
0
512
325
2
475
291
6
393
499
4
288
181
4
555
264
4
91
34
10
124
140
5
334
568
9
79
562
0
320
144
0
197
433
8
200
66
4
337
188
7
80
276
3
116
7
1
293
21
9
12
324
6
242
7
1
283
443
9
11
359
7
259
488
5
341
496
7
105
424
3
97
251
10
438
354
6
383
299
1
479
179
8
490
345
7
0
570
4
8
360
5
554
228
8
198
307
3
4
471
1
471
92
2
471
510
8
86
133
9
21
555
6
324
392
6
263
585
1
367
602
10
545
129
4
172
49
3
122
451
4
194
450
8
425
458
2
59
240
8
377
265
10
316
19
0
254
624
11
583
621
11
53
138
0
493
602
1
424
518
11
414
113
2
206
180
4
161
578
5
239
334
8
217
521
2
489
518
7
598
573
4
595
375
9
277
348
6
264
491
10
87
338
11
232
127
7
341
506
9
407
17
9
496
238
10
577
322
1
358
343
1
225
633
5
186
564
0
529
446
10
56
295
0
533
512
10
164
244
3
273
133
10
334
275
3
201
248
3
476
382
8
380
82
5
103
598
1
257
592
10
281
369
3
624
50
8
522
371
6
177
221
6
502
633
11
67
496
11
214
527
0
401
428
10
573
167
3
500
233
11
109
44
3
24
622
10
170
144
7
225
611
5
340
572
0
59
468
4
10
524
0
87
8
1
248
649
10
574
72
5
508
336
1
479
560
5
511
156
4
477
158
10
491
359
0
677
404
1
676
9
1
236
64
6
196
433
8
385
325
10
285
515
4
84
164
5
447
684
3
285
570
5
128
624
9
208
413
11
174
512
10
342
151
9
443
261
4
278
241
11
201
351
6
230
608
9
262
158
10
304
584
10
287
393
1
568
630
5
20
443
7
686
368
4
319
195
7
471
252
2
409
206
4
684
76
11
688
514
6
417
154
7
428
20
2
74
154
7
463
303
1
300
207
6
494
102
11
623
96
8
595
418
1
117
277
4
377
68
5
654
234
10
362
544
4
423
627
1
622
91
552
374
8
87
6
414
532
338
636
501
649
362
570
33
269
401
293
478
