0
106
120
8
21
72
6
74
24
7
81
49
9
78
88
9
66
88
3
73
61
3
9
87
9
131
64
8
53
101
6
25
80
2
54
29
10
55
65
1
8
131
7
55
105
1
46
91
2
12
11
10
43
16
8
124
98
1
25
38
5
43
87
4
53
23
9
142
21
0
58
131
0
145
118
5
96
26
11
29
133
4
154
100
0
91
49
3
95
30
3
50
128
1
129
99
0
157
72
1
59
141
2
59
97
7
152
58
1
3
94
4
105
163
10
123
11
1
64
41
0
61
88
0
121
111
1
124
57
9
79
88
9
46
105
11
117
93
3
51
149
7
89
51
1
21
109
4
75
103
9
56
144
2
156
82
3
176
167
8
83
15
4
49
180
2
41
150
1
20
0
6
20
95
0
107
143
11
175
65
5
92
80
6
97
84
5
93
70
5
135
89
8
108
5
9
126
173
11
126
163
6
98
145
3
113
189
5
129
47
6
113
58
4
196
90
3
4
120
3
21
54
6
54
94
9
111
179
11
88
104
8
134
1
6
1
143
0
75
39
8
138
57
9
207
207
9
206
143
6
130
58
11
108
206
5
131
95
0
99
149
4
206
73
2
202
185
10
209
54
9
160
64
5
17
14
8
217
195
9
9
108
3
53
3
7
186
146
8
31
39
5
64
145
6
134
9
2
118
82
2
204
214
9
139
200
6
82
171
7
110
59
3
199
69
2
213
2
8
38
111
4
180
48
6
75
152
7
205
68
11
89
138
4
106
36
8
131
207
9
116
139
4
147
0
11
229
211
1
135
233
9
169
135
10
40
17
3
125
239
0
139
39
7
149
67
0
237
91
0
186
150
10
236
85
10
205
197
6
32
67
9
65
77
5
2
143
7
106
123
1
249
2
3
173
212
2
190
201
11
17
95
6
21
156
11
157
157
11
241
60
0
49
216
2
133
172
5
219
126
6
55
120
5
180
228
4
166
154
5
25
167
2
241
45
2
258
153
11
224
211
4
49
269
2
218
259
10
111
160
11
205
193
8
38
204
5
87
31
1
107
241
8
38
41
11
193
84
0
33
98
10
279
243
9
217
234
8
111
227
0
33
261
4
129
87
0
15
279
2
52
83
4
31
264
8
149
29
4
64
228
3
120
212
6
235
106
3
281
290
2
256
139
5
100
101
5
267
165
4
88
204
5
20
203
6
15
277
7
14
176
4
150
49
10
218
147
9
144
153
5
125
223
7
184
192
5
188
8
9
49
227
4
197
101
1
9
45
8
17
212
10
62
106
7
302
86
5
306
36
3
312
274
6
212
231
5
98
261
6
320
48
7
190
201
11
176
10
5
171
153
11
165
35
7
59
191
6
245
283
0
151
19
4
261
301
0
145
1
4
202
328
7
100
235
4
259
309
5
164
91
8
321
237
6
307
141
6
32
271
1
134
33
1
270
261
8
236
26
4
266
97
0
126
215
2
195
203
3
241
202
8
340
285
8
328
98
1
76
109
0
87
221
9
249
336
8
176
11
11
325
92
2
293
297
10
273
145
10
165
55
0
252
352
1
157
197
10
49
86
3
109
179
9
304
321
4
45
94
2
248
215
11
198
292
3
362
288
2
131
326
0
55
66
0
105
362
11
87
188
6
351
320
8
249
170
7
44
111
8
278
268
8
99
283
7
345
96
3
70
107
8
32
248
5
152
256
8
174
313
3
90
377
4
42
122
10
172
82
0
131
290
11
327
180
2
270
189
5
314
59
11
313
69
2
42
4
8
294
323
8
257
192
8
122
77
5
357
356
10
239
207
8
378
169
0
310
217
6
196
87
9
370
196
3
14
177
0
12
355
4
102
106
0
126
377
5
283
301
5
84
270
3
135
33
4
41
286
9
50
295
4
51
230
3
248
139
7
159
306
10
234
4
7
94
140
7
219
185
5
348
19
2
226
393
1
108
66
11
185
357
6
20
266
4
329
83
2
343
22
6
154
72
1
27
146
6
300
183
5
244
67
5
24
39
5
348
103
2
325
133
11
111
145
0
257
174
11
231
145
1
42
419
2
101
11
11
396
24
7
321
213
10
119
210
2
31
240
7
411
103
7
19
236
2
371
145
4
216
431
5
105
168
2
326
87
0
247
339
4
325
288
6
19
304
3
94
270
1
22
428
7
224
193
3
280
342
7
64
329
1
436
233
9
231
339
6
274
49
7
314
414
10
176
378
4
400
431
2
330
91
5
140
96
6
22
238
3
86
35
0
41
70
4
287
256
2
319
7
9
104
3
2
69
310
2
40
301
8
217
161
11
430
40
7
376
53
3
282
55
3
309
278
3
331
296
9
211
396
8
329
170
4
259
383
2
344
79
11
295
366
11
429
35
9
208
186
9
65
265
9
334
15
3
335
122
11
42
231
3
273
120
0
388
250
5
118
116
1
12
274
8
105
38
1
77
8
1
148
301
5
356
347
7
351
155
6
68
219
7
458
34
0
11
83
8
120
391
10
20
429
0
312
69
11
389
254
0
49
357
4
327
469
5
79
240
1
195
180
7
424
116
11
221
462
8
386
180
0
420
341
2
191
448
7
63
341
11
259
142
11
417
311
8
264
37
10
106
448
5
435
259
0
85
416
9
412
248
6
248
513
2
230
101
10
261
264
2
325
269
8
2
201
2
160
363
10
193
509
6
356
295
6
493
35
9
349
115
7
130
39
0
132
6
2
519
175
2
172
219
4
224
31
4
349
436
4
373
6
1
219
141
0
26
22
10
194
130
5
62
127
5
89
255
5
403
151
3
354
316
3
395
118
10
122
163
7
446
47
1
348
478
8
317
417
10
476
256
9
538
425
4
399
246
8
12
46
10
231
295
4
77
27
11
435
520
8
154
435
7
27
264
0
0
217
10
218
417
4
268
283
11
21
375
1
38
141
6
500
462
0
467
342
0
200
189
6
205
236
9
334
429
10
529
90
1
72
394
0
113
168
3
67
313
1
379
481
10
126
5
7
271
533
3
85
238
4
299
13
1
316
495
0
351
436
7
14
32
1
415
2
9
363
214
7
351
128
1
427
423
10
561
235
4
387
3
1
310
480
4
338
344
7
564
30
0
307
543
0
150
325
0
393
486
2
374
558
11
348
81
5
169
43
2
17
520
0
284
212
2
545
7
7
509
299
10
378
15
8
591
420
5
194
385
0
551
170
3
212
163
9
437
86
1
255
579
6
286
379
4
372
528
5
159
70
11
477
185
6
274
217
8
109
209
11
443
478
1
91
146
6
506
102
2
588
336
9
152
222
2
352
562
6
561
112
11
1
274
5
151
47
9
409
375
5
19
461
4
469
384
8
44
489
3
595
503
8
325
297
5
578
404
5
252
397
4
370
433
2
488
176
2
403
346
5
563
19
0
196
134
3
266
617
6
371
386
7
211
394
8
601
550
3
163
160
0
461
176
2
45
312
8
574
12
6
563
252
0
362
604
6
26
46
0
574
441
8
295
39
0
43
215
8
601
173
1
170
263
10
372
60
1
41
537
3
376
134
7
410
546
7
302
190
1
210
406
1
412
99
5
556
388
1
89
588
4
492
650
7
94
217
1
473
143
3
117
358
7
310
356
4
281
329
7
160
153
10
140
560
2
430
511
6
531
656
2
302
441
4
389
323
7
227
42
7
402
351
5
264
561
3
602
608
11
471
373
2
99
585
4
101
126
6
70
472
11
58
201
3
267
419
5
110
97
11
111
116
9
421
393
1
160
108
3
671
137
10
446
247
7
133
370
5
76
242
9
570
393
2
605
469
2
510
546
11
182
362
8
97
145
8
443
401
7
186
279
1
327
672
8
125
585
0
19
665
9
569
441
8
392
646
5
73
228
8
534
675
2
70
487
8
273
101
5
131
488
0
331
60
4
685
225
10
695
469
3
335
298
10
266
583
2
488
197
1
251
300
5
270
680
6
675
50
7
186
701
11
13
363
10
582
231
2
202
420
5
366
89
8
295
228
2
212
249
5
544
212
9
69
713
3
512
110
11
553
659
4
49
707
8
543
329
2
336
230
11
509
410
5
153
690
3
339
274
4
634
179
0
29
667
495
18
555
712
315
343
73
