3
49
54
3
27
96
0
111
21
1
56
30
1
5
67
0
95
75
0
5
128
2
64
100
1
0
75
3
46
39
1
134
117
2
41
137
1
101
34
2
19
29
1
90
47
3
59
18
2
92
117
2
12
47
2
109
71
3
134
9
0
5
100
0
8
88
2
126
52
2
30
62
2
113
86
1
60
152
0
49
45
2
9
62
2
52
155
3
6
80
0
43
14
3
94
97
1
73
56
3
102
85
3
90
89
2
51
129
2
21
109
1
4
32
1
78
165
3
10
164
3
165
30
0
103
2
0
127
74
2
73
72
1
40
80
2
88
28
1
32
53
3
171
46
2
140
91
3
87
21
3
81
168
3
80
78
3
109
58
0
176
163
2
17
138
2
152
141
1
48
91
2
165
162
2
36
29
0
167
45
2
24
187
0
119
171
3
97
115
1
2
143
1
23
187
2
179
139
1
95
26
3
114
69
3
132
136
0
107
118
2
163
15
1
121
31
0
94
36
3
135
197
3
76
4
2
44
44
3
188
10
3
134
23
0
81
56
0
199
23
0
176
46
3
204
97
3
173
139
0
168
207
2
119
186
3
184
99
0
100
67
1
214
15
0
97
126
1
216
85
2
197
76
1
143
102
2
119
63
1
95
62
3
36
147
0
210
160
0
154
169
0
206
86
2
36
75
2
35
162
1
200
90
1
167
64
3
180
224
1
34
52
3
194
178
0
31
102
3
26
225
0
152
107
3
164
219
0
166
103
2
75
138
0
10
90
0
22
9
0
31
158
0
72
189
3
88
215
1
78
142
2
195
238
2
27
38
2
92
63
3
175
149
1
140
61
0
51
245
3
78
138
0
44
17
0
139
40
3
111
135
1
93
254
1
183
48
3
176
131
2
75
188
3
113
194
0
37
111
2
225
212
0
160
107
0
82
250
3
192
96
2
151
35
0
37
207
3
85
196
0
43
97
0
97
225
2
228
92
0
135
147
0
54
134
1
16
241
1
118
91
2
104
195
1
182
107
3
228
7
0
66
241
0
256
168
0
252
171
0
269
255
0
85
32
1
1
171
3
98
69
3
190
90
3
181
154
3
37
4
0
239
76
0
135
225
1
91
28
3
141
44
1
92
32
2
189
27
1
117
200
1
270
192
0
293
88
2
82
263
0
73
131
2
109
144
3
11
39
1
141
266
3
242
33
2
29
239
0
63
33
2
216
230
0
26
155
2
144
45
0
127
168
2
108
141
2
153
116
2
116
151
3
137
84
0
141
136
0
201
211
0
230
211
3
27
166
1
145
218
0
109
258
1
77
148
1
217
292
1
264
74
1
149
46
2
267
155
1
42
277
1
207
206
1
198
310
0
30
180
0
102
278
0
223
90
3
248
220
1
107
50
2
252
28
3
46
29
2
179
42
2
5
25
1
187
304
0
171
130
2
67
288
1
18
12
1
219
304
2
214
183
2
287
5
0
75
207
3
75
90
2
168
157
0
107
181
0
190
117
3
83
19
0
244
308
3
35
201
0
282
283
1
56
205
2
172
67
1
284
181
0
254
131
0
114
158
3
161
90
1
199
146
3
335
214
2
205
330
0
64
322
1
30
333
1
147
139
1
129
162
0
16
171
0
137
208
1
166
186
3
50
123
1
351
244
1
93
319
0
121
209
1
67
218
1
348
287
0
74
60
0
142
30
1
185
240
3
259
16
2
262
309
1
314
167
3
373
295
2
172
51
0
203
60
2
228
67
0
269
203
2
203
189
3
91
65
2
349
311
0
300
297
2
293
198
1
329
313
3
371
271
0
22
80
2
48
28
2
115
321
3
140
214
3
336
216
2
340
312
0
394
92
3
362
13
1
250
326
0
285
139
2
137
350
1
16
33
2
304
169
2
167
177
0
356
16
3
82
181
2
36
391
1
141
312
1
187
101
3
132
168
0
132
73
0
118
388
3
75
155
3
390
163
0
401
367
3
237
344
2
207
397
1
199
146
0
220
216
2
27
321
3
411
312
3
83
144
3
315
41
1
340
141
3
254
254
2
181
74
2
318
257
1
113
190
1
304
286
3
280
127
0
211
241
0
170
382
1
95
199
0
286
237
3
394
60
2
296
262
1
252
277
1
90
378
1
238
25
2
399
397
0
79
291
1
404
31
3
278
285
1
373
297
0
148
383
1
122
163
2
16
283
3
60
241
1
216
401
3
32
57
0
45
373
2
439
284
1
10
413
2
270
221
2
37
445
1
448
367
1
43
356
2
0
94
0
372
175
3
396
136
2
420
131
1
63
359
1
108
73
0
461
118
0
297
245
0
11
41
2
73
209
2
213
373
3
302
151
1
243
228
3
135
384
2
364
174
0
82
256
2
404
384
0
389
4
0
465
40
1
227
275
2
428
330
2
159
392
3
402
449
1
471
416
3
385
342
3
141
126
0
237
202
0
256
444
3
432
214
3
286
315
1
223
103
2
195
182
1
89
470
2
440
434
1
401
8
2
454
138
0
392
43
0
41
321
2
92
266
1
234
80
3
345
290
3
150
178
2
373
22
0
21
485
3
488
426
2
346
243
0
110
52
2
299
186
0
261
420
3
299
363
1
13
496
0
100
138
3
145
497
3
270
215
1
253
137
2
449
104
1
366
37
3
1
393
2
515
422
1
75
488
1
296
26
1
397
341
3
170
408
3
62
409
3
253
120
0
327
354
3
295
337
1
455
37
3
224
345
1
454
319
0
323
126
1
180
482
3
215
49
3
129
364
3
136
166
0
233
435
0
473
158
3
301
41
1
56
472
0
395
505
0
155
223
3
470
106
0
412
243
1
467
64
3
181
324
0
438
413
2
241
348
0
250
14
1
458
42
2
67
170
0
444
451
1
81
173
0
335
488
2
484
544
0
37
125
1
99
366
1
282
302
2
33
325
1
188
335
2
117
194
0
226
149
2
520
310
0
252
490
1
285
383
1
524
497
3
63
168
3
552
500
0
324
539
3
96
73
2
515
397
1
494
54
2
188
190
3
407
244
0
256
560
1
337
57
3
453
477
0
32
460
2
557
327
2
10
19
0
395
166
1
64
432
1
173
113
2
543
313
2
326
550
2
242
175
3
444
406
0
327
44
0
252
34
3
51
530
1
288
202
3
480
501
2
252
117
0
456
85
3
434
122
3
381
529
1
239
416
2
418
540
3
523
117
2
193
132
2
265
288
2
337
507
2
263
599
0
119
55
2
124
410
0
366
10
1
280
471
1
295
187
1
535
394
1
364
12
0
96
107
2
85
280
2
597
495
2
412
45
1
504
579
0
393
576
1
604
9
2
363
186
2
481
212
2
167
97
0
562
530
2
384
58
0
34
252
2
318
189
3
586
138
2
413
252
0
139
436
1
214
4
0
319
224
1
460
367
0
141
470
3
385
14
0
370
299
3
597
597
1
589
533
0
102
509
0
574
271
1
562
609
2
295
255
2
300
227
3
256
373
0
494
346
0
214
304
0
485
230
3
460
154
2
85
152
1
146
439
2
23
24
0
159
198
0
3
404
3
228
557
0
12
411
1
164
233
2
137
285
2
99
493
1
377
101
1
565
191
2
110
6
0
647
517
0
150
555
0
376
121
3
605
254
3
610
514
1
514
410
2
463
433
0
145
315
2
140
495
3
304
215
2
496
22
1
145
570
2
70
436
0
630
325
3
479
499
0
525
660
2
411
457
1
142
280
3
40
311
1
294
384
1
18
596
0
240
655
3
598
566
0
387
132
3
670
386
3
94
359
0
357
310
2
108
453
3
658
366
2
505
675
0
257
416
1
161
493
1
394
580
3
410
60
0
604
557
3
352
405
1
398
607
3
541
225
1
60
628
2
158
290
0
564
26
3
533
558
1
111
376
0
70
502
2
697
364
2
504
305
0
382
230
2
18
503
0
664
684
0
110
263
1
498
176
2
686
616
3
694
136
0
361
70
2
142
432
1
490
108
3
565
545
3
467
380
2
646
686
0
371
120
2
504
136
2
412
593
0
301
419
0
345
95
2
422
80
1
166
370
0
664
336
1
579
310
0
474
639
1
545
28
0
363
103
3
262
170
399
725
252
196
712
611
30
