1
106
66
2
123
61
10
92
98
11
66
72
5
28
88
6
47
126
3
23
4
5
9
63
6
0
40
8
132
15
8
50
67
7
38
64
4
137
52
1
89
82
4
43
44
7
71
35
6
50
115
9
31
139
7
93
140
2
31
81
5
35
25
9
128
96
4
90
61
5
114
30
9
128
54
4
69
114
3
88
12
4
121
37
5
39
37
7
18
136
6
129
27
4
11
64
10
153
0
8
6
125
3
105
69
4
133
153
5
62
96
7
40
84
4
122
83
4
27
121
1
70
92
5
147
168
2
121
140
8
98
47
1
60
117
1
71
52
0
152
28
0
113
123
2
76
14
8
39
167
5
144
145
8
132
113
1
37
50
2
169
28
10
80
103
11
29
56
6
173
24
11
49
108
4
88
40
6
119
130
2
153
167
3
51
157
0
79
49
2
32
115
7
8
55
2
146
149
4
157
29
7
23
36
8
67
59
3
63
132
2
162
2
11
180
45
10
85
136
1
19
187
9
47
99
0
106
82
8
28
122
1
58
101
7
36
28
2
173
108
1
12
164
9
100
139
9
4
151
2
114
104
9
48
89
1
6
189
4
155
167
8
214
152
9
56
213
6
133
13
3
66
132
4
54
154
5
153
186
5
208
212
9
148
209
4
91
49
6
134
57
9
200
160
1
15
142
10
59
49
10
17
208
8
51
153
10
68
64
0
214
187
8
6
215
1
168
181
3
221
26
5
137
203
3
140
28
10
91
142
5
101
143
1
132
204
8
157
122
7
239
39
8
45
76
10
161
82
10
181
194
3
12
41
9
170
181
10
63
173
7
34
103
4
108
77
6
26
163
8
72
68
4
228
79
7
5
46
1
51
225
3
185
176
5
255
54
5
196
164
2
176
17
9
240
109
0
170
208
7
8
66
10
228
161
0
24
38
3
76
29
3
264
104
5
255
225
4
52
163
10
53
192
2
240
206
1
61
156
0
237
137
10
185
198
3
259
223
11
99
213
1
139
216
1
266
270
5
61
92
8
189
117
8
61
228
10
19
106
5
12
271
11
29
125
7
264
61
4
0
80
4
254
22
4
264
249
9
48
218
9
257
137
10
100
262
8
199
82
10
122
168
4
227
84
1
133
178
1
184
113
7
133
199
2
211
291
7
14
172
4
150
287
5
157
166
7
212
166
5
174
34
8
277
12
11
196
225
7
5
20
10
120
26
7
301
186
4
55
242
7
307
94
9
284
291
1
25
244
11
5
14
9
177
235
0
122
239
9
2
196
2
238
162
7
146
179
0
8
95
10
164
305
2
120
98
8
240
205
6
109
164
6
203
60
9
115
136
7
130
181
5
211
248
7
246
265
0
316
149
1
296
103
6
210
39
8
315
23
1
278
200
1
77
20
0
108
99
8
214
310
10
27
236
6
1
161
10
156
12
3
204
176
10
258
311
2
228
137
4
105
29
6
161
275
1
36
219
4
57
180
1
343
162
8
223
242
4
62
215
5
301
198
1
167
16
6
146
322
4
4
293
6
3
1
5
96
203
11
104
244
2
350
318
5
205
195
2
218
330
3
101
267
5
14
340
7
319
196
0
311
155
4
92
151
9
74
26
6
354
354
2
123
63
4
302
362
10
337
302
1
112
280
0
301
205
10
157
47
3
191
274
9
329
299
7
30
318
9
261
313
1
64
259
4
365
189
4
56
212
3
103
371
2
228
183
10
278
47
0
269
33
9
253
157
11
342
155
4
304
277
4
325
370
5
296
227
4
65
366
11
9
188
6
133
67
6
195
159
2
69
209
2
231
154
2
340
155
11
31
287
7
31
347
5
297
392
7
373
89
0
388
384
2
325
3
1
343
234
1
23
250
7
29
189
0
61
287
1
234
109
10
280
27
9
19
209
8
262
83
1
79
45
6
191
138
6
197
10
7
248
258
4
384
33
5
148
203
6
159
201
0
168
234
7
217
141
4
12
317
2
142
88
10
280
298
2
318
211
1
11
155
2
271
350
11
195
351
2
95
338
8
217
343
4
347
107
6
11
349
3
37
26
3
326
198
0
406
12
11
128
105
11
14
212
9
116
188
6
143
395
1
101
132
6
190
419
11
247
416
2
203
31
2
136
104
5
146
87
5
331
314
10
176
241
2
291
268
9
235
293
8
11
390
7
389
301
7
61
363
1
181
366
1
398
189
0
438
357
1
418
200
3
364
195
11
62
438
6
130
247
7
151
253
10
141
386
4
396
340
10
325
190
1
376
109
6
153
264
3
121
61
3
437
83
0
406
365
3
85
76
2
28
52
8
422
25
7
48
209
3
408
231
3
221
454
4
138
286
7
300
277
3
345
102
10
15
129
3
115
320
5
386
398
3
212
362
2
28
47
1
39
162
2
203
423
11
479
163
1
137
203
11
70
352
6
75
287
10
396
5
10
312
469
2
127
417
2
70
318
4
108
313
10
483
302
5
173
355
6
406
159
8
322
234
9
266
142
11
316
29
9
411
5
11
166
466
6
134
350
11
342
182
0
34
136
2
19
99
9
314
472
7
244
2
0
157
351
5
137
411
9
441
413
8
26
340
10
203
156
3
295
320
10
314
379
8
442
2
4
285
379
0
477
83
1
26
66
4
300
318
9
191
289
9
79
97
10
246
400
7
375
293
4
258
472
9
394
81
0
280
51
6
369
125
9
400
1
0
399
213
0
368
141
0
337
221
4
378
219
11
280
11
7
391
517
8
166
65
0
477
279
11
262
205
11
57
320
0
431
354
3
396
64
9
360
278
8
5
185
4
375
199
8
273
319
5
149
54
6
476
302
2
11
215
0
339
66
9
430
124
11
320
26
0
282
73
8
305
194
10
11
155
1
15
350
2
513
292
5
256
334
9
392
534
11
413
42
1
173
57
0
215
350
4
56
1
1
0
280
2
410
143
4
33
507
9
218
36
11
441
385
4
230
123
6
505
547
10
299
58
5
421
153
4
526
99
7
376
124
9
28
546
8
128
314
9
154
436
5
525
16
1
507
322
0
481
198
11
485
254
6
188
119
10
526
287
3
272
454
9
249
152
2
164
507
9
307
289
9
499
562
0
566
502
0
278
155
0
284
251
8
452
385
7
501
114
1
512
409
2
414
116
2
332
575
9
273
572
8
501
68
11
311
285
7
159
45
3
194
543
6
122
177
9
20
230
1
191
136
11
19
508
6
237
394
7
48
393
10
303
185
0
506
318
6
63
22
5
33
487
4
202
14
7
128
92
1
83
420
6
396
239
3
374
431
0
261
602
10
241
569
6
312
493
4
579
358
4
70
138
4
551
204
10
427
134
0
198
479
8
147
422
7
358
588
2
494
405
4
12
317
11
220
618
8
565
8
8
478
439
3
170
468
11
580
351
6
440
43
5
273
623
9
312
338
10
100
434
4
262
421
6
202
309
8
399
432
3
112
262
1
490
471
8
81
306
8
616
526
10
528
463
8
317
190
6
455
302
11
308
591
1
97
602
7
443
386
10
317
139
5
234
565
3
11
283
6
263
456
5
500
152
0
506
74
7
467
197
8
471
63
9
24
151
8
49
436
9
298
196
8
513
218
0
195
49
6
414
91
5
469
305
2
282
102
5
247
101
6
436
306
10
462
325
1
46
637
10
96
335
9
121
573
7
490
578
3
627
111
4
16
366
3
499
67
6
333
602
0
173
487
3
284
40
10
31
242
10
15
258
11
660
21
3
184
64
9
383
330
10
677
557
3
605
455
8
75
82
0
262
485
8
671
45
3
233
98
5
497
312
0
346
296
4
556
108
0
543
458
1
574
599
9
568
172
11
538
67
6
161
321
6
200
491
5
649
479
2
494
228
4
122
55
6
495
436
8
210
358
8
288
69
3
398
383
2
499
613
2
216
501
7
472
114
11
63
78
0
374
73
5
412
207
8
236
572
5
142
541
9
566
219
2
451
617
7
528
476
1
242
630
0
548
440
1
524
217
4
439
506
1
520
81
3
97
26
5
386
298
2
427
146
2
396
311
9
375
105
1
630
609
11
531
221
1
204
502
5
194
182
0
716
321
4
126
656
8
477
716
568
662
514
440
433
170
467
243
30
552
653
651
198
381
