9
97
117
3
90
95
11
116
66
1
1
5
0
12
10
4
42
3
1
28
79
11
90
118
5
46
63
7
121
9
11
55
77
5
20
14
0
4
52
2
7
27
1
69
123
10
86
89
2
42
80
1
6
7
1
103
17
8
75
134
8
39
119
8
92
53
9
74
0
11
111
103
3
125
88
0
142
6
11
136
47
0
4
128
1
74
21
7
81
72
5
72
12
8
12
73
1
147
133
6
88
85
5
117
160
9
34
102
10
27
125
10
97
138
1
29
1
6
11
63
7
93
152
1
127
12
3
73
98
2
143
130
4
89
170
4
28
152
9
104
22
0
28
12
10
84
161
3
109
155
4
75
8
5
81
140
7
102
34
3
99
105
9
21
114
11
20
11
3
120
81
8
4
35
6
121
156
3
174
157
10
182
148
11
61
137
9
87
119
6
133
91
7
139
23
3
114
72
2
56
169
0
67
156
5
103
136
7
80
130
9
45
152
4
72
109
10
50
170
1
152
12
8
128
133
3
90
81
6
54
193
0
106
85
2
68
126
3
54
148
8
58
185
10
168
120
6
150
203
1
50
157
11
173
165
1
66
17
3
134
67
0
189
170
6
207
136
11
12
31
2
140
39
5
120
86
8
217
38
1
178
61
6
142
138
1
32
15
8
86
104
7
107
24
5
62
154
11
124
143
1
92
14
2
42
173
3
1
94
6
189
178
5
71
11
1
183
12
2
21
175
0
228
22
5
58
103
5
187
164
3
198
61
5
229
236
1
89
65
0
233
183
8
61
104
7
144
103
3
60
144
1
76
135
10
19
215
6
116
68
3
186
9
7
13
188
1
222
151
7
127
78
4
182
25
4
65
178
10
171
102
6
12
72
0
158
77
6
179
253
11
234
158
5
15
123
6
223
152
5
101
196
2
79
220
6
222
119
1
66
254
8
171
157
10
60
41
2
257
144
7
156
7
8
55
128
6
96
236
11
195
173
3
70
214
10
98
137
1
58
238
4
52
113
8
81
232
6
13
17
1
106
174
0
115
149
7
200
158
8
264
200
4
8
35
10
25
215
7
27
176
10
18
182
5
277
38
4
277
215
4
154
15
4
94
162
8
289
103
6
123
28
7
120
71
9
208
212
3
122
99
0
53
267
0
75
238
1
169
60
4
1
37
7
130
1
0
161
253
4
130
202
2
253
189
1
295
186
1
265
70
10
227
124
1
217
129
7
57
219
9
97
221
8
226
98
9
13
103
9
274
51
1
242
66
3
37
187
8
22
10
3
46
2
11
138
109
1
207
223
3
292
121
7
74
269
4
120
46
4
101
91
10
55
151
3
240
115
7
271
116
2
210
12
8
42
128
6
146
235
4
15
153
5
240
85
11
260
284
3
22
4
8
318
154
11
64
0
8
131
51
9
137
291
4
311
53
1
160
274
8
55
289
9
27
76
2
285
13
0
169
57
8
119
153
10
74
84
9
231
211
11
65
298
7
191
54
5
101
290
3
170
345
5
265
204
8
325
219
3
119
179
6
350
324
6
180
123
11
43
227
8
50
136
8
292
245
5
254
93
5
336
314
6
82
2
3
243
359
1
140
18
11
241
133
9
34
158
6
26
287
1
181
257
1
239
49
9
162
267
11
236
233
11
281
133
4
162
359
5
170
72
1
371
74
6
170
77
11
122
89
7
101
232
7
94
124
9
277
127
8
184
66
0
206
125
4
19
242
7
330
375
10
267
173
1
361
69
0
116
99
10
317
257
7
219
178
2
276
168
6
236
3
3
177
42
10
342
288
3
125
250
4
133
353
9
346
246
4
312
308
9
137
331
8
42
237
9
207
61
4
228
95
4
37
24
4
121
357
7
397
156
5
383
263
6
314
15
4
252
82
5
122
229
6
96
255
10
290
225
2
56
163
1
222
349
6
164
76
0
198
150
9
8
296
0
72
208
6
392
286
2
233
406
0
352
297
10
229
76
4
414
402
10
125
287
10
336
117
1
368
245
3
115
204
1
184
296
7
163
131
5
29
158
8
197
214
5
294
213
0
136
418
6
134
180
11
132
255
11
314
142
0
149
76
8
228
355
8
324
187
0
30
377
3
183
274
11
222
208
5
432
418
1
300
133
0
427
135
5
199
404
3
136
351
3
261
40
2
35
301
0
397
90
4
421
312
6
12
406
4
255
70
11
28
11
7
51
301
3
95
47
11
342
320
5
122
288
7
356
350
5
154
20
5
28
319
8
35
45
7
207
436
3
20
421
8
410
274
7
7
250
1
457
128
0
242
310
6
80
109
1
35
219
2
350
369
4
48
139
4
33
416
3
464
143
3
429
124
4
159
150
0
154
152
4
55
320
7
40
145
9
386
287
3
345
422
0
412
236
9
39
379
9
243
115
9
85
150
2
242
421
6
33
350
1
212
292
5
320
20
9
369
82
11
50
195
7
369
118
10
244
60
1
475
348
9
130
98
2
21
341
3
303
488
9
150
417
3
206
285
6
424
123
8
120
266
2
204
483
5
446
137
9
157
407
0
88
148
11
214
240
6
280
495
6
306
230
11
348
503
3
358
206
1
363
426
3
52
248
0
119
451
2
289
242
6
97
335
1
438
264
11
273
381
7
459
24
1
90
437
2
143
482
10
184
30
2
411
411
4
311
280
10
273
115
10
345
347
8
22
324
4
263
187
2
232
364
1
314
194
5
407
210
6
219
440
8
419
449
10
421
392
2
132
366
7
294
88
11
70
53
9
66
71
8
112
234
3
214
86
6
263
9
4
300
501
3
28
169
2
458
62
6
169
415
8
334
57
9
462
460
1
54
249
2
336
343
2
23
36
4
243
422
0
313
344
5
50
301
5
429
217
7
311
288
11
51
159
7
285
85
2
42
490
11
187
227
10
231
518
7
484
226
2
329
510
9
173
353
6
426
405
2
453
33
6
299
457
5
38
30
2
173
163
3
276
442
11
213
16
7
24
240
6
113
83
10
509
262
1
59
368
9
331
106
10
62
389
3
59
253
3
216
343
4
128
389
0
541
483
2
268
354
6
352
260
7
289
306
8
376
228
11
239
173
6
419
327
1
87
481
1
241
386
6
434
568
11
250
396
7
337
358
1
298
270
10
374
363
9
97
59
6
570
372
6
435
279
0
392
390
5
115
163
1
283
147
3
279
141
7
285
159
5
29
295
2
547
146
6
70
208
5
375
154
2
482
588
3
207
481
10
258
432
1
54
290
0
589
133
7
93
171
7
128
2
5
448
450
8
119
436
7
249
228
4
68
90
4
314
548
4
280
49
9
211
71
5
200
141
10
593
117
6
297
305
0
514
478
8
505
219
2
484
68
11
198
611
5
396
495
7
75
356
11
342
578
7
595
592
5
5
320
5
324
233
7
187
404
9
585
39
8
622
200
0
416
169
10
598
185
4
490
162
7
87
425
3
53
534
1
256
455
6
594
277
6
132
284
9
200
504
0
274
323
11
101
41
6
403
75
9
328
592
9
578
396
0
625
364
6
124
640
9
218
268
3
549
460
2
482
308
7
113
241
7
188
634
8
195
409
4
260
82
3
436
115
4
519
536
6
260
109
3
490
340
1
115
366
9
94
563
2
623
260
7
162
288
7
615
532
6
121
476
6
120
534
9
637
432
0
328
100
4
233
165
11
177
109
7
88
142
5
321
476
4
431
173
0
50
12
5
491
492
5
452
360
0
377
654
9
219
67
2
116
633
10
295
94
11
443
369
5
619
63
4
419
523
0
100
409
4
388
238
1
155
667
8
594
379
2
198
682
2
42
359
11
399
166
1
338
645
2
231
193
1
484
115
11
477
670
7
487
78
0
205
428
7
359
45
8
100
593
5
433
527
4
521
207
0
89
276
1
42
528
10
675
16
9
374
558
0
530
631
10
432
419
2
340
305
6
374
498
2
606
123
2
15
346
2
580
611
9
664
479
2
239
283
2
217
450
3
570
225
9
514
257
2
70
682
6
634
326
10
620
274
5
635
642
10
664
328
10
337
175
6
203
497
10
292
545
3
662
317
9
360
198
9
605
249
1
594
416
5
656
606
0
392
546
166
254
62
520
106
264
400
