3
29
35
0
101
20
0
18
23
1
25
61
1
46
93
2
14
41
3
81
94
2
79
5
3
11
85
1
124
37
3
134
12
2
31
61
1
126
109
3
9
79
1
92
141
1
121
133
0
76
116
0
100
40
2
132
48
2
74
57
0
104
144
3
61
132
0
27
99
2
7
23
1
65
102
3
8
70
3
16
26
1
17
25
0
133
137
2
132
82
0
20
108
0
144
56
3
146
122
3
12
35
3
137
13
1
87
92
1
141
107
0
32
139
0
118
93
2
48
116
3
116
82
0
59
2
0
118
123
0
164
16
0
48
103
1
67
63
2
110
92
0
12
63
0
143
9
0
75
53
1
167
60
2
170
57
2
159
33
3
102
112
3
9
45
0
139
35
3
9
132
0
95
115
3
65
58
0
179
115
0
150
54
2
177
109
0
55
164
1
75
6
1
102
138
2
56
80
0
135
188
2
61
61
2
92
114
1
135
160
3
139
107
1
99
14
2
147
85
0
184
186
0
36
187
1
93
74
2
5
164
3
122
95
0
5
36
2
88
64
2
61
155
0
47
34
0
92
189
1
202
54
2
80
186
3
157
87
0
20
34
0
171
208
1
143
125
0
133
188
0
29
197
2
188
133
2
47
88
0
31
45
2
180
141
2
216
138
1
15
115
3
122
28
1
84
224
1
49
136
2
53
202
2
95
91
1
51
228
3
226
75
3
98
81
2
64
211
2
142
63
1
40
211
1
142
55
1
86
84
1
179
34
1
237
215
1
187
73
3
77
13
0
3
168
0
193
72
2
1
51
3
47
229
0
127
24
1
27
114
0
247
176
0
145
228
3
226
123
2
234
122
2
31
46
0
57
87
1
234
241
0
133
133
2
190
38
2
70
112
1
89
53
2
69
103
1
111
52
1
232
240
1
134
12
3
112
118
3
237
156
0
122
150
2
5
51
2
123
58
3
19
1
1
94
83
2
99
45
2
266
57
0
200
221
2
117
232
3
135
88
0
94
273
3
13
4
0
101
71
0
57
2
0
134
184
2
258
210
2
7
78
2
53
176
1
184
178
0
98
237
3
213
182
0
181
90
2
130
106
3
193
16
1
187
198
1
226
115
3
87
199
1
42
114
0
65
9
1
235
190
3
21
185
2
57
293
2
239
44
3
151
47
0
287
35
3
61
79
2
180
266
3
213
99
0
111
156
2
229
165
0
260
33
2
71
244
3
277
55
2
291
267
1
201
70
2
176
39
0
16
130
2
127
274
3
273
106
0
127
208
2
61
238
3
236
232
0
135
220
0
104
270
2
153
174
2
212
237
1
225
77
2
207
17
0
278
69
2
138
71
3
89
162
1
211
201
2
92
40
1
80
205
2
187
24
0
327
11
0
193
241
3
238
156
1
249
229
3
150
182
3
247
8
1
278
98
3
331
125
3
336
297
2
58
192
1
334
331
1
33
35
2
235
185
3
223
141
2
39
10
3
177
280
0
247
246
1
34
149
1
338
21
3
300
158
0
325
206
0
233
242
2
117
225
0
5
309
2
285
150
1
253
282
1
228
233
1
298
349
3
120
326
2
150
336
2
56
92
3
72
271
1
23
180
3
243
56
2
339
204
3
58
111
1
15
198
1
108
107
1
12
281
3
178
307
3
175
302
3
28
145
1
152
192
1
159
120
1
146
236
3
140
213
1
166
146
2
146
262
0
157
19
2
233
239
3
13
323
3
94
175
3
33
79
0
187
200
1
185
196
3
346
154
0
36
14
3
159
234
1
378
235
1
63
25
1
129
19
2
86
185
3
207
351
2
368
385
3
390
310
2
172
55
2
350
140
2
113
392
0
393
123
1
310
113
1
173
95
1
306
3
3
259
103
0
179
338
2
51
150
0
368
392
0
267
308
3
385
208
1
174
98
1
134
190
3
148
323
2
150
383
1
350
224
3
385
275
0
158
399
0
311
255
0
285
146
0
78
123
0
45
333
0
383
367
3
135
304
1
190
14
3
216
121
1
219
192
0
241
157
1
255
187
3
337
256
1
75
141
0
316
403
2
270
360
0
202
250
0
333
80
0
350
202
1
29
403
2
385
197
1
250
64
0
1
246
3
396
405
2
237
209
1
104
320
3
43
180
1
405
440
1
110
339
3
89
307
2
194
135
1
406
105
3
375
228
2
31
325
0
49
107
2
414
345
0
41
59
2
211
283
0
411
7
0
129
429
2
31
436
3
329
413
0
284
179
3
81
252
2
439
283
2
234
173
2
126
227
0
45
354
3
311
120
3
405
337
0
24
140
3
183
223
2
424
287
1
182
428
2
88
369
1
359
177
0
219
468
3
470
69
2
410
415
1
129
261
0
53
85
2
369
399
3
439
366
3
435
450
1
398
342
0
36
440
0
405
186
0
350
41
2
56
126
2
242
115
1
253
228
3
196
376
3
221
178
0
371
222
0
159
290
2
332
411
2
426
467
3
268
243
0
15
429
3
328
79
0
335
274
0
459
336
1
491
326
1
283
444
2
384
491
1
413
256
2
321
13
2
455
499
0
45
398
1
34
484
2
407
98
3
405
64
1
455
117
2
126
386
1
204
275
2
438
183
1
93
318
3
94
407
1
234
254
2
268
102
1
97
76
3
281
494
3
308
263
3
57
139
0
295
291
1
71
339
0
501
281
1
397
371
3
492
256
3
499
127
3
423
99
1
303
97
3
413
489
1
189
485
1
480
219
1
205
153
2
261
123
2
107
68
1
320
105
3
191
82
3
344
241
3
59
47
1
124
535
3
468
428
2
114
388
3
339
401
3
49
396
2
95
65
1
244
254
3
394
200
3
219
247
1
371
380
2
340
144
0
180
84
0
495
124
1
179
260
3
10
211
3
490
15
1
466
358
3
356
391
3
138
513
0
411
494
1
198
41
1
523
293
3
409
219
0
272
176
3
285
524
0
418
481
1
366
373
1
165
24
0
107
397
0
455
38
3
142
382
3
405
252
3
148
346
3
24
224
1
49
430
3
199
381
1
502
115
2
64
149
1
555
551
1
546
462
0
24
15
2
421
234
3
515
125
1
62
194
0
77
172
0
177
340
3
425
323
3
484
47
2
519
46
3
477
427
3
509
135
1
393
145
3
535
348
3
305
418
3
335
309
1
435
74
3
583
368
0
470
311
2
445
255
0
228
258
0
179
419
3
148
73
3
22
80
2
162
109
3
285
392
0
418
471
0
564
238
0
20
349
0
581
270
1
524
575
1
22
496
0
141
90
3
213
74
1
460
599
1
406
377
0
382
137
0
597
300
1
257
106
3
111
429
3
68
463
0
456
214
3
166
444
1
97
124
0
147
47
0
153
130
3
576
334
2
252
227
1
288
408
0
253
587
3
283
322
2
262
170
3
170
285
3
369
596
2
291
621
3
366
581
2
387
184
0
613
197
1
417
512
3
72
109
1
197
36
0
275
254
0
472
307
2
18
27
2
449
269
3
618
446
2
457
407
2
473
8
1
137
317
2
357
396
1
607
169
2
272
221
3
321
181
1
341
281
2
445
221
2
241
63
1
582
176
2
367
46
1
72
558
0
470
614
2
333
40
3
92
433
1
338
551
1
481
568
3
622
326
1
587
414
2
506
526
2
418
587
0
261
567
0
80
532
1
507
214
0
345
36
0
549
368
2
6
244
3
447
306
3
305
317
0
627
187
0
349
61
0
453
623
0
654
325
3
92
168
3
526
93
1
647
320
0
397
594
2
287
638
3
181
606
3
580
204
2
114
666
3
152
521
3
352
121
0
193
593
2
405
123
1
206
84
2
549
605
2
254
605
1
433
170
3
487
633
3
291
51
3
352
276
0
234
402
3
617
566
1
688
542
0
593
398
0
41
574
2
673
437
3
50
280
3
649
617
2
502
297
0
499
167
2
659
297
1
546
564
2
600
521
0
164
454
0
291
692
1
14
591
3
140
661
3
374
121
0
239
500
0
587
474
0
355
691
1
519
218
3
289
525
3
453
690
2
506
92
0
209
230
3
474
644
2
86
283
2
185
224
2
102
109
0
378
597
0
278
323
1
164
162
1
12
127
519
239
155
293
695
604
467
