6
103
56
2
123
71
5
102
12
6
2
54
11
67
85
3
27
124
6
74
101
8
1
22
10
42
108
11
33
19
11
79
110
1
68
117
9
82
115
1
39
131
11
112
1
10
120
1
11
58
21
8
52
11
4
25
105
7
74
58
11
39
87
4
65
132
3
48
64
0
40
20
1
56
35
0
96
147
11
62
56
8
22
13
7
49
13
9
119
122
8
112
27
3
92
107
4
133
51
11
107
139
4
112
136
2
103
162
5
60
82
2
19
30
7
56
147
0
146
89
5
152
125
2
145
155
5
163
89
6
126
132
6
36
27
2
123
122
7
71
100
2
87
61
5
110
19
9
166
155
0
6
36
0
58
176
11
13
59
9
84
26
6
103
28
1
73
95
4
131
128
6
87
167
7
144
66
11
76
172
10
47
81
2
150
18
4
179
40
10
183
175
2
72
118
9
184
105
1
60
138
6
169
72
1
166
141
3
130
176
1
123
33
4
29
138
10
31
103
6
2
79
2
43
188
4
104
87
1
57
138
11
63
74
2
158
122
10
37
124
6
38
159
2
5
61
10
120
189
8
176
119
10
119
54
4
26
126
2
123
107
7
153
1
0
154
88
5
91
85
8
42
73
10
96
111
9
102
53
6
18
97
1
108
164
2
122
134
10
107
54
1
223
65
10
127
53
11
50
34
7
108
96
9
166
75
0
71
180
0
196
101
5
196
213
4
201
177
6
148
135
0
144
25
10
57
150
8
12
15
5
30
220
5
123
57
6
46
203
11
65
74
9
28
53
0
236
121
9
228
176
11
29
97
0
111
204
7
19
116
5
110
4
11
204
59
11
118
17
2
235
154
4
246
83
0
164
118
0
248
56
2
26
15
3
45
9
3
177
151
11
229
103
3
157
122
1
258
74
11
36
260
3
156
163
5
134
195
0
5
260
5
110
119
8
17
96
1
63
156
7
138
212
0
126
234
10
45
235
4
133
101
2
116
54
8
102
212
3
173
181
3
221
63
6
206
188
7
51
260
2
129
273
10
207
58
2
3
130
7
152
244
11
15
73
0
21
160
8
278
210
11
94
217
3
159
169
5
264
149
2
221
21
10
66
118
4
71
151
9
148
238
0
187
114
7
52
114
1
37
259
11
165
207
7
96
134
2
96
1
0
291
198
5
146
246
0
215
79
11
180
298
4
9
99
5
302
219
3
21
147
0
191
46
11
247
64
0
263
41
6
63
122
4
223
157
7
145
226
0
207
236
3
22
92
0
236
201
9
257
55
8
43
93
2
161
108
9
159
243
9
2
171
4
109
184
8
201
186
1
231
25
6
172
117
3
263
53
7
94
254
9
213
206
1
95
115
1
88
256
4
90
44
0
91
123
1
154
179
6
305
140
10
329
151
8
133
327
7
16
122
5
331
44
10
195
206
4
23
2
1
52
190
9
191
108
7
256
158
5
54
332
9
242
315
10
177
139
7
45
287
1
61
300
8
45
12
4
135
256
1
168
1
2
223
320
4
63
118
6
68
207
3
6
300
11
340
5
0
90
78
0
282
37
9
131
97
8
147
109
1
141
17
5
234
256
10
359
38
9
272
221
0
348
6
5
7
63
5
303
215
11
43
319
2
156
97
1
0
102
5
184
31
0
76
143
9
46
85
10
268
158
9
20
86
2
2
72
0
118
62
11
197
86
9
70
38
0
11
322
3
15
76
2
136
283
6
194
313
11
361
97
9
343
71
6
211
158
1
219
259
5
123
71
5
97
143
0
103
350
5
72
16
9
356
252
5
111
1
0
93
163
3
84
210
5
87
121
4
131
296
2
393
268
11
29
4
5
274
322
7
149
377
9
196
393
1
310
349
11
85
152
4
286
62
6
175
257
2
23
12
6
266
392
3
404
171
7
168
123
11
229
36
8
257
92
2
269
3
2
99
333
1
352
340
5
406
296
0
377
309
0
18
190
6
244
6
8
316
165
6
81
217
2
255
363
2
66
394
1
247
219
2
348
214
5
200
116
5
400
3
11
75
41
9
221
337
9
243
286
7
213
319
9
185
329
6
66
360
9
284
243
7
76
295
2
248
237
8
266
17
2
300
30
8
16
382
0
259
307
7
22
318
0
371
151
0
51
275
2
55
405
2
52
71
0
158
51
7
343
344
11
397
174
2
275
108
0
142
175
10
58
383
9
447
354
5
6
427
2
260
211
4
395
96
6
419
87
10
197
237
9
448
158
5
119
38
1
452
71
2
391
277
7
364
26
10
404
368
8
147
40
4
255
54
7
393
97
4
19
92
11
13
439
3
112
4
5
285
248
3
353
39
0
218
226
11
201
404
4
119
88
1
438
75
5
281
205
2
269
354
9
440
321
11
268
268
0
350
241
4
213
311
1
38
90
7
437
75
7
30
44
11
48
343
9
82
120
1
149
24
11
256
356
11
94
312
8
462
164
8
410
433
8
115
425
7
71
370
4
261
367
4
377
74
7
176
26
8
277
77
11
397
31
4
143
189
9
189
203
7
406
110
11
7
319
4
223
499
9
251
43
11
79
488
5
248
379
8
260
190
0
199
66
4
377
32
5
163
2
2
266
268
7
161
192
9
347
448
3
244
65
8
48
334
8
309
339
4
132
252
10
370
122
1
51
509
3
64
369
9
23
379
7
385
110
9
19
333
4
99
335
7
26
440
5
260
180
10
367
503
1
323
354
2
304
210
5
161
183
5
73
340
9
122
358
8
237
525
8
168
67
6
49
526
1
371
499
5
408
416
4
269
262
10
226
335
2
474
169
9
114
153
2
249
456
1
116
401
11
525
38
11
15
194
6
222
65
11
485
385
6
432
48
9
149
327
4
139
150
1
429
151
0
507
6
10
244
439
0
547
34
6
24
75
11
519
254
4
525
17
9
106
119
7
122
348
3
151
58
10
87
128
1
544
347
4
528
498
7
248
138
1
284
27
7
200
210
8
487
558
9
36
185
1
510
474
5
224
446
8
189
59
2
233
486
11
338
382
8
26
427
5
100
108
7
183
391
10
121
151
6
509
384
5
41
69
4
411
67
9
275
248
4
152
234
10
474
559
1
58
268
9
451
300
0
576
61
11
440
539
0
354
69
0
175
290
10
81
457
4
85
172
0
117
349
5
294
398
2
405
541
6
55
187
7
453
221
1
452
566
4
183
179
0
347
249
10
49
531
8
384
370
3
434
577
8
237
302
0
158
357
2
47
425
10
171
124
9
302
151
0
414
345
4
367
10
4
383
209
11
530
355
2
30
543
7
481
113
4
572
470
1
69
559
9
431
430
0
376
48
4
503
398
3
375
403
2
25
322
1
469
256
9
557
176
2
395
484
8
397
383
3
289
404
8
436
582
9
81
71
7
166
200
1
146
580
0
237
88
11
485
591
3
586
480
1
292
356
7
317
259
7
545
593
4
321
529
7
367
137
4
245
510
11
226
366
8
20
80
7
401
238
7
277
299
0
114
555
10
312
625
3
629
229
0
350
40
6
577
123
9
324
514
3
139
447
6
485
32
9
350
570
4
299
15
4
204
142
3
539
527
11
44
249
5
450
157
11
385
289
7
80
114
11
200
178
0
112
361
7
555
105
11
224
194
6
182
351
6
394
39
2
238
74
1
363
147
7
588
256
4
326
194
4
590
8
10
5
563
8
70
343
11
284
474
9
389
585
11
520
565
6
633
491
10
623
248
3
55
622
5
664
609
7
332
44
9
407
206
8
247
446
7
498
579
6
141
457
11
288
124
1
399
229
11
484
556
11
494
530
3
677
289
10
588
12
8
175
548
5
465
93
7
40
616
0
207
27
10
63
210
3
73
40
9
256
517
5
100
82
1
347
454
11
579
309
5
215
204
7
140
1
5
302
70
7
426
417
6
662
545
0
404
129
6
628
137
2
251
90
9
304
608
9
229
303
4
89
430
9
209
23
9
697
323
9
333
547
1
453
98
7
338
545
4
265
22
0
21
129
11
217
446
7
609
130
10
491
20
6
598
110
4
478
567
11
137
16
7
317
674
11
605
285
2
318
170
1
398
475
11
472
77
0
69
615
6
353
241
392
172
442
424
295
379
47
