2
33
106
0
24
123
3
18
34
0
93
42
0
129
106
0
59
22
2
103
75
0
99
64
3
58
63
3
132
128
0
88
64
3
118
77
3
4
28
1
72
75
1
47
51
2
118
77
1
100
90
3
0
140
2
95
80
3
70
23
3
62
101
1
80
55
2
52
81
0
105
28
1
95
108
3
104
130
0
19
35
1
56
40
0
102
102
2
50
133
2
93
89
3
50
25
2
20
31
2
51
63
2
97
16
0
27
115
2
30
129
3
20
159
1
92
138
2
1
139
0
130
12
3
52
74
2
141
95
2
27
73
1
143
114
0
151
24
2
16
119
0
18
129
2
107
158
0
89
152
2
114
25
3
38
40
3
85
132
3
61
116
0
138
141
2
128
91
1
97
88
3
164
98
1
22
148
3
61
32
2
84
8
0
39
124
1
177
123
2
51
31
0
157
68
0
70
175
1
180
101
3
191
30
3
33
142
1
23
179
1
129
169
3
46
173
2
70
26
2
65
45
1
52
41
1
54
36
0
199
191
1
24
116
1
182
50
0
6
177
0
58
3
2
184
29
3
159
172
3
129
179
0
186
0
1
150
42
2
143
82
2
113
15
2
74
45
1
128
74
2
214
10
0
216
30
1
138
114
1
208
90
2
193
175
0
121
36
0
120
38
0
17
159
1
225
43
2
93
214
3
124
88
1
58
214
3
22
172
2
230
100
1
59
145
0
213
52
2
158
108
2
95
5
0
208
91
0
38
30
2
42
17
3
171
101
2
181
186
2
71
142
0
218
218
3
25
100
3
159
175
0
175
158
1
221
232
2
107
220
0
110
110
3
130
125
0
146
89
0
235
36
3
123
56
2
69
188
1
38
214
2
2
245
1
217
2
2
84
33
1
79
106
1
239
88
1
112
2
3
71
105
0
145
146
1
207
198
0
214
109
3
118
169
0
202
192
1
264
195
0
149
50
2
185
31
1
156
52
0
122
206
1
55
79
3
127
236
0
182
232
1
213
272
3
208
83
2
76
88
0
87
69
1
189
172
2
274
64
1
177
206
3
64
279
1
107
115
0
247
62
2
24
99
3
41
227
1
233
278
0
121
116
1
198
29
2
122
110
1
47
247
3
80
84
2
48
215
0
93
257
3
145
176
2
86
295
2
11
180
1
224
118
0
81
38
3
115
231
2
28
240
0
66
222
1
97
232
0
83
127
3
89
43
0
176
229
1
250
36
0
119
294
0
194
154
2
89
103
3
64
170
3
282
306
3
312
87
3
302
248
3
312
205
2
192
309
1
38
226
3
174
169
1
161
25
2
80
265
3
185
105
2
121
196
1
241
104
3
303
274
2
324
48
1
157
263
0
71
209
0
270
46
1
35
203
0
256
89
1
76
182
2
24
298
3
62
260
0
273
311
1
141
144
1
294
88
0
173
239
2
48
5
0
98
20
3
337
49
0
199
166
0
243
253
1
71
108
2
13
76
3
343
142
0
294
222
3
75
141
0
229
148
0
334
276
1
159
311
0
326
194
1
24
13
2
47
103
1
18
314
1
1
204
3
117
64
0
275
198
1
341
263
0
343
180
3
177
105
1
260
271
3
335
233
3
276
261
1
38
277
0
208
236
3
318
45
2
339
247
0
140
133
0
366
290
2
152
312
1
114
7
0
196
90
2
237
105
3
344
8
3
223
269
2
204
207
1
77
162
1
334
5
1
192
356
0
119
25
0
30
267
1
120
121
1
341
381
2
38
96
1
307
369
2
43
343
2
261
6
2
200
10
3
111
67
0
109
114
0
129
226
1
81
347
1
352
106
2
161
370
3
160
55
1
386
214
0
291
208
0
358
173
0
120
282
2
81
20
2
139
135
1
221
250
3
345
70
0
134
241
2
359
311
0
1
42
2
143
7
1
222
209
3
229
352
1
235
113
3
208
118
0
342
103
1
235
325
1
241
203
3
208
251
2
178
330
3
109
195
1
367
220
3
69
271
2
356
249
1
13
325
0
83
74
0
167
160
0
200
259
2
89
296
3
400
299
3
220
322
1
183
273
1
202
272
2
420
344
1
401
171
2
233
219
1
282
319
1
258
61
0
12
81
3
248
231
0
185
201
0
213
37
3
318
295
0
389
294
2
25
91
2
164
100
0
440
329
0
146
270
0
82
318
3
9
15
3
403
314
3
283
112
2
137
188
2
82
331
0
109
133
0
115
416
2
209
101
1
371
36
1
63
168
2
163
396
2
26
307
0
141
75
0
54
138
3
57
445
0
264
423
3
360
193
3
415
186
1
238
281
0
61
231
1
314
228
0
217
142
2
294
347
1
283
13
3
137
137
2
10
238
3
391
204
1
147
191
3
73
412
2
429
310
2
95
205
1
287
250
0
267
88
0
84
4
2
307
237
3
333
255
0
263
115
3
325
265
1
198
312
1
348
103
1
28
201
3
393
303
0
315
0
2
225
132
1
109
477
1
127
57
0
199
215
2
419
349
3
246
222
2
403
404
2
126
307
1
201
94
1
20
202
3
230
358
2
416
313
2
343
206
1
152
154
2
428
415
0
444
372
1
391
334
0
401
329
2
201
398
1
483
331
3
55
293
0
153
148
3
492
379
2
198
277
0
365
444
3
340
29
2
292
340
2
125
417
2
78
82
3
93
158
1
497
50
1
258
508
2
448
252
2
176
111
2
355
57
2
495
474
2
355
252
2
416
5
1
254
504
2
342
157
3
349
89
3
488
239
1
17
14
0
502
168
3
514
250
2
191
208
1
79
225
0
479
61
1
16
41
1
271
452
3
56
46
0
224
191
1
277
480
0
67
86
0
533
377
1
440
364
1
190
512
0
310
490
1
277
120
2
505
27
1
153
491
3
42
408
2
115
97
1
522
243
3
149
435
2
95
362
2
294
15
3
141
377
0
207
29
1
369
330
2
156
104
0
88
84
0
103
166
0
157
498
2
8
216
3
518
226
1
476
538
1
23
176
3
554
552
2
417
263
0
272
470
1
327
126
0
191
432
3
8
305
3
85
377
2
136
81
2
162
420
1
514
428
0
483
321
1
408
320
3
64
281
1
128
214
0
209
371
2
351
347
3
176
467
1
6
135
3
473
259
1
78
55
3
411
169
2
534
273
0
187
252
3
160
313
3
154
238
1
353
363
0
372
25
0
329
527
2
468
542
3
255
134
3
421
581
0
170
238
0
370
14
1
544
597
3
5
304
2
564
543
3
66
378
0
16
478
1
501
184
0
22
45
1
576
16
1
380
250
2
76
383
0
370
258
0
365
50
0
303
285
0
108
321
0
530
332
3
501
569
2
219
399
0
385
404
1
10
476
0
101
6
1
109
582
1
599
2
1
532
320
3
350
366
0
453
213
0
237
418
3
342
568
2
345
527
2
465
586
0
197
532
0
242
616
0
207
263
0
135
553
3
79
14
2
279
304
1
414
98
1
491
217
0
398
269
3
430
475
3
83
637
0
502
266
3
402
175
0
568
442
1
222
231
0
158
525
2
525
155
1
116
267
1
62
387
1
379
137
2
306
546
2
130
178
1
43
132
1
398
12
1
135
55
1
4
381
2
521
514
2
210
479
2
635
324
1
422
98
1
549
566
0
506
535
0
400
339
2
85
415
3
493
172
1
628
214
1
489
161
2
645
574
3
603
23
2
413
113
2
56
65
3
273
562
0
666
580
0
268
185
1
242
595
1
357
602
1
378
618
2
327
480
0
218
279
2
289
567
3
527
648
1
378
326
1
500
264
0
656
444
2
220
11
3
289
619
0
75
412
2
286
598
3
238
41
0
458
685
1
407
509
1
393
570
3
224
225
0
248
174
0
337
105
2
185
291
0
214
592
3
506
127
0
318
414
2
53
326
1
500
158
3
83
202
0
486
699
3
422
475
0
321
219
3
185
571
2
395
5
3
22
497
1
696
568
1
153
286
0
464
3
3
236
607
0
680
493
3
461
127
1
489
28
2
419
54
1
424
58
3
242
417
0
284
632
3
346
247
3
541
535
2
348
42
1
158
568
2
225
708
3
574
549
2
356
53
3
478
652
2
289
169
0
591
169
370
374
543
176
226
691
512
