3
69
80
2
83
1
2
107
56
1
103
47
1
43
63
0
23
79
0
132
4
1
6
21
3
129
73
0
129
118
1
70
36
3
114
27
0
137
103
1
131
81
0
34
19
0
49
92
0
2
115
2
102
108
2
56
110
0
61
125
3
77
136
1
41
88
2
91
115
1
55
30
3
46
39
3
22
1
0
125
21
2
82
138
3
83
19
2
23
134
1
122
39
3
113
1
3
1
82
3
26
46
0
23
59
2
107
139
1
75
25
2
41
137
3
80
72
0
31
109
0
63
4
3
133
165
3
57
104
2
142
92
1
96
20
1
11
47
3
63
157
0
25
138
1
52
155
0
23
54
1
56
73
1
146
139
3
123
80
3
87
39
0
96
15
0
16
106
1
50
173
1
16
46
1
168
12
3
185
31
2
82
116
1
80
185
3
148
99
1
28
175
0
89
188
0
126
96
1
185
150
0
170
144
3
178
147
3
158
170
0
191
167
2
177
122
3
186
84
2
14
28
2
191
71
0
155
105
2
184
12
3
99
65
2
40
153
3
55
196
1
28
36
0
142
138
3
79
77
2
105
130
0
30
21
2
179
76
0
181
150
3
66
211
0
115
44
0
42
172
2
187
101
1
62
43
2
39
185
3
90
52
0
18
54
1
94
213
0
99
89
3
99
114
2
38
158
0
226
107
1
116
30
3
73
130
1
0
23
1
14
110
2
36
72
2
33
31
3
1
54
0
105
50
0
20
164
1
114
69
1
122
136
1
13
91
0
229
195
3
196
5
0
214
106
3
34
180
3
10
210
1
233
19
2
206
121
0
143
164
0
21
225
0
8
202
2
11
191
2
102
159
2
193
10
1
249
144
3
221
95
1
59
35
1
244
245
3
222
7
0
200
93
0
20
52
3
4
96
1
208
245
2
230
221
3
4
19
1
83
217
2
21
253
1
40
244
3
54
178
3
77
260
1
262
92
3
128
94
3
62
29
3
156
60
2
47
223
1
203
90
2
37
186
0
83
25
2
127
187
3
243
37
0
98
252
2
186
117
2
44
82
0
49
209
3
154
245
2
192
230
3
66
223
0
86
108
0
272
156
3
31
238
1
270
14
3
148
208
1
120
152
0
237
35
0
283
203
0
7
131
1
216
255
3
60
232
3
253
147
1
214
83
2
53
39
1
258
107
2
55
0
1
249
127
1
9
277
1
193
105
2
272
248
3
32
48
2
205
100
2
85
199
0
268
143
1
198
13
1
77
170
0
254
260
1
121
129
1
256
84
3
108
129
3
215
72
0
38
139
0
51
106
3
89
137
0
55
3
2
32
29
3
276
95
1
47
282
3
313
203
2
75
252
3
244
263
1
226
93
3
204
269
1
84
95
3
219
311
3
37
35
2
88
129
0
329
64
2
31
30
1
205
126
2
101
287
3
248
301
2
123
232
3
302
118
1
275
138
2
77
255
2
322
53
1
57
320
0
256
204
0
339
40
3
157
29
2
334
275
3
186
251
1
43
340
1
219
0
1
154
198
1
151
143
3
241
220
0
195
120
1
191
53
0
80
255
0
265
64
1
148
117
0
140
98
1
19
26
1
353
236
1
93
181
0
52
233
0
90
328
2
105
330
2
199
296
3
3
183
3
36
241
1
169
4
2
38
233
1
355
121
0
341
154
0
130
179
3
85
74
0
139
186
0
334
214
2
163
19
1
318
249
0
100
152
1
42
347
1
89
2
0
269
345
3
74
50
0
242
305
0
143
233
2
269
317
1
362
317
1
159
232
0
183
319
3
72
192
3
326
11
0
301
356
3
74
256
1
370
84
0
326
157
3
242
90
1
101
65
2
330
206
3
393
150
0
296
348
2
104
113
3
334
188
2
89
396
2
160
357
1
375
220
2
314
74
2
194
264
2
238
209
1
316
124
2
209
252
3
175
370
2
223
340
2
143
37
0
110
349
1
304
6
1
86
136
1
305
86
2
51
39
0
98
282
2
267
306
3
118
369
1
141
17
0
420
203
3
384
334
2
198
382
1
76
407
1
233
342
1
274
277
1
388
273
2
116
358
0
328
416
2
291
37
2
155
90
2
412
399
0
36
93
2
211
12
2
386
356
2
294
203
1
134
262
3
136
195
1
21
279
3
357
317
0
420
318
3
264
109
2
200
380
1
93
327
3
110
408
1
200
200
1
179
154
0
109
364
0
88
15
3
182
348
1
438
41
3
317
250
3
83
424
2
353
441
1
12
181
1
219
357
0
145
214
1
108
359
1
50
343
2
4
161
3
141
324
3
449
244
3
77
375
0
274
27
2
125
145
0
147
239
2
388
58
2
152
457
0
69
347
3
330
338
3
91
32
3
104
334
1
124
168
3
156
458
3
251
365
3
240
150
3
269
261
0
421
438
0
210
197
0
258
199
2
137
435
1
58
23
2
419
396
0
3
356
2
251
181
0
173
370
0
406
271
3
194
487
0
300
456
0
489
190
2
314
247
1
446
143
3
169
352
2
331
266
2
195
302
3
109
348
1
235
332
3
114
402
0
245
292
0
212
152
1
227
286
1
209
395
3
261
393
0
369
422
0
469
492
2
234
179
2
172
469
1
350
425
3
424
271
3
407
497
2
8
234
3
472
234
0
309
254
0
163
96
1
427
28
2
231
364
3
265
217
0
211
297
0
383
520
1
461
42
0
111
486
0
368
356
1
255
25
1
449
177
2
147
152
2
459
496
0
108
54
0
411
485
0
7
473
1
47
292
0
54
372
0
147
499
3
207
158
0
523
473
2
531
336
2
534
43
0
260
280
0
216
58
3
443
528
0
237
184
0
541
134
0
462
295
3
537
516
1
365
171
1
361
79
3
237
48
1
334
513
3
305
418
3
505
483
1
325
191
1
401
324
2
34
31
2
360
498
0
427
529
3
91
527
0
48
246
3
132
242
1
283
241
1
485
504
0
340
388
3
248
302
0
421
40
0
531
45
0
143
295
3
26
27
0
493
217
1
172
95
2
346
530
2
359
62
2
506
95
2
52
230
2
269
549
3
447
262
2
319
571
1
162
536
0
203
280
2
531
76
2
12
111
3
517
571
0
346
563
3
67
323
2
476
397
2
395
384
1
460
575
0
216
398
2
51
71
0
27
135
0
494
181
1
296
415
3
151
430
1
165
367
3
495
222
1
36
243
2
24
482
2
81
180
1
487
100
2
222
379
1
483
449
1
167
174
3
594
500
0
476
274
1
190
202
1
303
86
2
21
370
2
340
329
2
559
499
1
62
154
2
302
101
3
203
482
0
580
593
2
80
269
0
363
17
3
215
480
2
547
332
2
136
31
0
327
362
3
610
142
3
387
469
3
9
350
0
620
98
3
397
122
1
405
331
3
518
252
0
76
84
0
96
120
2
0
327
3
327
188
1
319
272
2
402
23
2
10
11
0
394
233
1
59
345
1
412
269
0
45
457
2
559
215
3
287
405
0
588
622
1
430
99
3
610
77
2
27
327
3
578
134
3
177
221
1
603
618
0
141
306
2
405
359
3
530
223
0
336
332
3
75
560
0
444
649
3
315
274
1
563
579
1
257
331
3
321
171
2
338
311
0
251
434
1
284
250
1
78
111
3
653
263
1
277
454
1
208
524
1
522
229
3
39
586
0
126
95
3
306
365
2
426
365
0
80
449
0
326
616
1
226
294
0
537
640
1
86
420
0
75
377
3
88
669
3
640
487
2
519
622
0
310
373
3
623
628
3
11
316
1
577
126
2
166
171
0
554
547
3
104
371
0
28
532
2
288
337
1
205
170
3
10
579
2
413
195
2
556
248
2
427
84
2
30
432
3
307
162
2
49
144
3
587
64
1
303
684
1
433
602
1
512
357
1
68
351
3
415
285
1
666
105
3
222
645
0
154
170
0
527
206
3
48
300
1
481
21
0
377
197
1
684
139
3
130
571
1
341
407
3
625
337
2
276
616
2
468
539
0
596
287
3
368
200
0
542
340
1
37
18
1
611
333
1
569
274
2
441
60
0
269
405
0
12
635
3
326
485
1
239
288
0
213
139
0
237
218
3
496
24
1
526
120
252
69
174
657
288
5
260
