1
71
61
0
120
93
2
102
111
2
61
85
0
18
18
3
32
57
2
85
128
0
60
77
2
90
73
1
92
131
0
123
109
1
125
10
0
39
136
0
92
34
3
131
94
2
119
135
1
47
73
2
20
28
3
1
31
3
80
24
1
31
70
0
87
73
2
108
90
2
8
83
0
112
55
3
117
11
1
100
97
1
98
60
3
48
128
1
145
27
3
150
71
3
109
110
0
107
102
0
26
142
1
56
31
0
134
35
1
51
71
0
1
153
0
0
47
1
40
50
1
39
92
2
94
110
1
87
90
1
144
22
0
32
84
2
171
74
3
11
105
0
125
163
3
130
157
0
172
122
3
127
66
3
10
104
2
73
80
0
84
98
3
71
33
0
67
99
2
100
128
1
134
115
3
49
167
3
68
11
2
36
12
3
163
64
1
148
105
2
72
105
2
74
182
2
43
189
3
37
189
1
138
157
3
110
67
2
192
10
1
194
33
1
143
102
3
55
124
1
111
95
2
181
121
3
197
150
2
70
135
1
64
38
2
144
163
2
149
184
3
40
166
1
176
112
1
169
17
2
4
180
0
105
65
2
10
76
1
191
185
1
135
148
1
202
156
3
50
47
3
2
86
3
147
156
0
64
32
3
134
39
0
82
116
0
183
188
1
128
154
1
114
155
2
61
42
0
210
162
2
67
208
1
161
40
3
40
108
0
206
226
1
26
152
1
181
84
2
68
169
2
53
29
2
234
171
0
65
149
3
196
164
3
236
165
3
74
42
1
138
2
2
109
68
1
39
31
3
73
79
2
18
185
2
54
129
0
102
68
0
34
36
2
229
48
2
114
100
1
213
163
0
171
108
3
98
127
0
179
169
1
4
76
1
122
115
2
213
97
2
207
27
0
161
76
2
75
257
3
13
114
3
119
32
3
98
119
2
158
15
3
225
221
3
259
20
1
12
261
2
51
7
1
35
143
3
135
259
1
3
210
0
25
242
1
243
119
2
16
132
1
111
261
1
2
209
2
241
246
2
112
11
0
11
71
2
144
223
2
130
14
2
198
209
3
272
66
2
269
83
1
117
218
0
170
218
3
104
136
0
175
21
1
133
198
2
84
9
1
46
186
3
17
9
0
56
262
2
251
159
3
37
116
0
36
154
3
149
7
0
187
85
0
51
65
1
138
174
3
273
171
0
105
234
3
98
213
2
209
89
3
65
72
1
300
165
2
112
99
2
295
26
2
152
178
2
183
84
2
66
59
3
157
230
1
88
224
2
195
111
0
148
2
3
156
275
0
68
77
1
279
105
3
211
103
0
103
269
0
183
240
1
130
199
0
286
103
1
48
85
2
43
133
1
57
83
3
257
47
3
249
44
3
173
152
1
119
94
3
111
102
0
145
308
2
157
32
0
136
189
1
270
135
1
248
15
1
216
204
3
52
103
3
108
335
0
257
117
3
7
79
1
139
166
3
50
106
2
53
218
0
217
167
3
138
209
0
213
149
1
119
137
3
30
131
0
177
256
1
261
168
1
258
228
0
215
328
1
123
264
0
36
238
1
212
107
3
242
114
3
339
209
0
295
150
2
176
286
3
152
287
0
57
85
1
345
193
3
239
216
3
342
132
2
97
206
2
225
257
3
287
156
2
301
20
2
90
73
1
358
245
0
359
38
3
168
194
0
221
361
2
306
275
0
299
223
2
6
328
3
22
162
0
148
228
2
20
318
3
275
120
1
210
329
3
122
347
3
328
10
0
103
260
2
309
131
0
270
246
3
5
230
2
151
22
3
212
305
2
214
343
3
218
67
1
373
210
3
310
315
3
393
240
3
1
276
0
347
284
1
307
4
3
61
36
3
269
53
2
80
126
1
261
369
0
381
138
1
392
0
2
401
154
1
10
66
3
275
348
3
39
186
0
352
91
3
260
188
3
369
128
0
235
269
0
264
357
3
249
169
2
291
272
1
411
35
2
24
237
0
200
7
3
335
266
2
110
15
2
29
309
2
195
402
1
190
173
1
196
337
3
239
267
3
263
200
1
101
329
1
109
40
1
36
294
3
32
417
2
91
328
1
388
108
2
234
229
0
266
40
2
304
135
1
27
418
2
321
399
0
210
62
1
26
23
1
160
255
1
2
167
1
26
399
1
64
392
2
406
43
0
429
424
0
40
100
1
104
370
1
197
368
3
60
361
1
242
317
2
75
256
1
303
224
3
97
211
2
339
39
3
111
362
1
114
286
1
251
379
1
421
67
0
392
171
0
384
280
1
379
353
3
361
247
2
197
346
3
312
223
3
110
179
0
165
24
1
461
267
3
292
218
2
347
71
3
159
30
1
411
309
3
463
299
2
240
470
3
457
465
0
97
62
1
238
75
0
137
439
1
170
211
0
304
48
1
44
33
0
235
41
2
287
58
2
154
344
0
207
432
0
428
250
0
12
174
3
86
379
1
25
31
0
380
218
0
259
379
0
404
263
1
239
110
3
220
114
1
164
241
1
411
436
0
461
316
3
19
464
2
321
329
2
375
243
3
387
152
3
372
473
3
229
209
1
422
255
2
435
127
1
271
221
0
251
450
2
254
65
0
288
494
0
491
172
3
223
145
1
409
9
2
82
264
1
396
302
1
421
180
0
49
84
2
12
293
0
171
356
3
181
107
1
311
470
2
135
486
0
11
372
0
477
108
0
170
203
2
77
121
0
249
366
0
66
446
1
416
197
0
100
58
2
171
255
0
251
129
3
413
101
1
416
344
2
143
255
1
162
285
3
33
71
3
124
259
2
56
367
3
530
454
1
46
117
3
371
88
2
432
23
1
62
17
1
360
105
0
521
503
0
159
302
2
275
5
0
253
202
2
496
454
2
134
449
3
15
114
0
368
405
1
502
435
1
467
492
0
409
1
1
469
485
0
417
62
0
21
149
1
357
532
1
412
546
3
502
166
2
63
225
0
235
216
2
140
235
0
71
558
0
37
37
1
502
291
3
56
70
2
58
261
3
175
38
3
362
281
1
226
188
0
87
20
3
381
300
1
535
459
3
561
191
3
237
13
0
258
214
1
353
468
3
265
237
3
404
518
3
143
75
3
398
22
3
171
10
1
52
334
1
159
566
1
271
569
2
171
349
1
110
252
1
382
171
2
65
558
0
155
183
3
185
274
2
160
364
1
562
27
0
316
266
0
461
259
1
211
518
0
375
341
0
286
233
1
461
131
2
37
145
2
566
601
1
197
351
1
281
435
1
72
213
3
553
150
3
433
273
2
542
583
0
373
481
1
351
26
0
444
80
3
142
305
1
493
532
3
513
302
3
463
130
2
483
266
0
304
3
2
415
610
3
398
557
0
130
558
1
306
335
1
16
418
2
1
149
2
618
132
0
326
56
3
342
357
3
328
501
2
253
410
1
345
341
1
620
270
1
362
454
2
103
347
2
134
631
1
91
197
2
591
304
3
136
43
0
359
21
0
631
201
3
110
257
1
340
556
0
269
542
2
445
509
0
82
598
1
553
540
1
500
303
1
262
506
0
305
226
3
258
108
0
162
250
2
237
323
2
130
74
1
58
509
3
385
209
0
525
567
0
640
142
0
646
31
3
78
423
2
651
418
1
387
475
0
273
398
2
364
205
0
481
176
0
312
457
3
604
51
2
561
526
0
177
124
1
187
284
2
607
195
1
237
389
2
328
234
1
0
326
2
510
425
2
91
336
1
258
431
1
27
33
2
205
136
3
413
189
0
498
172
3
387
543
0
462
24
1
146
581
3
523
671
3
657
83
2
427
65
2
300
72
2
631
140
0
188
102
3
186
375
3
539
0
1
164
674
2
312
546
1
173
490
1
74
277
0
136
467
0
324
628
1
241
637
0
405
386
0
241
413
0
347
516
2
19
521
0
30
578
1
494
119
2
37
585
3
675
545
0
82
221
1
469
378
0
170
582
0
599
568
1
313
528
2
465
631
1
209
474
0
86
457
0
11
382
3
164
371
2
143
634
0
254
430
1
569
16
0
127
457
1
411
440
0
223
142
3
677
416
3
420
197
2
67
151
3
30
672
3
237
597
0
384
370
2
112
275
49
73
161
126
43
119
181
