1
109
60
0
103
75
0
51
72
3
87
61
2
86
5
0
16
104
2
75
84
1
101
134
0
108
121
0
52
95
1
58
3
0
48
33
1
45
129
3
109
0
3
107
18
0
49
127
3
0
24
1
67
68
1
79
20
2
75
6
0
57
44
0
125
73
0
26
93
2
138
128
2
105
70
2
4
78
0
75
128
3
47
1
1
76
25
2
64
4
3
112
143
3
22
107
0
115
119
1
57
152
3
20
144
2
111
10
0
126
120
2
1
78
0
22
40
1
120
46
2
59
23
3
68
92
2
32
38
1
162
58
3
36
91
1
65
46
0
156
12
0
23
111
3
37
151
1
93
57
2
31
161
2
57
37
2
175
172
3
57
50
2
175
138
3
57
159
1
148
27
1
147
109
2
118
0
2
174
24
2
25
161
0
99
173
2
117
40
3
38
24
1
164
156
3
74
92
1
176
66
2
17
52
0
84
84
3
97
56
0
166
84
0
117
27
2
63
186
2
28
24
1
103
36
0
7
17
2
71
176
2
46
56
0
33
12
2
15
108
1
198
17
2
166
145
3
208
107
2
79
109
1
208
209
2
163
33
1
166
0
1
4
77
3
133
122
1
99
128
0
154
171
1
200
110
0
95
40
2
14
166
2
31
51
0
23
125
0
21
93
3
185
34
0
221
13
2
150
172
0
103
113
2
196
105
2
15
84
3
211
65
0
98
14
3
90
77
3
152
226
0
207
103
2
224
76
2
215
81
3
137
30
2
163
157
0
53
175
1
162
128
3
102
211
2
64
232
2
182
42
1
173
143
2
202
45
1
130
246
2
102
127
2
185
133
1
215
157
0
189
168
2
213
48
3
190
186
0
151
215
2
169
208
2
38
255
3
180
220
0
212
130
1
78
244
3
103
243
3
226
145
1
195
250
1
170
248
3
164
52
3
217
54
0
243
99
0
172
98
0
29
265
1
48
214
0
175
157
2
13
257
1
179
162
0
134
128
1
47
258
2
103
56
3
85
249
3
111
227
3
236
31
3
79
27
1
234
92
3
278
266
1
189
191
3
129
88
2
72
39
1
191
92
0
105
193
1
185
272
0
43
259
0
1
92
0
83
38
0
120
20
1
121
106
1
220
209
3
66
166
3
27
184
2
19
166
0
83
76
0
75
160
3
193
102
3
18
265
1
31
40
2
204
94
1
96
102
3
184
93
1
92
223
2
107
140
3
60
67
1
35
121
3
303
10
2
284
77
0
99
217
0
40
53
3
4
167
0
100
217
0
23
30
0
155
103
2
179
217
3
29
295
2
19
81
0
271
186
2
9
157
0
6
205
2
189
176
1
253
69
2
272
300
1
226
313
0
192
282
2
289
243
2
188
264
1
200
281
2
176
114
3
155
5
0
14
70
3
264
87
3
250
64
3
327
109
0
78
327
1
223
33
3
74
230
1
137
16
3
258
214
2
321
24
0
196
88
2
289
254
0
142
197
1
307
173
1
148
12
0
187
27
1
244
81
0
135
312
0
349
82
2
23
112
0
54
27
3
102
335
1
255
200
3
276
176
1
235
166
3
178
183
3
201
216
2
69
329
0
305
32
3
297
262
0
287
285
3
297
73
3
268
60
2
133
143
0
243
221
0
31
85
3
313
74
2
140
302
0
338
98
1
126
114
2
78
274
0
264
11
2
116
85
1
149
96
0
194
75
1
256
135
0
292
166
1
123
328
3
330
30
0
200
278
0
243
64
2
26
195
1
109
288
1
293
186
1
30
376
0
25
134
2
80
47
1
55
320
2
123
326
0
376
314
1
16
231
3
318
148
1
186
7
1
292
286
0
291
227
1
187
371
2
244
80
3
133
3
1
271
37
2
361
221
0
141
48
2
317
44
0
51
49
0
396
331
0
346
352
0
406
44
0
171
322
1
380
315
0
320
373
1
127
324
1
126
258
1
110
248
3
144
358
1
251
275
1
193
377
3
269
166
0
146
8
3
345
293
1
220
222
0
262
194
3
25
45
1
227
132
0
211
117
2
172
122
2
391
123
1
60
309
3
89
227
1
150
58
1
334
231
3
316
305
0
16
204
2
425
239
1
230
204
3
184
254
1
194
67
3
48
174
3
116
23
3
71
190
1
368
161
1
410
54
2
334
142
0
27
161
2
94
335
3
257
36
0
246
367
1
436
233
0
149
30
1
408
31
2
109
255
3
269
122
3
64
177
1
19
129
1
154
234
3
71
7
3
193
5
3
437
7
0
78
227
3
410
78
1
1
441
3
19
187
1
55
29
1
336
24
0
461
11
3
445
143
2
32
273
2
215
237
2
286
251
0
231
369
2
451
302
3
337
37
1
449
86
3
223
303
2
120
51
3
345
445
3
421
155
2
388
246
1
70
196
0
345
354
0
249
163
0
25
144
0
340
286
1
437
96
3
472
116
1
95
182
0
89
154
2
482
5
3
210
223
1
199
433
2
109
434
1
272
425
2
36
73
0
270
439
3
151
29
2
217
124
2
250
397
1
342
75
1
338
153
3
80
381
0
250
151
1
156
283
0
415
58
2
162
383
0
21
309
1
104
190
3
121
110
0
149
264
1
151
183
2
102
153
3
453
67
0
271
446
1
480
349
3
180
436
3
249
333
1
351
231
3
335
27
2
198
477
2
491
358
3
430
119
0
148
368
3
370
513
1
450
297
3
351
286
3
334
138
2
328
105
0
329
445
0
405
61
1
9
78
3
443
456
0
133
80
2
182
303
0
2
59
1
407
144
3
191
29
1
163
259
3
292
464
0
356
205
0
168
302
2
220
282
3
17
115
2
123
114
3
174
421
1
445
315
3
485
258
2
460
473
0
487
380
3
154
103
2
27
110
0
232
90
2
136
32
2
298
518
0
533
238
2
123
277
3
7
286
3
521
460
0
178
351
1
492
458
1
327
14
3
213
8
2
404
33
2
181
91
3
362
190
2
536
10
1
545
148
2
541
123
1
258
7
3
42
18
3
33
221
2
569
45
2
454
487
0
417
533
0
252
140
0
1
380
0
422
493
1
144
552
1
523
10
0
528
568
2
333
220
1
481
7
0
127
119
1
460
273
3
488
520
0
254
488
1
445
295
2
277
50
0
564
82
0
268
420
2
447
524
2
448
433
3
448
365
3
315
545
2
541
42
2
284
21
2
98
323
0
569
582
0
441
25
1
302
212
3
232
115
2
188
446
1
574
246
0
382
172
0
217
585
1
374
157
2
258
277
2
562
230
3
159
603
0
239
424
3
215
396
1
362
554
1
14
594
3
82
260
3
241
295
1
66
569
1
280
356
2
199
144
3
165
54
3
181
546
0
254
266
0
45
395
0
13
473
0
386
111
3
114
445
2
223
591
2
446
562
1
156
50
2
151
334
1
274
186
1
303
247
1
624
421
2
579
548
1
588
42
0
164
428
3
303
319
0
467
604
3
234
316
3
406
135
1
133
56
2
604
268
3
628
295
3
579
201
1
485
38
2
437
114
1
465
342
1
152
259
1
515
377
3
354
539
2
136
310
2
81
238
1
528
622
2
81
613
2
47
271
1
220
236
0
29
623
0
217
283
0
190
29
0
455
307
0
609
27
3
84
48
2
327
473
3
528
480
0
575
193
3
68
111
3
210
587
0
321
175
1
518
123
3
362
214
0
454
229
3
348
140
2
405
242
1
554
536
3
477
597
1
125
105
2
142
659
3
108
530
2
431
195
0
232
520
0
613
527
1
433
599
0
85
333
3
591
612
3
87
47
3
357
338
1
122
220
1
503
395
2
648
379
1
534
110
3
24
195
2
116
645
3
242
572
2
343
307
0
130
537
3
499
188
2
30
64
0
335
379
3
607
271
0
198
232
2
477
306
3
516
92
2
520
421
1
233
151
2
460
556
0
460
8
3
639
113
1
271
286
0
543
19
1
563
613
0
701
203
2
633
204
2
302
6
2
553
118
1
462
111
0
333
658
2
484
68
2
349
214
3
113
24
0
75
575
0
328
418
2
535
428
3
584
573
0
132
594
1
710
466
2
535
629
2
96
372
2
595
62
0
313
277
1
6
167
573
291
110
676
319
374
326
