5
17
69
3
45
125
9
9
87
4
54
18
5
2
82
6
47
2
10
109
123
10
21
21
10
117
82
6
22
110
11
27
122
10
98
135
8
83
31
0
66
58
7
52
13
3
11
67
8
102
122
3
16
31
7
63
52
2
107
56
2
132
122
0
11
82
3
10
78
10
105
5
5
22
34
9
9
56
3
14
83
2
7
4
6
140
86
2
91
88
4
34
4
4
127
2
9
105
131
10
70
4
8
136
124
2
130
30
7
143
138
7
41
139
3
81
163
9
63
21
4
28
87
0
69
106
11
37
31
10
151
84
4
84
111
4
9
94
1
20
88
9
110
71
4
118
121
6
54
105
10
151
1
11
73
112
6
30
166
2
58
115
5
74
12
3
11
26
5
76
50
6
150
39
5
133
78
5
167
150
3
69
108
7
131
72
0
24
172
4
131
4
10
100
177
11
54
192
9
111
140
9
136
11
2
60
146
8
144
38
3
84
163
2
81
131
6
46
179
9
8
56
1
20
110
4
88
32
5
129
130
7
160
155
3
164
50
1
127
86
0
195
171
10
53
8
7
38
97
10
99
165
8
65
92
3
73
116
8
5
107
11
185
22
2
108
175
6
31
47
8
18
16
4
122
81
5
169
40
4
148
83
2
22
18
9
162
213
10
200
11
0
23
202
9
173
32
11
92
63
2
112
84
11
212
95
1
12
1
3
74
190
0
176
125
5
28
118
0
58
58
4
168
82
9
127
10
4
51
152
1
110
97
1
56
174
7
44
104
1
143
89
7
121
102
5
137
220
0
30
67
8
145
36
2
220
65
9
62
3
2
142
123
3
125
61
2
43
137
0
24
229
8
50
244
9
130
42
11
139
173
10
199
252
5
15
51
3
155
156
7
122
92
5
80
100
9
244
241
7
174
79
0
142
68
4
130
172
8
109
54
9
53
41
11
79
31
4
246
174
11
246
264
10
125
47
6
149
261
10
193
44
4
11
62
2
74
119
10
208
161
0
53
268
6
184
198
2
226
114
4
242
81
3
205
10
0
127
117
10
45
67
1
223
272
1
231
45
10
113
179
8
118
208
3
269
164
0
148
151
1
5
154
8
79
249
2
12
20
5
91
87
4
231
41
1
252
229
7
89
273
0
64
126
9
110
83
9
66
199
9
256
210
2
291
240
9
292
187
1
112
191
11
141
293
11
265
233
2
228
199
11
17
303
2
292
301
9
72
110
3
66
201
7
136
114
5
112
257
8
289
78
5
291
148
6
168
267
5
259
1
1
151
4
3
112
102
10
94
233
6
228
94
0
82
218
9
270
92
9
196
203
11
242
21
6
235
202
7
163
233
2
134
141
4
219
48
6
184
257
11
73
327
2
281
243
10
42
87
2
199
8
10
191
264
11
274
115
2
9
13
10
123
189
1
288
214
10
320
162
11
326
12
7
34
134
9
3
202
3
10
74
9
32
270
1
261
234
5
233
325
10
16
197
9
143
34
5
338
261
2
165
38
7
102
25
0
85
167
2
255
327
4
256
259
0
64
155
0
22
288
4
115
150
3
170
281
4
129
286
6
225
203
7
115
98
9
65
90
1
332
178
5
221
299
11
259
270
1
293
320
5
344
139
6
171
186
8
317
200
2
164
243
2
242
51
7
146
160
3
56
88
11
337
248
2
279
178
9
50
281
6
117
100
3
216
243
0
366
191
10
235
179
6
24
16
7
252
284
11
267
138
11
372
352
9
120
65
4
184
291
11
62
132
7
351
59
1
237
269
0
180
267
7
248
34
10
139
331
1
272
100
7
162
251
1
76
83
11
134
85
4
303
298
1
2
194
8
220
336
4
5
65
11
339
141
9
57
13
1
38
160
4
363
48
1
366
190
0
263
273
11
192
383
9
81
309
5
264
233
2
266
168
6
330
275
5
395
305
0
189
10
7
340
101
7
344
373
4
81
309
0
330
349
8
39
330
7
170
78
2
280
367
2
401
378
10
66
1
7
99
258
0
118
302
8
224
279
11
266
367
1
46
324
8
399
5
3
252
59
11
298
298
2
176
93
0
391
160
4
146
247
5
108
9
9
376
115
3
188
387
9
262
259
5
343
309
10
372
150
11
410
213
5
72
346
2
272
67
3
205
63
0
199
79
6
373
114
4
198
393
2
351
34
4
436
425
6
368
432
6
354
102
7
300
86
8
404
47
5
403
233
0
47
142
1
425
383
7
68
26
10
92
164
6
174
337
10
456
283
3
8
112
2
416
130
10
360
166
11
373
94
2
162
206
3
31
346
1
71
355
6
71
412
4
329
368
5
294
10
4
159
2
0
242
305
0
331
110
6
310
447
9
369
9
9
93
424
7
334
154
10
285
431
4
59
403
0
147
413
2
273
245
11
418
402
2
387
178
2
453
207
1
408
21
9
238
93
2
285
453
6
250
393
2
276
409
3
277
422
7
3
395
5
316
120
2
310
443
1
262
246
8
307
54
10
190
297
1
292
54
4
310
146
0
294
88
7
101
242
5
233
39
5
408
158
11
228
336
10
43
472
5
161
387
7
403
201
11
33
38
6
422
8
0
353
471
2
309
397
8
503
7
0
85
48
7
61
306
6
138
0
8
159
226
11
236
493
10
425
85
7
30
207
3
286
113
6
17
277
10
105
77
1
308
180
3
43
5
9
437
244
9
76
83
10
277
394
7
229
518
0
417
303
4
473
197
10
517
468
2
358
130
1
406
19
11
12
135
5
201
428
1
144
273
2
92
66
5
53
26
3
87
235
10
90
231
8
351
384
11
311
43
0
234
532
8
329
85
5
459
211
10
206
169
5
410
163
7
250
453
6
311
26
0
482
188
1
198
176
4
487
468
8
182
441
11
351
544
6
429
98
2
58
345
3
271
207
3
259
113
3
154
98
2
188
108
3
228
345
7
411
496
9
211
337
1
193
459
3
69
487
7
416
70
3
332
511
8
308
102
4
383
82
1
218
524
1
112
40
2
85
307
4
479
501
7
225
478
2
481
398
6
318
82
4
87
319
2
443
132
3
348
424
2
150
434
5
401
24
5
251
306
1
349
397
7
372
484
10
546
371
7
161
96
1
464
343
11
548
364
5
120
552
9
438
85
4
110
253
1
156
11
8
420
535
6
171
158
11
215
330
7
370
304
4
569
410
3
188
10
8
145
298
11
419
13
0
592
563
1
375
135
9
354
518
3
110
460
8
306
452
3
303
411
10
569
353
2
406
316
4
174
604
0
318
365
2
189
339
9
220
591
1
573
346
2
366
18
0
465
3
0
488
507
2
579
156
10
458
490
11
287
362
11
530
505
0
155
88
11
188
575
2
472
21
1
597
149
9
457
228
10
480
269
6
441
448
4
532
512
10
393
114
4
448
45
0
213
100
4
51
56
9
279
351
10
440
448
2
138
43
4
154
559
4
124
159
8
345
618
6
552
233
7
372
613
9
353
42
7
542
37
11
384
504
1
385
369
3
295
366
1
109
262
1
308
201
11
285
289
11
479
590
3
346
197
2
177
348
9
482
611
7
542
486
7
358
576
1
290
421
4
563
230
8
564
641
3
24
168
3
602
404
1
416
350
8
327
153
10
55
606
10
180
264
6
173
280
8
359
131
2
29
155
11
24
410
8
628
112
5
323
563
2
203
352
10
343
584
3
245
324
8
626
327
1
44
312
6
235
319
7
376
237
7
481
645
11
226
182
10
439
567
6
307
129
11
116
446
8
203
651
3
219
488
1
146
526
2
356
45
11
458
108
2
661
351
10
315
624
2
192
525
5
536
544
7
221
638
3
342
664
7
424
318
3
487
311
0
636
191
6
627
306
10
54
64
10
384
461
2
476
394
5
480
106
1
447
268
8
108
404
9
45
443
11
593
529
10
406
454
9
369
45
4
694
234
8
451
224
8
522
433
3
626
279
1
511
600
4
521
105
8
667
498
10
485
153
7
628
619
3
190
19
2
439
334
5
593
172
2
512
35
0
581
187
6
332
175
4
403
251
0
681
560
3
551
104
1
70
440
11
518
403
8
561
418
4
101
293
9
180
314
1
584
601
10
227
479
276
95
473
335
535
544
331
