0
45
48
2
7
28
1
41
86
3
61
85
2
111
64
3
16
18
2
13
119
0
108
82
1
0
60
0
66
86
0
23
123
0
48
134
0
51
31
0
58
53
0
44
92
1
92
38
3
60
139
0
5
91
0
139
94
1
115
67
2
67
123
2
143
55
1
95
75
0
97
44
1
114
130
3
46
21
1
96
78
1
114
63
2
38
142
3
90
21
2
157
81
3
10
146
0
32
7
0
100
140
2
47
7
2
120
40
1
105
114
0
155
59
3
157
156
3
92
16
1
155
71
2
9
116
1
147
97
2
99
129
1
99
26
1
154
82
2
93
127
1
156
0
3
16
143
0
148
117
1
109
27
2
84
173
0
169
78
2
75
107
0
50
62
0
69
171
3
7
45
2
21
105
1
87
80
3
6
86
0
114
17
3
176
137
3
7
105
2
77
22
3
139
110
0
121
114
1
152
162
1
69
46
1
63
187
2
15
56
2
25
149
1
107
106
3
162
73
3
86
182
2
152
79
3
185
33
3
127
36
1
186
77
3
178
104
3
29
144
0
109
79
1
172
154
0
1
189
3
62
158
2
138
67
1
113
208
1
153
11
3
118
172
1
96
61
1
81
202
3
189
19
3
130
67
3
130
20
1
143
12
1
197
38
0
78
87
1
36
54
1
23
8
3
119
103
3
50
115
0
153
72
3
7
124
2
160
85
0
226
174
0
97
188
0
195
45
2
233
161
0
196
34
0
169
118
2
20
34
2
211
61
2
85
117
0
182
45
2
136
110
3
162
11
1
143
105
3
181
136
0
197
52
1
185
117
0
235
57
2
152
53
3
216
35
1
169
36
1
65
201
3
132
235
1
76
13
3
172
40
1
167
212
3
151
220
0
15
186
1
108
53
1
115
181
2
72
140
2
72
173
2
229
240
0
150
156
3
210
124
0
201
117
0
83
148
2
37
146
3
116
195
3
83
167
2
228
128
2
235
257
2
180
81
2
218
196
3
37
123
2
128
34
0
152
86
0
48
29
1
176
25
2
240
238
2
102
38
3
231
134
0
217
214
0
167
176
2
189
108
0
79
0
0
130
132
3
17
260
3
122
14
2
26
244
1
0
109
1
232
288
0
2
81
0
281
281
0
207
233
2
255
51
1
205
17
1
62
62
0
234
267
1
246
47
1
256
36
0
259
278
3
187
193
1
58
145
0
125
254
0
291
117
2
170
171
2
12
5
0
295
66
1
132
90
3
80
73
0
83
74
3
17
4
0
192
260
3
293
34
2
6
16
3
183
36
1
297
107
3
123
228
3
148
123
3
39
260
1
144
2
3
120
298
0
39
180
3
124
78
3
271
293
1
236
131
2
25
278
2
42
320
1
75
95
1
165
223
3
69
67
1
152
203
1
142
256
3
131
224
1
111
48
3
313
168
2
203
4
0
157
160
0
80
54
2
131
287
0
240
20
2
271
297
1
261
289
1
115
301
2
138
268
0
192
265
2
78
193
3
73
284
1
190
344
2
256
238
0
36
100
0
69
154
0
177
221
2
53
3
3
169
158
1
224
328
1
209
324
2
14
192
3
242
301
3
4
144
2
186
274
3
301
116
1
279
247
1
97
86
0
346
84
0
124
190
0
283
313
2
321
52
2
324
90
2
140
283
3
271
300
2
124
295
2
20
243
1
216
51
3
123
69
3
282
8
2
351
220
0
231
328
1
92
347
0
36
318
2
177
100
2
197
318
0
137
361
1
68
358
2
39
310
0
376
330
2
367
102
1
111
365
0
20
293
1
161
346
3
151
200
2
276
84
1
281
84
2
382
105
2
306
260
3
281
259
3
70
113
1
238
166
0
337
91
1
241
60
0
117
248
3
389
53
2
180
196
2
391
399
3
240
123
0
80
194
3
228
330
3
356
183
1
155
172
0
206
45
0
359
17
2
159
3
2
210
365
0
70
403
2
333
8
2
277
119
3
165
249
3
100
264
2
326
273
2
124
233
1
59
63
3
264
143
2
52
105
1
179
65
3
121
44
3
277
154
0
308
207
3
69
207
1
177
274
1
176
382
1
10
173
1
171
246
1
84
428
3
103
44
0
11
264
2
38
298
0
304
173
2
280
382
3
421
20
0
320
81
2
265
254
1
133
119
1
30
12
2
105
95
0
401
201
1
102
341
0
11
318
1
195
408
3
169
3
3
373
410
2
437
110
0
403
312
2
154
78
0
32
290
2
93
445
1
9
10
3
446
303
2
126
383
0
6
137
0
150
265
0
320
383
3
403
63
3
15
154
3
253
154
3
181
173
3
192
120
3
26
339
2
353
229
3
279
351
3
294
428
1
338
46
1
204
35
3
215
221
2
40
311
1
372
33
2
474
73
3
293
18
1
422
126
0
306
260
0
19
173
3
230
189
0
206
190
0
362
212
1
109
351
0
275
406
3
186
28
0
471
70
1
144
428
1
72
381
1
181
150
2
23
296
3
343
182
0
439
345
0
396
85
3
347
29
2
281
420
2
150
323
3
409
103
0
328
225
0
442
390
0
316
372
3
291
38
0
178
204
3
399
374
1
333
392
0
210
18
0
452
356
0
454
222
2
174
239
2
493
390
3
267
80
1
233
104
3
363
468
3
399
92
2
27
444
0
437
449
3
19
64
1
20
163
2
427
167
3
445
480
3
410
172
1
129
132
1
383
237
2
432
356
1
75
297
0
358
502
0
441
385
2
412
289
2
405
347
1
417
374
0
59
46
1
431
5
0
367
349
3
293
523
3
278
68
3
125
427
1
29
380
3
179
364
0
495
308
3
130
352
0
230
84
3
174
181
3
310
103
1
507
133
2
345
541
2
460
330
3
183
62
0
402
102
1
503
153
0
519
284
1
72
170
1
293
140
2
205
394
2
355
215
2
285
18
3
256
5
2
74
465
0
89
138
2
407
354
3
265
154
1
361
508
2
111
416
2
222
220
2
156
432
0
98
367
2
311
49
3
443
139
0
141
200
3
39
310
0
43
118
3
468
542
0
43
515
1
214
215
2
67
448
1
137
44
2
228
374
3
236
384
3
538
66
2
428
334
3
504
217
2
403
553
2
527
523
3
398
490
0
302
348
3
287
444
3
228
54
0
374
28
1
167
270
2
418
409
0
557
134
2
400
574
1
458
72
1
141
147
3
530
304
1
139
453
1
416
343
0
129
349
3
496
555
3
266
278
0
428
466
0
351
391
0
148
323
0
87
470
1
591
164
2
241
63
3
527
600
0
229
84
0
38
454
1
287
129
2
369
387
3
498
270
3
404
291
3
200
300
0
164
189
1
216
383
1
33
527
2
17
217
2
92
534
2
394
175
1
348
94
2
481
363
1
308
386
3
95
305
3
176
26
2
51
412
1
389
387
1
5
198
2
400
277
1
289
498
1
6
371
1
292
478
0
205
62
0
23
516
3
223
600
3
69
266
0
224
512
3
507
128
0
182
330
2
40
514
1
250
366
2
639
199
2
281
554
0
355
67
1
149
124
3
118
141
2
357
143
3
581
346
0
468
126
1
573
137
3
642
386
2
609
236
3
91
515
1
583
567
3
184
391
3
68
7
3
544
648
2
603
556
3
418
55
3
261
439
3
25
509
1
493
30
3
171
641
1
250
3
2
470
604
3
366
645
0
638
102
3
211
351
3
74
372
0
142
548
0
209
44
1
460
445
3
535
463
3
231
624
0
188
128
1
533
280
3
249
632
3
233
146
1
255
217
3
653
670
0
338
661
3
286
178
1
101
409
1
386
331
3
322
171
3
113
146
1
380
324
2
659
597
2
269
344
3
94
536
3
144
663
3
452
588
0
319
73
0
503
212
0
473
339
3
657
159
0
538
634
0
518
368
0
41
651
3
555
376
2
198
254
1
418
440
3
454
358
3
425
153
0
319
340
0
584
270
1
30
139
0
232
287
0
313
492
3
635
531
0
85
537
3
626
51
2
87
402
2
179
366
0
611
453
0
52
241
1
512
91
0
146
544
0
385
293
3
622
150
2
249
144
3
265
225
0
134
519
0
670
45
0
678
693
1
326
677
3
225
592
3
356
593
540
279
387
388
378
459
120
