7
54
73
10
4
7
1
16
36
10
50
69
5
102
70
0
120
76
4
23
24
10
124
47
5
38
48
3
6
126
4
93
114
1
98
7
4
115
111
11
100
44
7
74
51
1
56
6
9
60
34
2
56
4
7
131
19
3
90
38
1
24
40
4
115
144
0
119
46
2
143
98
7
75
45
9
36
113
6
105
151
8
82
128
8
4
117
7
31
16
2
127
32
9
105
92
2
25
69
10
41
157
1
104
51
2
35
111
3
45
26
4
143
99
11
54
82
3
47
163
0
81
11
2
21
68
11
59
95
1
51
72
6
131
162
10
152
92
9
93
80
5
81
58
6
78
91
10
104
59
10
6
137
9
131
125
7
95
115
5
121
172
9
0
142
6
0
46
3
47
143
3
108
87
3
105
108
5
19
9
7
34
103
4
153
108
1
76
48
10
91
140
3
44
135
9
162
105
3
146
131
6
188
47
5
80
49
0
154
33
1
107
126
3
47
135
2
89
58
8
195
44
1
77
33
10
130
146
5
166
132
4
0
171
4
6
165
2
80
8
6
6
73
7
32
10
6
84
182
0
36
76
2
9
153
7
88
84
7
103
25
8
172
175
3
26
6
7
70
192
11
63
167
6
7
56
11
144
169
2
177
1
8
103
198
4
36
95
7
110
93
4
94
28
1
70
53
6
56
159
11
198
68
5
197
169
1
90
130
2
43
183
1
196
2
4
134
168
9
157
222
7
6
43
1
190
143
11
9
232
10
109
188
1
148
63
7
113
75
0
177
166
1
122
152
0
37
97
8
195
1
0
68
233
1
144
162
4
4
131
4
82
213
6
168
49
7
116
174
5
47
56
1
137
47
6
233
65
9
173
111
2
43
94
3
35
218
4
99
4
7
88
43
10
23
120
11
27
86
6
236
121
7
170
48
6
103
119
7
97
159
1
150
201
3
211
260
11
35
225
8
146
66
3
135
38
10
164
126
10
263
214
10
262
67
7
1
4
11
254
91
4
50
142
6
62
111
0
145
102
4
195
162
4
85
271
5
16
27
10
256
180
8
132
279
8
151
26
10
240
68
4
155
282
4
174
127
2
175
164
8
254
174
3
65
93
3
106
133
8
271
264
5
99
251
7
65
34
11
127
269
6
102
38
4
67
7
8
14
282
11
280
258
5
123
168
1
65
118
2
142
123
0
201
80
6
7
170
11
302
146
0
65
52
1
217
243
7
83
14
9
289
9
9
284
13
11
275
237
6
170
116
9
5
146
5
146
41
1
86
122
3
23
289
0
64
293
5
134
228
6
23
254
4
276
254
6
17
154
6
249
220
10
203
66
3
236
279
7
127
320
1
204
89
3
295
292
9
298
19
6
191
83
0
62
159
1
289
320
1
16
90
1
317
263
4
235
265
10
222
162
1
233
231
3
27
144
4
116
302
3
87
59
2
15
338
4
136
6
11
80
235
4
264
242
1
233
326
8
92
289
0
158
321
0
88
251
1
29
185
5
163
137
11
310
28
8
92
319
8
261
250
9
118
233
10
129
48
4
344
86
10
65
231
11
209
239
4
102
185
7
88
278
0
202
99
10
13
101
4
165
350
1
142
99
8
299
22
9
280
19
2
311
62
4
241
276
5
200
341
11
310
317
5
74
93
6
132
290
3
304
117
9
247
44
4
196
231
3
121
237
8
160
93
4
104
190
9
246
1
4
314
153
6
28
115
3
160
279
3
263
322
8
218
62
11
285
108
10
237
365
2
326
211
2
13
52
7
305
363
1
309
195
4
348
65
7
260
203
7
309
36
11
22
179
4
240
107
5
329
324
1
114
279
4
79
85
10
57
212
1
325
241
10
197
149
7
132
5
8
284
353
11
48
80
4
235
17
5
91
279
0
268
166
2
385
378
6
104
21
10
4
220
8
193
155
1
80
85
0
287
5
0
82
30
3
183
380
10
388
370
4
114
383
6
10
363
7
341
104
11
113
124
0
164
148
9
386
142
7
270
95
11
255
222
11
334
10
6
138
336
2
323
416
0
156
220
8
309
376
5
175
355
1
113
404
4
5
132
2
218
122
5
68
109
9
159
132
1
265
407
4
384
98
10
95
147
1
271
102
9
378
214
9
182
434
10
423
315
7
130
434
10
100
280
7
300
321
8
26
353
9
274
317
7
443
417
11
385
120
8
377
251
10
443
266
7
168
137
6
264
104
4
211
94
3
419
324
5
86
169
2
99
240
8
27
399
9
300
151
6
118
263
5
274
187
6
240
33
9
417
339
2
18
69
5
405
374
9
151
416
7
456
268
11
290
138
10
446
271
9
231
279
2
212
272
10
270
104
5
122
58
3
110
411
11
85
451
7
2
47
3
283
341
2
257
199
3
288
378
5
471
455
6
43
178
11
406
66
11
404
416
9
118
250
11
124
236
4
316
380
4
39
20
3
227
3
1
170
46
7
37
161
2
244
431
0
0
93
3
29
356
11
179
94
3
260
323
4
30
279
6
40
119
2
443
343
0
144
97
8
35
110
5
365
476
5
152
440
8
144
174
8
390
91
4
300
118
11
161
258
9
242
354
9
298
185
1
482
139
4
450
314
1
452
416
2
388
105
9
398
93
1
112
335
0
454
352
8
217
394
4
170
46
2
53
337
7
292
124
8
293
317
3
153
86
10
112
19
1
362
269
4
96
321
6
28
456
8
261
178
0
113
38
3
296
269
9
107
234
7
161
305
6
356
264
3
506
504
4
403
128
11
323
47
4
490
254
0
374
174
6
80
464
1
481
274
3
403
247
4
141
369
3
445
469
6
50
452
9
166
198
5
335
254
4
125
485
7
141
528
11
469
433
0
211
88
0
283
89
7
127
78
8
504
14
10
431
294
4
360
290
10
520
155
0
240
136
6
365
505
10
285
368
10
214
231
3
241
220
8
283
97
1
245
65
8
34
57
1
528
374
10
141
103
1
130
40
5
422
226
7
365
123
1
286
188
11
39
91
8
80
460
5
440
339
8
478
562
3
475
305
1
369
560
7
215
448
6
420
359
5
181
573
6
313
408
3
286
519
3
567
202
5
544
175
2
315
380
0
338
208
4
409
88
5
577
501
6
453
241
4
166
212
10
439
130
3
332
354
8
378
47
1
120
229
0
388
410
10
451
328
11
186
132
1
16
47
0
168
587
0
243
251
4
157
143
3
489
201
0
349
29
1
379
100
1
50
86
11
129
337
9
7
399
6
77
391
7
13
322
5
552
282
5
90
138
3
432
315
6
149
212
8
564
512
5
68
153
9
503
567
0
71
434
3
28
136
7
491
421
2
595
23
4
234
372
1
340
87
1
610
415
6
133
77
11
596
508
5
78
476
0
493
409
10
278
559
6
372
428
11
130
152
4
578
360
5
583
27
3
154
321
5
466
465
8
151
217
8
133
435
5
492
46
4
306
505
9
277
607
1
629
524
10
267
601
9
272
191
7
165
322
9
599
193
3
431
420
9
120
447
8
87
232
9
150
551
4
140
209
10
236
188
3
558
418
3
446
390
11
335
239
8
64
66
0
423
435
5
617
46
5
636
213
8
61
165
1
403
649
6
322
638
10
452
14
0
54
522
9
621
249
7
5
190
7
505
9
7
498
252
7
538
173
3
515
431
6
588
591
4
254
163
4
174
103
4
240
160
5
600
274
1
580
367
11
481
197
6
637
618
9
73
190
3
459
184
6
109
414
1
570
431
9
5
463
2
330
466
5
354
240
11
228
572
7
525
426
10
612
528
10
591
147
1
115
377
9
155
271
8
400
140
3
25
258
0
64
268
8
241
173
8
476
445
10
429
542
3
198
196
11
652
146
9
501
83
9
443
667
9
499
622
5
200
397
7
107
223
8
229
351
9
205
183
5
435
281
0
573
171
6
178
599
11
537
397
11
34
74
6
525
290
3
222
490
5
573
705
10
528
194
5
87
422
11
422
295
3
79
515
2
693
292
2
487
120
11
352
341
6
610
289
4
685
231
11
250
619
5
404
87
3
573
193
1
466
545
10
583
312
6
482
678
5
163
21
5
575
435
1
266
664
2
368
450
8
65
191
97
412
21
61
338
101
379
