3
19
61
1
123
78
3
30
71
8
126
116
7
10
30
6
98
129
0
32
83
5
94
42
5
17
34
8
48
11
7
132
101
7
84
132
11
130
58
1
92
99
2
93
70
4
123
46
11
50
41
9
3
81
1
47
93
1
69
14
8
48
73
8
71
86
11
51
19
0
15
23
10
84
44
3
79
59
7
62
17
5
140
114
4
96
146
5
117
106
2
72
143
10
43
7
1
73
107
6
18
105
2
28
140
3
114
104
1
149
125
6
66
103
9
148
12
11
92
5
3
118
121
5
77
3
2
134
116
4
164
20
10
69
33
1
53
55
6
99
102
9
93
148
1
5
158
9
120
151
4
107
48
1
21
100
3
45
8
2
66
1
8
125
48
10
27
153
2
171
155
0
3
124
11
85
53
7
139
171
11
169
87
7
178
98
4
130
173
4
144
175
2
188
130
3
54
52
0
23
57
3
151
88
1
114
149
4
123
7
11
109
166
0
25
158
5
165
105
4
65
126
4
136
80
5
183
11
9
158
175
9
175
9
6
149
148
8
161
25
1
66
71
1
83
206
10
94
142
11
110
208
8
169
142
3
54
212
6
188
34
0
131
44
3
80
78
8
99
171
7
124
206
3
133
160
6
154
10
4
3
135
4
64
59
6
58
16
1
209
34
1
185
75
4
71
134
9
97
49
6
191
28
11
175
12
11
52
115
2
214
34
9
26
34
11
187
7
0
105
43
8
149
131
7
130
50
7
190
3
10
61
60
11
178
39
8
200
129
5
158
90
7
124
120
9
37
34
3
104
41
6
9
195
2
6
113
0
131
57
11
89
170
8
245
14
7
25
239
0
108
95
10
13
91
7
114
25
10
193
81
2
237
18
0
76
222
9
148
171
3
57
33
5
48
214
2
118
82
11
170
168
2
125
140
7
1
51
7
156
121
10
76
175
2
36
73
4
45
236
2
260
194
3
257
252
9
232
8
5
100
137
6
221
55
11
172
123
0
180
135
4
169
204
8
42
272
2
51
133
11
156
232
3
46
211
3
81
38
6
149
157
4
272
187
5
64
185
4
96
116
2
183
242
11
140
109
10
4
129
9
39
163
0
268
50
4
264
277
11
37
112
11
40
127
3
251
72
5
280
114
5
201
249
0
282
156
2
58
31
10
285
189
6
118
135
5
150
100
8
73
299
10
218
243
9
256
231
5
215
56
8
87
76
4
6
227
6
147
190
5
21
115
3
18
243
10
220
283
6
43
304
7
119
43
0
181
280
11
19
85
10
144
94
9
68
16
3
131
280
2
52
167
0
158
56
1
243
167
11
59
185
2
31
279
9
84
247
5
43
198
5
41
59
10
243
19
11
272
182
11
295
206
6
114
307
8
132
23
10
148
272
6
201
322
3
89
112
5
23
107
8
194
279
5
135
30
1
27
270
3
218
135
7
336
115
10
180
107
5
121
84
5
73
201
11
230
46
1
129
280
8
40
152
10
1
276
5
345
216
1
225
334
8
89
232
5
172
21
11
227
204
7
244
328
1
113
292
2
159
284
4
92
198
5
34
224
10
48
102
10
141
156
8
105
217
8
237
33
0
326
305
0
238
283
2
344
63
1
71
103
11
118
36
11
149
190
1
353
49
0
184
291
3
311
125
5
212
343
11
290
205
2
300
11
1
231
122
10
118
180
11
51
12
1
269
130
6
360
151
2
38
79
5
334
196
1
62
104
6
98
338
7
180
355
4
247
118
8
292
127
11
6
225
7
327
353
0
371
277
0
58
2
4
189
320
11
211
56
7
359
215
1
153
267
3
321
176
8
164
61
10
88
66
9
185
117
2
326
381
11
90
356
2
71
241
3
340
144
1
80
283
10
194
44
5
147
359
5
17
134
11
375
191
2
269
4
9
1
122
4
14
147
2
261
30
11
150
37
10
11
73
2
24
308
4
318
271
5
357
80
1
288
102
6
97
306
6
184
248
10
145
207
9
258
214
7
234
370
1
397
168
11
312
210
5
300
84
5
311
314
6
346
327
5
206
287
11
339
394
11
236
319
5
366
341
8
0
288
9
336
347
0
15
86
10
360
343
0
430
223
0
144
313
1
31
342
5
218
191
8
161
295
0
304
400
4
148
198
1
315
202
0
23
97
4
416
92
5
106
168
3
101
138
6
265
277
3
67
365
7
84
146
8
141
242
9
334
440
2
368
54
2
24
190
5
200
167
4
189
220
8
31
414
4
5
270
11
277
163
5
45
32
7
259
192
9
410
333
7
326
11
6
215
224
1
200
168
11
339
7
0
265
62
4
26
264
2
156
32
1
170
57
5
109
78
10
468
326
8
93
237
3
23
94
4
315
224
9
407
179
3
18
98
6
80
248
5
55
40
6
258
273
11
416
478
10
170
91
5
331
345
6
149
313
7
11
418
6
54
177
8
80
457
5
35
167
5
346
352
3
89
446
5
104
272
6
275
215
5
450
93
4
53
246
7
339
15
2
378
431
8
66
426
5
11
348
1
419
100
8
185
3
0
465
257
7
119
40
4
115
429
10
381
321
2
105
191
9
455
44
5
326
53
2
340
44
7
224
229
11
326
322
7
276
319
7
330
499
8
444
217
11
149
45
9
24
118
4
140
9
1
510
1
4
158
512
0
452
408
8
23
466
10
375
444
7
331
177
1
483
397
9
414
146
7
38
266
6
293
478
5
481
477
3
141
157
11
509
456
0
424
10
6
121
276
11
508
381
0
300
135
2
21
334
9
37
271
9
298
41
9
318
352
5
472
160
7
301
252
9
191
516
3
84
463
8
488
76
11
484
13
2
1
76
5
395
450
6
378
106
4
384
406
6
72
420
10
128
73
4
527
307
8
528
315
11
92
63
11
462
497
10
411
139
11
44
449
1
553
250
1
450
368
8
393
36
4
106
306
3
492
447
3
462
272
9
124
470
0
96
376
5
214
406
2
351
178
4
386
150
7
15
277
1
132
9
0
257
150
10
1
205
9
291
323
7
218
195
10
459
54
0
258
224
7
60
186
8
364
158
9
48
450
2
534
240
11
536
171
3
331
568
7
63
352
3
189
167
4
130
517
3
316
305
4
49
370
11
553
260
9
444
483
8
367
13
10
310
251
2
73
177
10
495
221
8
405
30
4
363
208
4
200
2
2
554
195
10
520
210
7
248
59
8
55
193
6
101
145
6
415
257
2
208
125
6
598
559
2
403
17
7
84
1
11
171
455
1
269
240
7
497
318
8
14
368
8
342
303
6
350
341
8
173
22
2
598
136
10
254
547
11
230
105
11
18
366
9
449
374
10
204
211
11
568
36
8
189
375
7
570
202
9
109
122
5
338
16
5
494
418
11
54
168
7
34
546
7
75
120
7
102
444
6
152
413
5
624
283
2
6
95
0
590
347
1
455
618
8
562
608
0
75
500
1
149
600
10
597
61
0
305
186
1
249
542
9
242
485
6
189
251
2
373
491
5
470
608
9
543
241
0
483
124
2
109
419
6
365
482
7
451
592
5
569
21
6
325
470
7
164
254
6
93
106
0
202
414
11
636
340
0
46
249
6
459
595
8
78
176
7
630
348
10
74
515
1
495
422
10
2
182
6
339
245
5
425
9
3
506
145
2
193
627
4
37
213
9
272
46
1
298
413
11
299
322
1
396
180
10
97
572
1
311
599
2
661
48
0
330
272
9
562
540
10
567
66
0
169
26
4
227
342
10
555
122
1
335
77
8
191
608
5
617
135
3
8
290
6
250
273
0
96
420
0
288
611
3
26
426
11
482
637
11
489
642
3
161
234
1
530
430
9
259
166
8
390
566
4
522
103
11
336
341
5
111
488
9
43
550
0
32
132
3
20
667
0
611
409
0
359
638
7
318
465
8
535
198
10
520
434
8
279
533
1
666
630
11
267
197
6
71
317
3
343
304
9
568
425
0
579
412
9
281
459
8
390
189
9
302
646
8
340
543
5
55
707
1
29
387
9
502
136
11
488
655
8
308
344
10
364
555
1
236
470
3
11
373
8
579
247
3
104
224
7
590
595
4
82
11
11
526
264
7
41
715
5
15
491
419
234
682
234
53
268
400
