5
51
103
9
0
50
8
22
13
11
58
94
1
37
1
1
16
74
10
80
90
7
31
42
11
101
27
6
42
135
10
98
111
9
66
105
1
53
3
1
138
115
1
19
80
2
137
115
8
124
137
0
20
126
2
34
1
11
126
102
3
26
82
11
84
130
1
35
92
8
131
141
7
104
36
11
57
82
6
89
125
1
17
64
8
56
75
11
66
91
2
115
127
3
48
38
4
18
149
11
8
0
5
50
19
11
38
27
8
10
134
3
72
160
0
134
34
2
138
52
1
121
59
6
50
156
6
166
11
7
125
125
8
102
166
7
145
96
5
50
16
11
43
11
5
5
68
9
174
35
5
68
34
10
168
124
9
133
67
8
98
160
3
7
114
0
125
130
8
126
104
5
111
103
7
90
53
11
185
176
7
71
22
6
11
32
8
71
6
0
31
132
2
107
46
7
106
48
0
107
122
2
128
185
3
96
156
2
64
126
3
98
65
7
149
145
2
2
69
3
102
145
10
197
108
9
85
83
10
45
3
0
117
10
4
181
174
5
97
4
7
76
131
11
159
0
2
85
91
1
20
64
11
84
135
9
167
41
10
168
143
11
203
122
0
144
138
3
97
184
9
20
76
9
143
171
2
132
120
4
190
41
2
56
211
9
123
209
9
83
207
10
150
221
6
183
39
3
141
0
8
188
45
9
154
83
7
36
120
8
19
41
1
97
130
9
90
37
4
51
145
2
78
155
4
188
88
1
149
0
11
163
189
6
140
76
3
145
188
10
144
9
10
132
64
1
192
33
4
160
227
4
200
105
10
100
2
6
140
39
7
46
12
10
43
78
6
151
127
2
129
187
4
64
185
9
63
166
2
251
199
9
243
198
3
109
63
9
251
55
8
253
22
9
112
30
5
181
67
5
104
117
2
183
107
10
44
145
7
60
2
7
166
52
4
250
74
0
121
250
11
125
63
10
127
88
11
218
95
10
140
90
5
68
221
5
140
121
2
182
119
1
42
191
9
11
0
10
3
4
5
197
180
0
248
242
6
274
55
10
62
189
8
159
174
1
182
31
10
167
15
8
133
273
9
93
260
6
122
40
2
243
123
10
2
14
2
93
22
7
49
38
4
91
227
11
186
53
9
250
191
8
232
174
3
191
273
9
274
283
10
224
31
1
266
278
3
68
151
6
90
3
0
178
170
4
63
265
1
147
276
8
153
303
2
143
11
3
147
176
8
57
130
5
79
262
0
27
256
8
19
77
3
156
59
6
217
265
4
79
104
5
263
163
9
76
23
9
277
97
11
60
299
9
19
193
11
150
38
1
106
61
0
54
285
8
56
319
0
160
293
7
46
62
2
215
189
9
138
168
7
33
46
2
38
99
11
153
213
5
274
86
11
64
31
0
151
14
11
159
24
11
201
219
4
137
42
11
289
290
0
13
196
8
319
113
1
84
252
8
112
207
3
222
224
8
305
169
8
255
104
5
147
339
6
244
266
6
318
68
8
22
124
1
177
46
8
118
312
7
326
35
11
37
265
1
115
30
2
44
274
7
134
330
10
340
328
11
237
273
7
3
47
10
250
245
2
229
95
8
69
290
2
148
150
11
11
224
4
302
65
3
119
136
5
72
300
10
27
307
3
217
52
1
154
1
9
164
265
0
50
320
10
370
75
4
140
139
6
163
54
11
230
108
9
343
35
0
13
363
11
118
110
11
41
303
1
111
222
5
43
276
8
208
352
10
305
202
0
0
253
4
94
11
7
226
304
3
273
257
3
231
27
4
111
154
8
259
97
5
279
117
8
62
89
0
158
351
2
2
111
5
341
281
9
106
261
8
180
19
0
26
174
0
187
222
7
20
167
3
127
120
5
386
367
0
302
341
1
325
57
5
23
26
4
88
109
3
402
228
8
202
80
9
262
164
2
163
399
10
283
180
7
326
269
4
84
99
11
267
0
7
284
222
6
249
0
4
107
362
5
37
144
5
301
410
9
309
246
1
72
307
9
358
224
1
198
161
11
321
11
7
211
228
9
28
268
4
224
71
2
138
418
5
350
395
2
102
150
2
130
161
2
246
328
9
422
39
6
83
170
6
384
153
6
157
370
0
121
207
9
201
75
10
337
247
3
121
346
6
414
212
1
129
165
3
331
307
0
339
168
2
47
420
1
425
400
3
325
342
0
280
198
3
339
331
5
271
240
7
211
148
11
330
315
6
210
283
7
295
344
0
269
137
10
117
352
8
302
116
0
204
16
1
427
207
10
399
419
5
53
141
7
332
372
2
374
317
7
169
298
8
430
191
0
330
217
6
402
143
6
434
33
7
386
261
11
190
81
5
184
387
4
442
470
6
133
82
6
461
279
11
197
313
6
475
115
8
196
126
11
49
328
7
424
451
0
406
336
11
138
113
8
165
301
5
265
83
2
225
189
3
458
461
4
92
464
3
421
473
2
67
392
5
404
105
5
124
311
6
92
60
9
330
221
5
435
54
3
330
83
7
335
475
2
45
485
3
431
121
11
442
316
5
445
133
9
241
352
9
0
24
4
251
231
7
459
347
11
103
441
7
413
421
7
67
471
8
13
36
2
380
257
1
231
18
9
401
126
1
23
133
5
485
301
1
397
171
2
394
372
10
150
251
11
203
256
9
308
378
2
69
164
3
392
516
8
411
47
0
213
370
8
88
55
2
340
236
0
240
32
3
483
197
2
451
492
7
436
141
11
265
385
10
50
361
6
220
502
8
21
183
5
38
412
6
159
408
2
269
199
9
434
455
10
210
298
7
332
165
2
220
64
0
132
20
8
112
377
5
318
344
6
501
452
8
146
2
11
2
324
5
502
1
9
351
159
7
162
146
4
220
120
9
300
124
8
469
338
7
235
137
9
450
155
10
490
4
1
86
175
8
485
415
5
298
251
8
520
306
1
40
393
5
241
52
9
269
338
4
497
502
9
120
421
1
227
4
6
436
27
0
188
471
7
89
435
6
198
557
5
208
24
6
7
279
10
141
406
10
198
38
7
261
2
1
506
48
7
106
196
2
398
563
2
131
126
7
432
24
0
335
432
6
263
515
1
27
477
0
233
549
4
97
526
8
399
102
2
393
250
1
581
242
3
371
80
5
4
306
0
381
586
5
393
299
8
341
322
10
141
362
1
498
32
0
590
587
7
178
277
5
225
392
3
353
173
11
68
445
0
484
523
1
310
332
4
152
480
11
196
261
2
88
168
2
395
347
10
423
405
1
135
186
2
511
344
5
529
353
10
155
12
7
601
385
3
491
53
4
499
534
6
257
474
1
15
39
6
59
105
6
292
335
7
530
490
2
248
304
0
126
145
1
411
32
6
369
158
2
95
111
1
205
152
3
362
526
9
139
476
4
13
48
2
557
44
0
457
594
0
255
296
3
384
3
2
163
623
5
436
240
11
130
313
3
408
341
0
498
223
1
38
448
0
463
344
7
232
379
8
363
382
10
84
35
7
518
50
9
503
444
6
220
12
1
232
362
7
165
554
10
623
66
9
225
183
0
482
267
10
615
500
1
626
340
6
293
532
5
262
306
4
391
589
8
137
327
2
242
557
2
53
445
1
353
573
9
298
505
8
391
171
5
104
237
0
509
49
4
361
493
7
12
214
11
214
12
3
626
151
6
531
344
7
116
48
8
439
586
4
314
230
4
117
552
7
571
318
9
94
82
8
279
280
2
510
235
5
121
600
3
517
643
8
92
639
3
378
276
9
303
468
4
491
627
5
40
584
0
131
421
9
681
632
0
604
282
6
223
600
8
597
208
7
39
194
1
664
523
4
433
659
7
96
46
6
636
389
2
325
355
11
35
263
7
327
498
8
606
141
9
196
429
10
335
685
1
326
6
10
215
280
2
454
574
11
218
13
2
609
285
10
171
220
3
537
317
1
58
146
2
55
161
7
184
428
0
246
154
4
61
622
0
669
510
5
360
611
10
477
170
0
8
540
7
338
432
8
487
524
2
86
167
9
141
110
4
690
488
1
250
529
6
592
664
4
397
153
2
688
113
3
497
644
8
247
682
6
329
714
3
650
393
1
408
460
2
632
177
94
248
311
690
215
176
