7
5
25
2
19
33
11
88
108
4
52
107
4
84
65
1
130
99
6
98
15
9
119
126
4
95
12
10
14
17
10
25
128
8
21
93
10
11
14
4
127
86
9
73
82
1
37
141
9
61
103
0
129
96
7
89
12
3
11
61
11
102
57
9
97
79
10
81
63
3
86
118
1
104
16
8
46
7
6
21
21
2
6
141
5
41
7
0
136
106
4
40
68
6
41
97
3
30
156
8
97
75
3
136
108
5
23
68
10
41
163
11
136
12
5
153
86
10
127
39
10
23
26
8
113
111
3
74
53
1
152
67
10
2
31
1
89
77
4
36
126
6
88
87
1
39
9
11
21
121
7
49
14
0
122
116
1
29
161
4
170
170
4
91
85
10
89
59
9
2
110
3
50
160
4
176
16
10
35
180
5
109
186
3
59
69
11
128
0
5
43
6
10
27
13
3
55
118
8
18
86
5
173
142
2
55
85
6
128
189
0
120
12
3
187
72
2
90
165
11
12
140
4
115
81
3
190
192
2
107
90
0
124
65
11
40
57
9
103
202
9
52
195
3
71
123
11
40
208
10
203
145
1
90
73
9
67
197
1
26
32
7
169
153
7
22
193
6
37
190
5
188
7
5
135
18
8
35
94
4
215
179
0
38
170
2
6
190
7
58
183
1
161
70
9
17
70
11
144
57
8
194
185
4
79
169
10
4
97
5
78
201
2
38
214
7
36
54
1
133
171
0
143
40
9
138
80
4
218
120
3
74
64
5
44
145
11
190
84
1
54
215
8
83
158
3
24
173
10
2
187
9
27
65
11
57
182
11
25
209
11
199
213
5
216
179
6
217
162
11
162
23
7
205
210
1
165
145
4
202
29
9
108
30
5
82
220
1
169
71
0
101
247
10
16
205
9
252
212
8
121
192
3
125
77
0
180
111
1
153
37
5
177
29
8
217
134
11
247
172
6
211
75
6
117
92
10
176
154
3
2
85
7
208
59
8
68
43
6
104
150
9
260
182
8
5
58
0
19
158
4
253
166
1
18
200
4
86
162
4
167
28
10
229
171
8
35
32
5
85
93
8
249
79
11
260
258
6
3
276
10
179
214
6
146
81
3
12
173
8
118
29
0
139
146
0
63
157
9
214
181
10
52
162
4
264
88
3
179
129
4
123
0
2
51
174
11
251
203
1
253
236
5
136
55
9
26
195
4
245
188
10
211
28
6
202
62
6
147
71
4
80
3
11
235
271
0
100
68
5
156
162
4
251
154
10
194
95
0
64
50
5
81
47
10
242
190
5
186
257
2
15
251
4
149
31
2
28
82
0
283
77
5
183
121
5
245
100
9
76
280
8
148
199
7
93
144
10
297
234
5
246
166
0
298
74
6
78
315
11
220
251
10
62
162
3
97
15
4
330
222
4
7
209
1
208
334
9
58
111
3
136
44
2
160
124
7
102
125
4
272
120
11
249
24
4
297
235
11
233
180
0
65
176
0
169
179
3
109
63
0
332
55
11
324
319
1
96
26
0
270
147
10
35
267
4
169
61
8
253
266
11
4
145
7
41
120
0
158
216
3
103
54
2
114
223
0
249
283
1
317
313
11
187
47
10
113
328
2
234
128
7
181
320
4
149
132
8
241
85
3
159
303
3
247
56
8
144
293
7
221
199
10
108
93
11
288
138
9
292
290
9
39
248
0
184
329
7
328
92
10
284
154
5
219
317
4
146
101
7
133
190
11
229
377
6
14
313
9
267
349
7
238
142
5
121
361
6
380
290
3
151
354
5
295
22
9
251
230
3
102
365
9
188
76
8
185
45
3
263
155
9
179
350
9
24
37
7
201
106
11
259
217
10
374
201
4
182
39
3
10
57
7
334
299
7
54
364
1
44
203
7
276
401
7
247
274
0
343
387
1
274
252
8
181
90
11
398
142
5
71
220
1
316
156
10
193
260
10
353
257
11
282
26
5
6
155
4
311
270
8
351
293
4
373
24
11
83
84
6
212
336
5
283
388
2
40
125
7
269
415
9
324
181
11
356
366
8
178
347
2
45
193
10
23
316
9
75
34
5
169
90
2
349
49
11
374
276
5
5
96
8
7
187
9
274
222
3
338
408
8
282
266
3
247
417
2
198
98
7
229
233
4
360
244
1
130
431
6
25
288
11
258
210
11
275
213
2
324
172
11
101
48
5
113
287
8
220
57
9
364
26
10
345
339
4
408
304
1
54
111
11
1
92
0
347
157
2
60
436
3
72
34
7
238
242
1
137
181
4
181
356
8
8
324
3
50
240
0
181
96
3
82
130
9
306
401
8
338
458
10
202
338
3
185
20
3
103
206
8
367
6
2
162
401
8
324
463
6
373
128
11
205
217
1
143
73
2
156
293
2
241
416
11
157
312
3
148
351
7
454
209
2
460
317
0
299
362
10
448
291
11
470
137
6
143
431
7
58
45
4
256
38
3
376
72
4
12
419
11
8
475
8
111
230
1
30
127
10
2
126
11
7
438
2
231
184
11
148
114
11
418
497
5
310
385
5
391
254
2
429
220
11
329
273
8
148
316
7
336
78
3
62
259
11
141
91
8
441
223
7
317
453
10
79
43
7
388
62
8
309
206
7
58
16
0
475
311
7
319
471
10
243
459
9
502
0
4
157
85
8
222
251
3
510
456
6
220
399
1
9
319
11
464
9
7
435
440
5
173
166
2
116
92
9
503
493
3
425
256
2
478
401
11
26
278
10
290
411
2
525
152
7
334
108
9
211
397
8
57
235
0
385
8
2
348
315
5
28
139
11
186
153
3
30
223
2
411
207
2
116
491
5
166
347
8
201
188
4
46
139
11
300
157
6
284
389
11
468
309
9
306
249
11
212
448
8
382
148
7
536
530
5
45
104
3
406
181
6
45
249
1
470
41
0
311
426
11
555
58
0
203
358
11
384
523
3
420
122
11
353
359
4
551
372
6
152
232
0
54
317
2
167
183
7
123
365
9
558
260
6
56
238
4
394
554
11
282
268
5
239
108
5
341
496
1
234
260
8
530
156
8
132
566
4
146
416
10
333
100
7
569
459
11
477
70
4
114
361
11
35
384
8
419
73
8
323
301
11
348
310
5
28
150
8
219
100
6
240
340
2
25
239
2
266
527
2
15
212
10
264
477
4
15
577
8
469
557
9
521
485
10
184
138
11
4
396
4
151
387
4
478
99
0
247
229
6
522
256
7
352
9
11
53
591
2
306
327
7
459
356
3
602
71
0
589
190
3
65
7
10
463
103
8
318
112
8
479
76
1
89
578
1
558
104
2
25
348
2
588
194
1
243
209
3
81
509
5
341
412
3
108
211
9
405
459
5
225
314
0
47
482
2
178
473
5
88
319
3
584
199
6
252
51
5
11
476
2
123
76
9
455
559
11
482
207
8
143
130
4
147
157
2
272
364
8
299
450
6
396
231
9
231
403
11
52
224
8
558
616
0
99
49
0
391
259
5
545
158
3
614
302
2
169
249
9
531
304
11
556
362
7
563
452
0
157
8
0
505
17
9
251
31
1
190
324
9
622
278
1
272
301
11
461
436
5
314
268
8
126
314
10
86
72
3
45
175
11
613
572
7
533
229
4
95
568
6
170
91
4
390
184
5
275
268
6
544
386
5
470
40
0
317
158
0
371
111
5
549
580
6
25
526
2
499
227
11
378
254
9
298
544
4
381
488
10
107
634
0
200
421
9
338
405
6
274
25
7
527
618
9
628
95
1
246
454
4
37
450
0
413
645
2
88
27
9
588
14
10
185
496
11
622
113
9
372
258
2
607
239
5
600
35
4
286
228
10
624
652
2
568
615
2
536
483
0
537
525
2
446
475
9
413
268
6
357
588
5
614
122
1
175
590
6
242
550
11
565
95
0
110
243
11
15
533
9
600
644
4
484
180
9
580
559
1
76
218
4
127
585
10
155
158
5
612
389
6
525
149
6
396
594
1
641
566
4
171
464
4
403
562
9
561
519
2
409
289
3
183
229
4
147
658
4
472
396
8
552
435
4
265
25
7
593
313
3
654
497
7
361
13
3
50
672
9
539
534
2
462
257
645
223
503
643
85
65
