6
117
72
5
24
22
9
80
97
4
121
90
9
106
20
11
63
26
8
119
35
8
33
25
0
13
30
7
109
20
1
131
54
5
4
50
11
107
33
10
102
62
5
16
117
4
51
57
10
82
50
4
128
77
5
0
109
10
86
19
2
12
50
1
96
132
10
122
129
10
58
140
11
30
148
4
8
136
7
128
141
2
55
114
4
33
37
9
111
116
2
43
137
3
49
102
2
151
12
1
153
69
9
62
97
6
136
16
6
66
42
4
146
149
7
152
59
3
127
134
9
137
29
2
33
0
11
4
38
7
69
44
8
97
8
6
45
137
4
54
6
7
45
155
5
50
13
3
86
133
4
21
37
2
16
122
4
14
10
2
81
59
9
15
38
4
96
149
1
108
178
2
7
27
10
114
123
3
98
0
10
19
157
3
50
101
6
122
171
6
2
141
7
163
117
10
146
96
1
22
99
4
134
69
2
121
101
6
91
96
7
36
143
1
191
121
6
171
84
0
97
84
11
39
83
1
56
138
10
155
101
8
146
36
11
79
168
10
175
8
3
50
42
7
21
23
3
89
8
11
77
142
8
59
108
3
209
161
5
128
101
8
71
63
7
5
120
5
41
65
1
217
58
3
133
130
0
93
95
3
93
156
7
14
34
1
25
72
11
8
112
5
93
184
4
141
188
11
51
166
5
38
171
10
127
38
10
155
196
5
15
195
4
107
68
11
38
169
0
79
150
6
27
229
0
189
180
11
199
113
3
9
197
8
126
117
4
17
56
11
162
193
10
125
124
2
141
131
5
195
94
4
69
222
0
139
199
8
133
159
11
65
90
4
62
234
7
6
227
11
88
214
2
29
211
7
85
72
5
231
101
10
207
162
4
201
15
2
25
70
9
96
46
10
51
135
6
78
117
7
234
143
11
67
43
10
51
111
5
23
59
0
228
104
11
11
47
9
111
186
6
49
254
1
4
65
1
24
227
0
97
146
3
84
268
2
164
148
3
31
84
7
117
192
11
138
138
5
20
52
0
57
101
1
168
28
10
39
102
5
123
254
8
137
202
10
97
233
10
271
265
4
210
273
6
73
73
6
57
208
8
51
32
6
27
200
6
117
165
6
24
93
2
249
98
1
204
271
0
286
208
1
90
46
6
44
139
4
79
226
2
25
206
8
280
294
3
130
190
11
11
180
8
35
158
6
274
69
8
42
296
11
224
215
0
260
249
3
235
101
6
298
202
6
221
33
10
173
237
8
305
197
8
53
46
2
296
50
4
134
312
6
266
22
8
153
19
7
82
111
2
25
36
9
175
94
11
108
86
8
75
213
8
37
212
10
57
19
11
115
46
5
119
269
4
217
56
7
215
296
10
313
137
9
237
206
4
251
102
9
27
112
2
13
40
10
201
249
11
101
107
9
88
130
10
133
93
2
26
323
11
289
303
6
199
180
11
300
127
4
153
310
6
78
105
6
236
294
1
301
321
2
113
76
3
139
211
7
29
269
3
43
228
9
55
19
10
176
154
5
47
167
11
90
259
2
18
128
9
310
249
8
245
93
11
314
180
7
261
26
5
144
273
6
342
259
5
35
209
1
322
153
8
137
247
7
352
188
9
130
244
5
83
173
8
47
19
1
77
183
9
34
253
9
75
199
5
312
11
6
273
195
2
154
68
2
258
162
2
200
61
6
5
235
7
131
1
10
150
368
6
116
356
6
243
103
11
77
120
3
3
168
0
250
226
0
188
74
3
41
115
0
86
250
4
38
116
5
250
382
1
271
338
10
217
13
0
170
238
4
194
150
0
48
20
5
310
319
1
341
17
1
294
322
9
229
66
9
338
388
9
181
143
11
223
291
11
141
38
1
118
5
10
264
262
7
312
234
8
284
256
8
203
33
3
76
356
3
274
284
1
231
167
9
197
384
9
112
314
7
329
93
10
327
194
11
2
324
10
344
277
0
167
216
1
201
86
11
323
165
7
240
37
4
167
386
10
314
51
10
242
249
0
403
69
0
235
189
1
258
100
10
423
177
4
114
348
5
51
49
3
296
63
0
344
388
2
270
383
6
232
363
5
259
257
3
158
269
9
152
292
11
360
192
7
130
218
10
286
209
3
112
179
8
73
396
11
426
148
9
413
94
2
182
413
1
288
396
3
197
415
11
324
379
6
346
157
7
187
110
6
86
5
9
268
14
2
423
245
1
284
188
2
411
71
9
236
309
6
233
140
1
389
150
10
371
194
7
374
53
0
192
173
6
293
305
8
61
12
2
230
333
8
261
269
0
32
26
1
441
43
9
356
65
10
214
442
6
39
75
6
164
344
6
351
460
1
446
448
4
199
234
2
348
5
0
51
264
0
459
381
2
28
388
9
388
381
2
174
129
6
349
198
2
158
207
0
174
239
10
103
338
4
146
367
5
26
139
3
476
441
6
37
93
4
435
292
0
267
12
10
403
156
4
50
366
7
176
446
9
269
96
7
462
446
5
246
25
11
61
363
1
3
292
0
466
31
5
99
143
2
295
386
9
268
119
6
480
482
8
66
146
11
357
28
11
19
141
1
368
121
7
17
368
7
307
23
3
504
27
5
306
474
7
248
166
5
340
116
4
70
201
2
392
60
7
491
351
3
140
129
1
465
139
2
453
65
1
54
0
10
491
113
8
16
365
8
516
252
1
125
220
2
290
14
1
412
324
2
465
128
8
462
275
6
171
497
11
154
425
8
219
304
11
289
441
2
204
383
6
51
64
8
370
80
8
90
287
10
197
435
7
247
203
6
203
102
1
450
368
2
461
52
2
366
376
7
407
265
7
399
495
5
160
312
10
61
81
3
232
167
11
79
40
11
291
361
1
504
392
9
468
475
9
200
203
2
440
414
5
26
490
11
484
415
8
125
37
4
269
484
10
66
441
3
183
128
6
288
275
9
0
238
8
446
497
9
493
477
6
473
184
0
272
65
3
391
236
10
375
315
3
21
10
1
334
198
6
74
261
4
187
165
11
303
515
11
314
395
8
455
141
8
100
417
7
203
494
0
202
59
2
116
485
10
350
508
3
309
271
4
346
310
10
555
125
10
570
510
2
470
70
2
527
193
11
548
285
8
186
204
2
233
351
9
436
354
1
88
227
8
554
281
7
392
72
6
325
353
5
19
168
5
344
271
0
561
573
0
545
474
3
348
146
7
72
411
7
53
545
8
140
409
10
484
558
7
334
156
2
583
90
4
33
398
1
390
476
0
222
243
8
581
153
9
399
214
8
29
34
5
281
429
2
567
436
4
206
64
6
84
583
5
517
158
3
159
507
2
355
578
1
475
344
9
17
607
5
273
428
4
17
455
5
575
584
2
335
366
8
494
501
8
123
125
4
485
333
5
77
507
1
108
52
11
238
22
4
322
258
6
541
307
9
341
25
10
260
324
10
291
472
2
181
146
8
172
69
10
609
306
7
104
257
6
437
548
9
360
438
9
248
230
1
510
620
6
15
160
6
140
592
3
336
463
3
605
558
2
93
522
6
551
387
6
28
564
0
234
340
2
248
390
7
8
608
7
504
520
1
449
235
1
515
606
8
529
623
7
44
613
7
312
49
5
275
289
10
98
406
8
454
379
6
396
130
7
346
155
9
223
62
0
543
623
9
387
434
11
457
276
5
244
438
2
503
282
8
562
246
7
170
549
5
141
393
9
639
645
4
667
241
0
474
508
3
221
508
7
271
173
10
608
555
6
356
598
0
168
573
9
273
160
2
383
259
8
510
438
11
352
616
11
663
29
6
359
64
3
54
253
10
251
457
1
544
256
1
385
101
3
335
361
5
417
458
10
363
539
9
233
251
6
521
498
4
463
57
11
148
426
5
242
559
4
274
203
6
496
305
0
484
596
2
457
11
11
668
538
1
631
474
0
450
113
5
580
702
3
492
604
7
579
472
3
377
339
3
149
563
9
162
4
9
180
456
1
251
452
3
174
220
10
41
210
9
176
606
1
576
248
2
339
332
10
10
238
9
668
149
1
338
520
2
96
127
3
404
537
6
216
395
0
296
405
7
313
536
6
268
645
8
299
419
7
164
511
6
446
698
552
46
315
700
84
187
