9
107
51
11
45
14
11
97
18
4
5
34
1
24
22
4
72
126
9
62
82
5
17
26
4
59
101
2
91
122
4
25
83
7
35
107
8
27
43
11
122
0
10
90
118
1
78
65
1
51
31
5
73
98
0
124
60
0
116
3
1
84
142
4
100
52
11
34
133
3
47
46
2
145
70
9
34
42
1
19
6
0
50
119
7
144
155
7
64
45
3
74
54
1
123
75
3
90
75
2
15
123
1
52
160
3
66
101
10
92
132
1
28
66
11
148
7
2
98
118
11
78
121
7
72
23
2
74
98
9
144
47
3
123
94
5
109
118
9
117
109
6
130
35
10
25
31
7
81
1
0
9
142
9
152
83
8
165
126
10
79
153
8
151
6
5
169
154
0
22
169
4
63
36
0
39
117
9
112
66
11
155
49
0
165
186
3
79
139
5
51
116
3
124
4
7
9
40
1
49
183
7
3
104
10
69
176
5
158
182
3
12
1
7
16
114
6
65
91
10
121
30
2
133
104
3
94
18
6
198
10
9
121
124
3
186
138
8
44
88
10
156
102
11
2
61
11
72
72
8
58
57
7
174
26
4
139
52
3
53
57
6
48
155
5
214
91
0
39
26
2
81
43
9
125
67
7
55
170
10
19
155
8
200
138
11
149
6
3
42
175
5
30
95
2
24
56
5
81
82
9
163
86
10
207
158
9
128
124
3
111
195
4
183
104
10
184
89
6
221
103
6
124
152
2
113
74
1
52
220
6
222
157
10
162
195
7
11
187
11
13
17
2
146
127
7
3
93
0
16
102
10
213
168
8
142
7
6
100
156
5
199
116
2
52
85
5
213
109
5
35
144
1
163
247
6
169
224
11
147
44
5
67
66
0
67
32
1
140
141
8
194
29
2
81
22
3
143
152
1
25
30
10
185
250
9
134
166
11
191
189
4
262
245
5
16
12
8
170
246
5
215
101
2
213
254
6
177
255
5
118
170
2
78
66
2
56
180
9
12
266
4
247
192
2
40
248
1
97
18
4
47
224
10
220
159
2
97
124
7
212
199
10
123
276
9
228
20
10
6
66
1
94
60
4
143
184
3
181
151
3
184
254
0
246
41
11
286
179
8
6
189
3
51
211
0
125
104
5
10
251
5
198
168
4
93
138
6
182
55
9
174
76
1
142
260
3
100
201
11
31
28
6
37
176
6
63
254
5
178
18
9
222
80
4
275
13
4
274
0
8
95
238
1
147
244
5
235
112
2
205
305
0
212
199
7
85
223
10
223
247
11
55
263
8
244
125
9
144
137
2
146
221
5
295
210
9
240
228
10
4
7
9
103
170
9
136
277
11
72
285
0
120
205
4
296
67
0
138
150
2
90
19
7
127
149
4
183
100
7
130
98
4
5
184
6
214
216
11
147
314
3
18
249
4
162
258
2
103
57
11
36
318
1
193
234
10
143
153
0
27
8
4
64
314
5
287
124
10
343
97
7
54
259
1
88
33
9
42
244
11
218
54
9
321
6
10
200
14
7
274
252
7
168
289
10
53
242
5
271
227
4
163
135
8
1
228
10
20
193
2
107
229
0
336
79
10
248
205
6
155
107
10
103
232
1
7
64
2
12
240
0
41
327
11
255
188
9
247
355
7
222
93
4
93
272
2
235
177
10
334
54
4
343
218
7
100
287
1
218
212
0
318
353
1
11
268
3
10
44
8
358
322
2
121
251
11
159
122
1
276
335
1
5
316
9
252
324
4
357
0
8
273
290
7
244
77
5
32
36
3
137
138
4
49
249
9
299
11
7
248
267
2
329
229
9
347
50
1
306
360
8
35
269
7
217
346
7
18
252
8
315
162
10
109
179
10
166
310
11
375
296
10
262
369
4
258
283
4
139
82
0
120
235
4
362
374
5
240
4
11
390
80
10
207
47
0
52
130
2
320
298
9
194
47
3
264
226
4
43
358
7
361
234
4
271
262
11
319
187
4
276
312
6
401
350
3
379
29
11
130
11
9
212
331
5
40
260
11
164
158
7
424
5
9
19
102
3
417
185
9
291
73
9
145
14
5
120
53
4
242
327
5
161
416
0
303
224
10
151
100
9
238
241
11
93
337
8
102
56
9
128
293
2
256
252
7
25
393
7
289
204
11
185
182
1
69
354
1
86
399
11
244
328
9
128
140
8
334
83
9
68
388
9
148
220
11
309
441
10
264
399
4
371
403
10
341
13
4
437
66
2
452
164
1
412
441
2
21
163
4
189
429
2
356
204
7
257
170
1
145
283
7
333
128
4
201
286
8
48
322
2
227
173
0
86
275
9
279
263
2
416
246
2
399
351
3
121
451
7
460
267
6
321
340
1
74
26
4
325
21
9
404
266
0
404
342
0
364
30
11
418
111
4
230
289
9
471
160
4
333
472
9
103
96
3
110
105
11
285
431
6
240
427
6
122
372
7
471
359
2
42
232
3
175
37
11
388
195
10
291
174
11
38
298
2
387
109
3
490
119
1
50
483
10
180
211
3
275
96
4
87
481
7
162
368
1
161
395
9
489
270
0
341
215
11
142
192
0
277
35
9
493
87
11
344
299
9
29
494
1
302
155
5
429
20
2
306
437
5
218
122
2
21
90
3
24
48
0
92
421
3
258
98
8
448
269
9
175
56
5
479
265
0
366
246
8
89
149
7
138
359
7
247
146
3
131
380
9
171
475
2
429
79
4
163
500
3
440
59
0
503
140
1
425
376
0
12
0
11
354
270
5
44
99
5
117
138
2
466
193
11
349
98
7
89
108
0
327
527
6
385
276
3
513
233
6
95
523
3
386
277
1
302
22
1
499
212
11
117
110
3
29
218
11
161
258
2
218
319
7
331
177
9
43
133
6
103
440
1
127
414
5
461
139
5
545
312
8
485
125
8
243
405
5
62
447
10
449
514
2
314
94
10
408
95
8
44
383
0
559
215
0
219
137
11
32
73
2
118
562
7
13
477
3
65
317
1
416
435
5
505
80
3
417
16
5
509
181
1
150
418
6
385
133
7
201
198
8
170
209
6
244
354
1
240
435
1
0
324
11
141
134
2
41
283
10
449
11
3
479
122
6
309
329
5
358
182
11
493
577
0
123
484
2
345
183
5
333
203
4
14
247
10
449
402
0
482
580
3
133
284
4
344
169
9
483
185
4
6
297
10
162
191
0
27
1
8
309
539
11
473
356
11
65
283
10
307
340
8
253
208
6
192
481
9
362
110
8
34
84
4
40
119
10
409
459
8
29
385
2
410
536
7
158
7
6
408
212
6
53
215
9
401
263
7
84
178
6
459
9
10
391
413
9
521
552
10
421
217
2
543
353
7
188
296
8
286
30
4
419
541
3
93
483
7
316
620
2
282
596
10
566
269
1
408
416
6
44
566
9
339
24
10
466
300
8
204
461
1
209
76
11
39
592
0
339
395
4
284
491
0
464
357
5
132
18
9
31
4
2
252
166
10
238
202
2
443
130
2
425
219
8
641
537
6
49
603
2
205
552
6
267
217
7
532
149
6
449
435
11
331
137
0
210
82
5
100
350
6
479
15
2
0
618
8
95
45
3
593
399
8
153
182
2
511
133
7
239
57
9
155
579
11
554
439
7
622
518
11
459
502
9
457
88
2
585
139
8
179
208
8
12
496
6
111
212
3
238
649
7
239
233
0
119
603
6
522
444
8
458
309
2
11
205
7
460
100
2
78
321
10
252
553
5
413
222
0
362
52
3
502
348
10
584
475
3
385
25
2
278
428
2
341
21
0
465
290
2
219
112
1
316
204
3
412
75
11
539
432
11
196
411
2
8
149
1
612
446
8
148
266
7
660
555
5
19
586
4
275
546
1
448
677
11
318
473
10
387
487
1
146
687
8
429
583
3
643
59
11
675
78
11
112
516
3
402
577
7
1
411
5
469
652
7
518
525
5
194
315
9
267
523
8
562
566
7
366
139
2
389
209
5
247
241
1
46
2
1
134
650
0
0
3
7
675
382
2
673
610
2
706
296
8
104
259
3
476
580
10
429
149
3
121
371
8
374
437
7
443
585
5
407
588
10
10
701
5
271
581
28
116
361
23
104
274
