3
13
40
9
11
1
7
31
22
2
64
98
1
17
120
3
22
117
8
36
65
5
2
72
4
104
89
11
78
87
1
85
33
0
33
16
3
119
50
6
19
100
11
66
18
0
50
49
8
87
45
10
45
63
10
107
16
0
67
115
6
74
77
11
86
136
2
142
137
0
21
67
4
138
27
1
74
80
8
26
7
8
84
101
11
134
32
10
51
24
2
93
122
10
109
41
10
60
75
2
101
38
11
55
53
7
47
122
0
9
163
6
48
80
7
112
160
4
106
27
0
150
85
6
68
46
6
80
115
3
147
162
6
57
112
1
58
146
1
2
80
4
42
70
5
19
169
7
155
58
8
141
133
6
89
13
1
169
172
3
121
95
4
19
133
8
123
146
8
76
58
11
111
148
3
56
97
5
149
157
8
49
71
9
80
40
6
189
136
8
167
18
2
140
90
11
27
137
4
75
172
7
142
170
11
49
49
11
11
45
3
196
42
0
175
189
9
84
33
10
159
96
7
176
147
5
179
0
1
57
22
10
92
52
3
59
135
11
15
170
8
133
150
5
192
164
5
58
160
0
103
157
7
183
64
11
84
29
3
131
15
1
182
34
7
213
44
9
72
185
8
6
140
9
210
44
5
167
173
10
57
173
11
200
78
0
58
163
5
125
0
11
97
177
2
28
101
5
139
40
0
154
196
8
125
100
9
71
71
10
69
96
11
164
195
1
227
14
3
130
121
11
16
75
10
31
107
8
57
129
11
126
38
5
173
25
9
216
21
11
17
69
6
177
129
5
58
49
11
124
77
11
193
34
5
86
198
4
165
97
0
0
214
5
91
88
4
12
133
4
200
35
7
89
247
1
66
158
8
141
191
9
153
226
4
129
21
9
113
239
8
8
240
8
166
146
2
33
232
1
236
87
0
130
189
5
230
215
0
133
65
1
50
171
3
230
163
0
53
175
1
87
10
6
172
210
1
228
124
7
179
68
9
37
79
10
72
7
2
11
126
11
173
217
11
193
80
11
137
19
11
191
197
4
64
113
0
271
146
7
161
165
11
202
45
0
281
191
4
90
26
1
45
110
8
40
72
1
87
273
7
215
274
3
282
104
4
268
174
1
204
61
8
45
58
5
149
54
0
71
46
8
176
159
1
196
279
2
109
273
9
1
283
2
92
11
6
49
91
8
207
191
8
226
62
10
300
45
11
244
299
1
185
299
8
60
152
0
186
223
10
115
234
4
213
211
11
97
146
3
255
59
10
3
120
7
188
288
0
161
80
4
205
267
5
135
248
3
19
155
0
210
165
2
121
257
7
74
114
0
33
310
5
160
256
1
114
44
9
31
186
11
4
148
3
201
78
4
271
160
9
234
315
8
148
234
5
312
117
6
274
153
11
331
283
3
234
175
1
80
320
10
94
201
2
234
300
6
213
330
8
119
222
11
174
148
4
82
326
11
244
261
9
7
249
10
163
104
8
217
124
7
187
2
8
306
93
3
228
297
5
218
295
4
6
79
7
230
34
8
14
303
1
47
229
11
213
348
4
322
86
8
50
284
11
64
313
2
105
16
0
94
143
11
148
74
1
149
255
4
243
337
9
227
225
3
99
79
2
152
29
9
326
111
2
282
112
0
317
300
9
258
68
5
2
355
8
276
274
0
207
11
10
357
314
7
107
286
2
242
352
3
154
217
4
166
42
9
39
250
1
130
164
6
186
233
2
105
176
1
180
325
11
336
2
0
35
127
7
279
47
10
137
251
0
66
138
11
76
371
8
21
325
8
373
270
7
80
356
10
153
180
9
229
118
4
151
53
10
140
50
1
392
240
4
315
284
8
226
378
11
269
241
9
278
275
6
231
84
8
358
225
6
170
21
11
343
364
2
179
333
11
1
2
3
88
137
9
249
255
3
149
251
8
137
39
0
114
265
9
158
201
5
184
141
7
84
161
11
310
354
6
346
308
10
340
112
0
134
220
6
154
295
0
108
274
1
70
193
4
141
9
6
322
277
9
166
114
10
371
269
10
106
145
4
251
22
7
82
322
9
67
199
11
341
376
4
314
296
9
215
315
0
127
13
1
373
385
4
340
81
0
408
223
10
276
197
9
389
407
8
277
379
5
240
67
11
39
291
3
272
417
4
51
14
1
380
352
3
61
376
5
95
308
0
299
207
4
289
438
7
28
202
7
185
106
6
106
345
0
49
317
6
226
25
11
378
104
0
374
187
8
102
86
2
337
191
0
30
28
0
180
305
5
279
180
10
0
57
4
253
12
6
360
61
6
59
109
7
219
88
9
428
437
8
52
52
3
183
184
4
329
463
6
121
348
11
340
90
4
157
160
9
420
214
9
248
384
10
18
282
3
353
112
5
394
142
2
212
372
2
151
331
2
242
75
9
325
222
8
158
470
6
478
421
8
118
187
6
229
381
5
256
129
1
92
158
10
236
457
1
337
21
10
158
376
2
475
44
10
216
254
0
20
93
1
310
142
11
455
363
2
203
468
9
359
107
11
126
439
10
282
487
2
437
227
7
166
39
11
481
343
11
370
167
6
149
200
1
264
478
10
329
429
9
153
101
1
65
495
7
15
4
5
352
23
3
230
309
4
495
122
8
397
6
11
467
415
5
454
336
9
498
272
9
126
421
3
54
264
8
92
90
11
126
502
11
386
498
9
418
510
11
363
519
4
415
395
10
413
442
0
520
265
8
180
50
5
373
482
10
388
194
7
332
239
10
484
165
7
461
350
1
185
436
7
202
429
2
421
500
8
482
208
5
231
160
10
105
112
2
395
13
10
203
203
11
231
385
6
53
17
0
63
240
3
98
434
0
12
46
7
148
253
10
387
278
5
461
228
2
239
394
2
417
152
2
338
122
5
210
388
6
379
312
4
92
479
2
255
388
10
90
427
7
249
23
10
341
130
6
537
67
8
134
388
2
28
65
8
222
430
0
440
5
5
260
559
3
107
50
2
53
101
10
63
259
5
254
470
0
173
304
4
363
432
8
312
73
1
205
58
1
181
416
3
192
517
3
388
392
10
167
529
11
446
349
0
242
473
4
542
91
4
469
318
2
402
203
6
540
470
3
68
320
2
171
119
10
14
276
5
241
258
9
393
11
10
238
257
6
102
583
11
140
113
4
291
118
6
57
117
7
207
31
4
537
379
5
46
107
7
81
1
4
220
464
5
220
169
2
92
74
8
45
15
2
41
163
6
17
352
1
475
568
11
289
52
8
120
34
2
447
256
9
42
435
1
188
450
9
402
499
6
199
99
8
21
94
1
486
182
10
259
172
8
268
544
7
537
237
3
174
379
5
122
171
5
502
401
11
361
144
0
592
185
10
440
150
10
580
239
7
505
383
8
432
58
8
148
356
4
193
106
3
515
24
1
521
384
5
51
103
2
377
4
0
134
130
2
549
617
2
170
493
0
458
484
3
436
467
0
326
90
4
292
425
4
24
23
4
114
340
9
209
314
3
419
617
4
456
62
3
79
529
8
111
59
10
117
126
9
319
311
5
284
644
1
338
421
0
56
294
11
61
418
6
374
23
5
596
240
9
398
490
3
212
515
8
195
239
8
530
277
10
343
532
5
404
424
3
581
634
11
425
18
5
192
235
6
185
582
8
319
636
6
466
535
4
646
503
7
436
256
9
494
200
10
637
92
11
72
68
6
659
541
5
563
245
10
581
254
5
342
135
9
392
447
5
608
325
0
569
451
7
441
455
7
402
598
9
26
256
10
26
364
4
433
359
2
507
670
5
338
445
2
89
284
3
295
128
5
408
189
3
580
316
6
104
14
2
357
496
5
129
42
4
613
203
1
537
604
11
232
77
7
582
255
2
647
386
6
418
184
11
603
653
8
676
304
7
402
297
6
417
106
9
275
369
11
151
201
3
315
145
5
261
353
1
586
499
10
301
701
6
573
430
9
251
541
0
195
209
8
696
345
6
703
566
10
156
220
10
487
530
9
208
623
10
624
628
8
542
707
4
93
688
0
607
261
2
311
674
2
570
395
8
574
150
7
472
409
9
649
690
7
505
672
6
217
63
10
108
269
9
669
665
6
512
700
436
248
162
58
24
340
