7
8
12
10
15
7
4
26
102
9
81
123
6
78
62
8
0
105
4
76
77
6
119
130
8
68
99
7
57
34
1
43
127
10
28
87
11
122
45
3
10
9
5
66
39
1
141
56
4
36
6
11
8
75
8
102
2
9
23
36
7
18
16
10
67
24
7
82
7
2
113
62
0
30
41
7
42
18
0
80
40
6
71
47
2
126
55
5
46
121
10
58
32
6
71
118
7
23
68
8
105
134
2
18
39
2
95
131
3
46
61
10
55
22
6
15
111
5
76
14
3
100
53
2
124
52
4
60
152
9
134
161
8
115
88
3
122
133
6
32
124
7
65
17
7
49
162
3
125
56
9
106
75
10
47
99
4
165
122
4
90
41
2
59
79
11
96
142
2
24
60
7
33
182
8
136
175
6
5
132
2
73
25
7
29
75
0
4
126
5
26
118
7
177
40
9
116
174
9
55
63
7
185
61
10
184
81
6
45
72
10
114
143
4
30
198
6
38
97
3
80
163
6
26
34
11
50
26
9
107
136
9
36
51
2
198
84
6
76
132
9
99
107
10
36
204
9
197
134
9
160
105
4
171
42
10
82
80
10
56
72
10
140
90
9
26
121
4
127
101
9
156
188
11
131
122
0
200
114
4
127
57
8
200
203
7
71
20
11
77
67
0
3
70
3
212
222
9
155
185
7
217
200
1
46
178
7
196
212
7
155
9
6
89
31
7
209
84
11
46
191
7
34
65
5
95
25
2
47
124
10
235
165
2
217
109
3
62
130
4
40
9
2
138
160
11
225
206
9
26
135
10
223
47
8
39
145
1
244
149
7
2
89
11
135
181
5
45
203
9
127
52
5
225
120
6
22
17
10
13
240
6
152
16
3
68
202
3
130
70
11
228
32
8
136
250
9
65
70
1
87
111
6
83
38
8
49
169
9
152
127
2
98
25
10
20
133
8
140
125
0
42
76
9
158
238
4
234
59
10
115
110
2
222
40
9
271
222
8
180
222
10
115
233
8
234
38
9
119
59
0
10
66
1
179
30
2
270
63
3
190
72
8
74
0
1
46
272
1
251
186
9
260
258
6
156
205
10
274
150
3
164
55
8
210
229
1
125
44
11
99
236
1
58
291
2
211
125
8
52
148
6
173
252
10
216
257
0
269
197
2
237
58
11
279
9
4
114
238
11
28
77
2
5
231
9
275
169
9
207
139
4
257
62
2
68
239
5
1
268
4
68
233
0
302
56
9
209
162
6
35
105
11
58
283
11
291
202
8
192
202
10
92
184
1
285
47
9
296
278
0
227
92
10
109
228
6
16
48
0
265
184
0
48
217
10
152
123
4
260
22
6
74
111
2
304
103
4
15
259
7
129
186
1
173
161
8
168
210
7
49
294
4
309
245
6
181
61
3
230
118
0
80
255
10
180
155
1
161
40
8
41
101
3
163
162
11
131
53
9
34
86
3
182
337
7
309
142
5
208
93
7
318
164
3
21
223
1
116
266
3
283
266
9
335
278
9
291
335
10
27
101
3
256
151
0
108
125
5
57
248
2
214
46
7
346
230
4
325
37
5
169
287
8
343
350
2
96
201
10
82
327
5
332
38
7
112
17
8
180
241
9
219
62
5
16
121
8
17
340
1
133
303
7
342
299
2
7
107
8
15
255
4
26
314
1
359
268
4
61
345
2
139
68
2
330
199
4
253
288
5
29
109
2
300
43
10
59
317
9
300
209
11
139
62
2
288
375
9
347
329
4
231
105
7
137
24
0
341
320
2
144
171
8
172
266
5
309
0
1
242
45
0
288
89
10
24
54
6
99
159
0
322
251
2
191
381
3
32
364
9
35
303
5
284
76
2
133
133
2
6
69
9
368
5
6
58
276
8
322
88
7
5
3
3
178
345
5
53
213
10
178
343
6
219
163
10
115
79
0
345
143
7
53
13
10
382
371
8
176
365
9
228
172
2
54
99
0
268
210
6
298
99
4
203
158
8
65
157
3
14
222
8
419
340
10
214
271
8
21
311
7
16
78
0
208
197
6
394
121
4
328
38
10
111
257
2
112
172
3
97
329
11
252
5
7
51
283
7
139
326
1
119
307
3
245
208
5
80
138
3
342
220
6
148
382
1
246
216
1
408
249
0
219
74
3
185
268
6
86
355
5
408
86
4
227
344
7
166
405
2
69
138
10
413
287
0
163
129
0
276
349
9
152
14
7
427
157
7
277
374
8
431
22
3
216
447
6
264
442
1
294
412
6
36
164
3
303
395
11
188
334
4
386
425
7
196
80
9
272
160
10
102
449
10
408
175
0
454
377
0
135
115
0
180
101
1
255
189
5
316
331
9
429
261
1
78
150
0
22
368
11
154
16
1
125
274
1
162
106
4
299
414
0
147
108
11
4
287
4
347
389
3
186
109
3
287
235
9
250
63
2
66
376
4
69
114
0
418
277
5
394
74
0
282
157
4
145
408
2
86
250
0
335
321
3
268
372
7
266
4
3
485
347
7
182
193
11
291
23
9
324
179
3
44
167
0
2
382
5
364
190
11
484
491
0
21
48
8
358
161
7
395
330
9
281
209
10
307
61
4
123
47
9
270
380
3
83
432
7
403
329
4
111
325
3
412
390
0
318
35
6
331
154
1
502
340
3
143
280
7
492
207
11
1
6
2
475
275
2
111
220
4
481
384
10
509
425
3
438
119
6
145
295
8
477
525
0
266
275
10
77
253
2
251
256
11
275
99
3
34
17
9
398
351
10
67
99
7
178
175
5
143
167
1
513
144
3
415
488
7
359
505
4
63
261
6
249
414
7
27
167
2
166
224
4
151
521
9
499
381
7
42
506
8
149
368
11
112
200
9
434
236
7
500
206
2
524
63
2
292
493
3
332
316
9
536
364
4
305
22
4
441
293
10
98
228
1
525
270
10
187
220
0
157
369
1
416
335
2
557
39
0
544
156
0
82
323
8
469
85
5
190
243
8
507
143
7
479
492
1
421
244
0
242
368
9
134
274
5
25
293
11
430
130
9
2
68
9
116
293
8
518
426
1
143
164
2
497
134
8
379
432
7
461
205
0
201
417
2
192
356
8
281
5
9
61
347
8
391
419
1
46
531
5
23
45
7
51
422
0
155
276
9
70
255
11
136
397
2
415
311
4
544
433
5
175
52
9
293
391
3
350
49
1
237
13
0
516
88
7
588
174
3
259
373
4
127
88
6
418
192
8
460
560
2
121
422
0
414
390
10
293
376
1
591
241
6
192
206
5
285
244
0
413
242
10
201
303
0
607
609
1
610
553
8
248
450
8
374
392
3
186
31
5
134
23
3
519
472
8
373
610
1
398
148
5
84
277
8
387
366
6
126
253
11
221
17
3
447
560
4
254
120
0
156
93
10
17
597
0
88
363
4
457
512
2
83
184
0
572
53
2
49
76
7
23
231
4
147
245
3
548
33
5
148
524
2
590
331
0
305
109
10
612
621
5
633
156
10
194
626
4
492
98
7
109
87
5
289
111
2
102
136
1
591
109
4
19
98
6
262
219
9
581
339
7
543
384
6
636
63
10
514
208
7
277
190
3
605
97
10
481
383
6
52
323
4
14
203
9
557
388
6
131
307
11
501
379
10
230
278
4
424
432
4
222
599
3
584
352
4
456
112
6
540
655
7
232
194
7
526
618
4
114
299
1
649
368
2
361
26
3
210
472
4
237
261
5
467
468
4
553
238
3
418
220
10
319
387
9
643
310
7
602
104
11
412
443
4
616
57
6
186
155
11
333
24
5
547
284
1
385
515
9
579
67
3
604
12
2
52
122
5
185
255
10
513
676
6
232
263
9
479
335
1
383
112
3
488
313
9
85
40
3
392
296
1
586
122
5
175
98
7
104
199
8
561
691
10
577
327
1
638
561
2
115
293
1
594
189
11
609
672
11
381
313
4
12
202
0
422
649
9
569
205
2
93
519
11
234
356
3
409
179
11
242
582
2
620
261
9
625
405
3
381
585
4
564
489
7
410
206
6
160
71
4
484
194
6
177
136
6
206
290
9
174
78
9
338
275
6
452
568
5
307
527
7
228
106
78
257
285
274
706
65
550
474
184
712
385
268
385
94
239
74
6
409
