8
64
31
5
97
30
0
71
57
6
0
37
2
122
15
9
131
92
1
51
51
8
128
20
11
18
72
2
28
129
6
73
24
7
105
34
3
59
49
4
82
125
9
75
48
3
80
52
6
55
124
10
140
53
7
29
16
2
79
109
2
54
73
4
65
53
2
83
29
1
48
59
4
74
35
6
98
14
0
101
13
11
143
5
1
36
14
6
23
92
11
39
149
9
87
29
5
72
12
2
39
150
10
42
137
2
90
72
0
85
157
5
20
41
2
39
10
3
46
14
10
127
9
11
116
119
0
7
81
5
27
83
10
92
135
2
27
113
4
40
119
6
7
83
10
53
142
10
45
166
9
13
87
5
132
90
0
109
165
8
90
81
9
164
148
0
69
158
8
97
82
9
117
68
0
117
170
2
95
107
5
182
45
4
49
88
1
150
67
4
0
121
2
181
168
9
183
165
7
156
126
11
59
118
4
71
91
9
7
17
11
169
69
6
97
134
6
4
187
9
45
127
3
198
179
3
51
120
5
104
110
11
128
189
5
70
86
7
161
38
7
189
183
6
179
62
0
174
119
1
15
177
4
26
107
8
44
65
10
158
207
1
173
90
3
137
206
2
186
161
5
18
141
10
99
59
8
75
164
3
23
215
11
217
70
9
116
51
7
197
41
0
19
57
8
185
58
10
101
123
5
192
195
1
60
90
3
64
139
1
214
186
5
59
76
0
155
104
7
126
199
7
208
97
11
165
176
1
189
166
10
230
63
6
80
140
0
3
137
9
65
103
9
11
152
10
10
168
4
84
156
8
81
6
4
209
146
3
220
42
2
14
50
7
44
92
0
6
50
9
111
183
10
14
116
10
66
58
1
157
62
10
129
156
0
48
29
4
129
177
9
3
222
9
174
254
5
135
95
8
86
180
10
221
247
10
46
122
1
172
55
1
62
132
1
76
123
9
185
172
1
24
141
0
209
2
7
42
188
8
173
158
10
175
67
4
21
175
0
55
86
2
57
250
5
257
207
6
64
114
7
244
93
4
56
220
4
240
111
7
74
64
7
189
6
4
128
40
11
75
81
11
70
252
11
161
233
5
10
221
10
163
178
10
256
60
9
28
86
10
111
198
11
106
229
7
9
90
3
51
58
2
114
99
11
10
238
0
200
145
5
122
94
9
257
14
4
211
149
10
42
238
8
118
53
10
162
160
5
233
129
1
130
249
11
74
85
1
240
98
9
234
125
6
211
287
8
168
25
7
46
192
8
187
114
11
271
13
2
106
235
0
44
23
1
150
301
9
17
303
2
151
211
1
293
21
11
49
260
3
211
88
8
303
71
2
69
99
0
82
191
5
8
206
9
306
297
11
158
206
10
2
85
11
198
144
2
269
226
8
311
38
5
39
125
7
206
297
1
192
143
2
314
142
2
303
285
7
301
316
11
311
143
4
110
68
6
41
109
2
35
70
3
154
11
4
129
129
10
151
121
5
258
219
10
314
78
5
175
21
0
313
16
3
286
347
9
66
102
10
17
146
0
263
22
10
134
36
11
73
210
4
109
34
4
43
160
6
58
356
1
279
55
1
86
236
3
101
74
7
184
283
6
129
80
8
185
356
0
237
43
6
273
187
3
214
324
7
279
235
3
85
33
8
184
88
5
364
338
9
199
272
5
351
310
1
9
353
1
213
24
4
129
201
3
76
48
5
367
244
10
125
270
1
265
9
4
42
5
5
101
324
4
117
349
7
323
272
1
157
196
1
77
183
7
62
5
4
282
216
2
79
301
9
206
204
6
116
44
4
230
384
4
66
248
0
168
214
1
187
217
6
295
103
8
310
265
6
272
330
0
225
217
9
114
179
10
141
335
3
205
182
3
96
19
7
128
191
6
312
97
3
389
225
11
199
151
0
134
69
2
339
289
8
405
71
8
90
140
3
43
79
9
269
364
3
95
378
2
163
384
11
249
152
7
185
192
2
133
387
11
178
351
10
196
209
3
57
6
10
233
183
11
143
367
3
28
319
1
59
213
11
141
272
3
1
309
0
33
362
4
271
77
1
18
234
4
307
242
8
67
303
1
308
214
4
404
287
11
415
352
7
315
96
5
331
332
6
219
18
1
209
41
10
269
405
8
141
261
9
204
90
4
307
107
2
427
279
0
62
225
7
3
105
8
163
233
11
406
195
6
280
17
1
21
404
6
137
128
1
59
420
0
403
345
10
217
232
10
111
332
1
128
172
11
449
45
7
96
13
2
277
215
7
332
384
3
89
448
4
64
19
3
288
270
7
160
131
4
175
348
4
261
154
11
108
72
2
79
182
9
53
368
6
56
399
8
97
142
0
261
267
8
181
319
11
356
470
5
85
421
4
153
473
1
474
414
6
248
169
4
200
171
5
91
58
11
62
343
8
7
362
6
448
50
6
367
426
0
192
119
10
106
279
5
267
451
4
63
29
0
229
281
8
246
189
0
170
170
7
38
146
4
455
115
4
235
381
2
282
491
9
183
75
9
127
152
3
54
493
7
180
467
11
160
391
3
291
334
4
91
427
1
225
488
3
180
481
7
339
324
2
166
93
0
202
269
2
425
345
7
136
58
8
307
332
0
228
103
1
421
337
9
11
303
6
274
240
5
200
456
9
251
408
7
259
350
10
36
201
2
158
513
4
499
212
10
133
171
9
127
280
2
313
148
2
493
235
9
450
401
7
480
505
6
519
334
9
101
516
7
54
16
3
5
40
5
414
3
1
392
439
1
343
299
7
224
169
2
246
70
4
510
83
2
24
6
5
12
352
7
254
535
2
140
226
5
193
124
2
428
369
11
107
346
5
442
87
4
232
329
0
257
119
9
155
484
6
464
261
10
470
418
10
318
143
4
542
374
5
514
307
4
33
286
8
374
144
10
465
2
2
300
160
4
492
79
2
132
188
7
541
20
8
49
121
8
464
536
0
398
69
11
242
295
2
139
311
1
500
79
7
20
166
11
512
64
6
322
534
1
507
289
1
175
369
11
322
473
0
375
319
2
384
407
3
548
82
10
23
199
6
451
63
4
136
474
0
338
229
2
122
114
2
182
263
8
63
70
1
215
239
2
431
453
9
271
130
3
252
449
11
138
399
2
202
537
3
115
254
8
198
479
4
282
562
5
50
52
5
499
58
2
467
421
9
129
93
8
20
233
4
61
402
4
137
590
2
534
150
10
504
503
8
160
550
11
274
538
5
40
549
7
196
335
10
221
411
6
205
357
6
442
297
8
473
372
11
586
600
0
262
48
1
587
75
4
159
480
2
301
359
5
31
194
9
607
150
9
477
0
7
30
614
10
41
350
10
377
555
3
58
579
11
342
435
0
421
184
0
160
381
2
490
144
4
264
10
3
115
510
3
196
376
1
291
415
10
598
413
10
592
184
11
347
448
8
565
283
6
308
458
7
239
260
7
566
61
11
125
573
1
606
117
0
427
1
4
532
195
9
8
380
0
633
491
5
117
355
11
196
163
5
435
367
10
617
66
3
344
467
10
483
143
11
468
577
10
103
430
2
536
28
11
9
343
2
131
201
10
603
198
0
612
227
8
543
87
0
3
406
9
611
10
11
126
158
0
383
650
9
106
474
8
485
653
3
343
280
2
201
525
1
144
156
7
334
39
1
161
542
0
327
471
10
13
75
10
349
126
6
574
118
9
291
324
0
432
252
4
96
523
1
649
160
6
31
386
0
261
655
4
297
51
0
181
534
0
68
513
3
503
287
6
80
343
8
386
248
3
168
130
10
488
248
10
398
390
5
268
317
0
11
49
10
238
113
1
104
116
9
308
306
7
550
280
5
96
445
4
80
495
3
653
200
8
473
159
5
653
251
4
539
260
8
505
10
2
45
97
2
104
372
2
445
531
0
664
262
3
299
187
4
387
443
5
505
629
9
51
169
10
204
251
10
598
277
6
232
163
7
370
314
3
520
609
11
558
26
10
130
203
10
448
284
7
65
466
9
240
444
4
143
518
7
256
326
3
404
657
3
237
39
4
708
255
5
315
178
7
389
190
4
283
583
4
354
325
5
324
409
11
514
167
2
279
295
1
678
367
709
56
294
481
397
275
520
442
270
90
299
11
159
381
663
127
187
665
