8
104
9
2
49
45
4
127
74
4
57
129
3
5
111
5
119
28
9
97
90
0
67
64
11
55
93
9
28
16
10
106
57
11
92
112
3
121
49
7
3
138
9
138
19
1
6
130
11
54
22
10
16
64
5
5
52
4
8
65
0
72
102
5
105
10
7
60
131
4
150
72
0
137
110
0
66
122
6
9
135
6
115
12
8
100
35
1
115
94
2
85
108
2
92
120
8
115
87
3
48
53
4
54
100
3
3
18
6
15
45
6
104
79
10
102
11
5
165
74
7
30
18
8
45
113
8
34
131
9
9
144
0
70
170
2
102
15
8
76
69
7
48
13
9
158
57
5
75
71
4
106
142
1
126
1
6
164
78
11
0
7
0
113
153
8
180
175
2
172
54
10
110
98
4
121
158
11
24
6
10
70
126
9
111
83
2
58
121
6
94
23
9
135
111
0
48
148
5
147
52
8
147
11
9
99
1
8
81
55
11
143
94
0
136
108
1
121
188
9
102
118
9
115
181
5
107
175
0
82
89
9
151
112
11
185
51
0
137
40
9
1
141
2
167
168
6
96
69
5
209
174
7
171
181
1
168
160
2
51
44
7
37
131
9
42
86
10
205
194
11
158
59
6
58
6
3
5
161
0
216
189
7
138
85
1
141
102
5
82
113
6
64
96
8
37
136
0
211
55
1
173
61
11
187
106
11
110
55
6
182
35
11
229
128
1
108
30
6
166
138
8
217
167
8
117
125
11
126
132
7
25
160
3
78
96
4
232
66
2
68
239
2
16
104
9
172
28
6
155
201
2
131
171
6
192
113
5
132
67
11
174
220
10
239
66
10
217
209
5
161
116
0
56
236
4
78
49
11
106
238
7
12
213
8
59
224
7
14
22
4
154
224
4
218
5
3
39
251
9
200
186
11
191
245
7
250
103
3
259
24
6
33
229
3
263
119
1
97
41
2
103
262
5
20
29
0
60
267
10
6
259
2
40
208
3
137
82
1
182
143
2
223
254
0
10
270
6
121
104
2
100
233
0
89
60
2
262
160
3
135
254
4
79
103
10
104
198
6
110
114
9
2
63
5
283
138
3
191
94
9
194
168
0
237
84
10
161
89
5
255
138
0
54
137
5
12
146
0
190
113
7
139
33
10
197
120
8
266
212
2
93
262
4
33
78
10
150
231
7
181
156
8
76
224
1
52
182
6
129
238
8
200
220
3
49
31
5
116
143
1
13
272
4
27
304
7
64
15
9
223
252
3
200
17
2
18
272
2
249
201
4
15
4
1
52
190
9
60
29
6
274
140
4
106
91
2
312
0
1
68
35
9
32
120
10
207
80
6
306
284
7
83
161
8
262
104
5
142
287
9
91
247
2
76
179
9
200
33
0
59
299
0
27
292
10
92
221
8
8
121
3
186
201
9
331
261
0
291
60
8
85
232
7
22
216
8
2
202
2
25
59
6
183
327
9
300
150
8
248
343
10
336
211
0
160
24
10
65
166
2
260
214
1
214
72
4
217
213
6
233
198
10
172
10
3
83
269
0
109
31
5
279
76
7
246
75
5
312
138
0
198
180
9
219
79
7
286
43
10
36
188
7
191
64
0
188
16
7
286
347
6
352
290
11
365
128
5
51
64
6
366
33
9
308
146
0
139
107
5
184
370
9
115
313
9
182
215
6
49
118
5
75
169
8
15
179
2
351
57
3
80
307
3
144
260
4
369
319
4
230
325
8
48
239
11
259
258
9
100
61
8
311
151
1
338
243
6
207
260
1
227
66
8
72
105
9
192
312
0
222
346
3
120
108
5
291
103
9
166
196
9
7
91
2
275
227
4
220
245
1
253
106
5
259
343
4
365
387
5
250
125
11
348
313
0
144
275
7
89
296
6
226
249
8
94
13
11
92
348
1
48
59
8
335
250
1
387
360
3
267
322
6
335
293
7
252
64
1
158
276
4
82
395
7
384
258
3
257
107
4
341
281
6
375
182
10
344
277
7
345
179
0
100
295
11
253
399
1
256
305
4
226
50
9
277
276
10
215
263
3
153
267
10
257
211
5
289
388
10
123
129
4
9
262
4
53
252
3
387
216
10
65
228
7
309
34
3
420
89
4
218
103
1
255
395
7
210
204
9
3
303
6
441
7
11
337
322
5
261
114
5
203
44
6
234
141
3
67
344
8
184
345
3
312
236
0
200
419
8
105
270
11
401
369
9
73
424
3
81
314
9
257
265
1
193
219
6
150
116
0
186
192
3
432
83
2
316
304
0
114
201
11
310
384
6
329
70
8
394
7
9
61
155
1
154
111
7
260
168
1
208
219
4
212
300
6
437
189
2
194
91
6
240
114
10
41
472
11
181
288
9
415
326
5
241
376
0
474
270
7
110
369
10
249
362
3
13
449
5
102
213
7
316
161
9
59
113
7
354
94
2
312
21
1
261
129
9
26
349
2
350
297
2
273
434
2
263
468
7
352
403
2
68
228
5
288
409
1
41
112
2
431
295
11
217
76
5
409
389
8
174
454
11
306
235
6
7
198
6
16
362
1
361
347
6
356
493
1
463
448
7
284
450
1
403
235
5
501
442
7
58
233
9
99
405
0
255
281
10
24
144
7
409
441
11
151
509
5
451
418
7
314
286
0
32
456
7
163
57
3
383
382
7
284
396
5
313
447
2
488
330
8
223
286
11
386
40
0
217
229
7
380
257
5
307
20
5
193
434
9
399
139
8
109
216
7
178
519
6
404
140
5
21
375
11
420
412
2
310
508
10
356
254
1
138
64
5
137
145
6
242
151
0
25
322
1
362
267
8
254
442
2
434
428
4
250
137
2
400
433
9
25
132
4
390
43
9
297
509
7
437
28
5
48
287
8
303
150
5
45
519
1
351
488
11
499
180
9
310
135
6
456
253
6
533
501
6
308
68
10
22
545
11
161
144
11
422
312
1
513
368
2
291
275
10
471
406
6
385
133
5
517
436
1
270
426
9
344
41
4
544
530
10
151
224
5
14
117
9
175
252
7
249
62
7
26
85
5
355
85
8
463
134
0
566
198
2
463
316
5
328
320
10
572
260
10
177
509
0
502
71
4
37
371
10
377
282
8
272
134
10
59
291
11
43
314
3
469
239
7
296
206
2
449
217
5
518
33
2
457
294
7
219
85
0
513
87
11
100
178
3
434
488
1
76
456
7
261
417
9
471
368
1
411
70
8
555
469
8
324
93
6
552
323
8
242
11
5
578
117
1
501
431
1
295
169
5
549
107
4
326
523
4
184
593
0
69
322
9
521
470
3
58
475
6
439
66
9
137
351
11
247
568
11
542
322
10
40
137
4
423
527
2
23
69
0
244
142
5
37
180
0
229
14
10
279
156
5
38
311
6
470
50
5
198
324
6
618
609
8
597
375
11
571
383
8
616
86
0
238
208
2
622
11
7
510
550
8
556
159
7
173
191
2
197
173
9
509
435
6
334
278
9
457
602
0
49
392
0
407
11
10
354
20
9
469
425
5
479
19
10
616
426
2
607
610
11
104
623
4
590
363
1
138
114
7
349
11
7
29
196
6
469
216
4
225
105
4
5
112
6
250
377
11
120
371
11
242
153
3
353
524
4
620
568
4
409
502
4
59
53
7
283
297
6
557
509
5
282
297
9
301
384
10
415
552
7
461
510
3
100
69
3
632
438
7
493
667
3
314
542
1
623
392
2
217
365
2
305
194
10
71
371
1
347
4
3
4
384
5
280
567
0
122
134
4
614
67
8
123
42
5
445
150
8
176
637
6
31
313
6
148
644
10
496
203
1
305
265
4
684
473
10
410
645
6
55
10
0
615
293
2
9
456
3
75
79
4
337
553
0
620
433
1
408
42
8
611
242
2
693
202
10
563
304
9
181
617
4
134
444
4
656
78
6
251
141
1
67
61
8
440
221
10
319
381
0
413
192
1
669
217
5
193
295
3
349
492
3
448
259
10
375
40
7
144
124
9
285
658
8
30
667
7
475
62
11
38
412
1
202
189
8
352
351
10
370
508
4
654
588
3
471
193
8
452
66
9
673
193
1
167
524
3
108
375
1
62
519
676
361
400
282
641
74
193
73
631
514
496
665
542
240
622
607
107
614
