11
86
35
7
96
75
8
95
110
2
115
78
10
121
110
11
72
109
5
32
132
7
61
104
1
99
110
1
103
119
9
56
37
9
91
99
11
12
21
0
140
19
7
20
104
0
140
116
7
1
6
4
86
16
6
57
56
5
27
16
10
90
44
9
137
132
7
135
96
5
7
43
6
4
130
2
113
132
0
71
65
2
7
35
1
143
65
0
100
92
4
147
107
10
156
98
8
12
128
2
78
44
5
0
84
1
108
82
1
148
118
9
108
54
9
154
3
0
76
123
8
50
44
0
47
34
9
1
53
7
147
141
0
59
7
11
115
142
9
20
125
11
79
25
5
69
113
5
126
1
1
140
127
9
178
62
5
167
61
2
148
106
11
64
90
9
0
1
11
17
87
5
39
169
9
79
163
5
153
15
3
141
35
6
81
157
8
35
160
4
65
148
5
73
191
11
28
77
3
132
184
4
50
103
11
6
165
2
165
182
3
127
21
9
9
140
8
74
42
7
97
117
5
163
102
11
158
157
9
202
152
5
50
191
4
94
1
6
177
7
5
206
35
7
85
49
7
147
67
10
84
96
8
119
93
0
125
204
0
33
80
1
103
122
1
190
188
5
48
206
9
7
139
6
218
196
5
142
34
2
177
153
5
18
155
5
192
108
4
192
8
6
110
71
5
47
73
3
66
217
9
111
82
10
176
155
5
94
26
10
149
15
8
27
133
11
106
142
6
96
205
3
181
64
3
233
224
5
121
47
7
224
107
11
188
99
8
57
84
10
83
110
1
228
127
1
205
49
2
42
189
3
229
77
10
238
65
6
137
35
1
88
247
1
204
71
1
85
10
4
88
106
6
14
187
4
106
154
10
66
35
9
134
41
2
121
52
7
225
240
2
129
122
0
151
133
5
142
82
2
65
169
3
188
228
11
199
34
3
137
35
11
161
218
9
1
228
5
172
157
9
169
132
6
55
253
1
263
169
6
210
270
9
66
256
4
7
39
10
93
235
1
112
47
1
213
19
4
199
36
7
15
60
4
183
261
3
176
20
5
264
18
2
59
172
2
251
217
8
108
224
1
166
94
7
70
50
11
93
245
2
252
226
4
5
171
9
274
20
1
77
33
5
24
70
3
165
7
10
90
102
0
235
283
10
224
85
6
255
108
2
2
218
6
289
38
0
257
248
2
199
270
7
213
37
2
86
41
2
163
23
8
55
225
3
195
120
11
45
132
3
144
177
9
74
63
9
39
63
8
154
52
9
162
165
1
65
53
2
87
82
2
198
249
3
96
24
11
83
26
8
13
78
8
287
308
8
257
308
0
268
76
11
232
15
3
150
7
5
95
127
2
324
81
0
67
146
1
16
253
5
125
56
0
24
306
8
140
236
11
170
305
3
148
102
9
135
200
6
184
19
8
166
25
5
136
109
6
253
277
4
100
254
7
203
133
8
137
18
7
310
333
6
31
118
5
107
268
2
188
327
0
301
28
4
37
99
3
149
119
6
152
13
2
73
233
6
11
279
11
213
179
6
97
70
8
316
307
9
184
299
11
321
251
9
185
54
7
270
329
4
318
134
11
253
49
9
124
228
1
188
217
3
202
41
10
13
233
5
103
56
0
310
224
11
146
213
5
185
98
7
309
136
11
262
33
1
86
23
10
235
294
5
178
1
3
190
141
1
236
215
7
266
328
3
182
306
6
20
317
10
166
46
11
218
97
10
297
199
1
261
101
3
317
178
1
48
280
6
320
33
11
371
313
8
137
179
3
73
238
4
138
318
7
96
102
4
159
334
11
82
290
11
34
203
9
372
239
0
40
250
1
121
172
11
321
316
7
134
11
4
381
385
4
128
387
7
342
83
9
296
36
8
379
13
0
119
56
4
336
122
5
169
149
1
387
340
8
183
317
10
154
2
9
59
150
1
272
228
7
76
288
0
208
260
6
260
218
11
140
292
0
21
375
8
267
316
9
4
379
11
174
110
8
361
210
10
268
78
1
201
408
0
364
391
10
385
401
8
90
367
10
117
200
11
196
355
8
278
402
2
342
256
4
115
100
10
284
225
11
195
17
1
411
332
7
333
330
2
305
422
6
404
327
5
316
201
0
284
286
8
393
237
10
348
271
11
68
116
4
14
53
11
273
209
3
282
24
3
395
88
4
357
8
7
237
290
9
188
15
5
125
247
3
277
432
1
93
174
10
438
6
4
15
29
10
277
197
11
431
444
0
254
5
8
231
347
6
173
280
4
428
71
9
118
36
1
19
292
10
227
260
3
407
266
1
461
220
5
336
270
9
80
82
4
362
448
9
99
370
7
281
164
3
410
169
3
271
107
9
380
378
1
166
116
8
34
153
5
68
45
9
338
386
3
414
411
8
294
300
9
193
196
5
409
237
0
409
327
10
232
392
3
421
215
8
466
472
11
204
151
3
317
448
6
333
342
7
197
335
6
449
98
9
20
259
3
468
122
3
256
416
6
202
395
8
27
384
11
133
31
9
366
327
8
354
63
2
118
112
8
359
89
10
488
66
11
328
133
1
230
193
4
235
88
9
394
27
1
162
51
1
496
208
0
319
327
11
504
154
4
119
263
2
508
36
1
161
69
6
22
117
0
56
243
11
506
142
11
491
467
9
367
238
8
222
386
6
320
369
9
323
509
10
425
331
9
511
96
0
380
492
7
454
147
0
209
482
3
170
225
2
6
347
10
288
396
8
242
327
11
479
410
0
223
221
2
329
149
9
82
497
10
178
338
4
406
457
1
56
345
8
406
297
10
489
492
8
388
162
8
490
225
5
94
409
0
66
121
6
170
242
0
166
301
3
49
84
3
399
97
5
234
396
11
308
298
3
145
535
11
369
246
9
357
317
2
291
505
4
190
450
3
74
38
1
92
326
6
91
352
8
302
196
1
104
450
9
418
348
1
15
286
4
441
264
0
105
290
11
266
47
0
84
175
7
307
548
8
158
125
2
4
522
5
285
145
2
272
66
5
64
41
3
271
401
0
505
121
10
522
343
3
318
540
7
137
114
5
110
484
5
18
256
4
133
386
10
490
276
4
320
30
3
206
183
9
523
312
10
399
357
3
511
295
7
482
245
8
450
210
3
310
131
6
230
535
3
399
464
5
561
345
4
506
372
0
371
341
7
14
77
8
82
333
5
313
474
7
114
28
9
269
134
10
157
8
4
445
189
7
360
491
5
59
105
10
403
532
0
559
349
8
58
574
1
511
49
3
107
31
6
226
343
1
490
400
10
251
199
1
194
288
3
366
535
9
497
329
1
249
261
1
5
552
9
421
89
2
221
12
6
596
95
6
558
113
2
232
340
7
544
289
1
106
608
0
548
497
3
422
551
0
107
239
8
443
522
3
336
611
2
237
505
2
77
217
1
517
598
7
21
0
5
391
269
2
140
131
9
464
590
3
608
394
7
160
283
9
201
560
8
187
536
6
218
355
3
4
101
1
57
355
3
112
360
6
189
132
2
498
121
0
621
310
9
184
168
3
460
499
9
195
86
10
123
476
7
373
54
5
37
104
2
504
632
9
599
550
3
497
9
1
275
268
7
266
394
7
202
209
7
607
316
4
645
257
1
479
569
3
536
597
6
377
52
4
235
312
0
219
290
8
600
566
8
136
561
1
426
298
6
349
314
4
103
274
0
627
120
10
162
273
5
461
586
9
6
522
4
442
141
10
219
115
10
204
499
3
542
666
3
411
77
0
240
278
9
637
387
11
544
620
6
255
566
0
221
127
11
213
410
8
152
274
10
563
48
3
595
459
4
395
530
0
199
650
6
455
547
2
96
604
6
128
22
4
466
251
7
74
625
7
626
307
1
74
84
8
238
272
11
4
220
3
377
171
1
605
458
1
186
356
2
559
319
6
652
676
11
137
174
1
503
10
6
546
167
7
185
85
4
479
608
6
583
661
11
518
319
8
598
455
4
30
674
4
388
350
8
608
472
11
710
343
6
27
376
8
711
327
9
405
619
4
257
202
5
708
303
9
374
172
8
192
114
6
322
655
5
542
192
9
656
103
4
399
5
1
441
508
3
644
32
10
314
123
1
388
65
241
151
192
427
624
13
610
565
390
584
669
553
306
95
575
489
283
351
