7
7
18
8
30
81
11
78
77
10
129
57
11
50
62
3
87
29
11
12
80
9
133
73
4
26
75
3
129
73
3
46
32
4
14
86
6
134
104
11
3
68
2
8
46
0
24
100
5
106
32
2
1
120
2
21
46
9
87
28
4
105
80
3
126
117
8
77
4
2
7
107
0
6
11
1
1
137
6
61
96
9
121
137
9
68
119
2
45
146
7
57
136
9
150
51
5
83
39
11
121
101
4
66
122
10
6
13
3
63
76
7
50
142
6
27
118
6
85
80
6
12
79
3
109
99
6
60
67
5
146
15
5
80
128
6
74
120
10
121
169
8
117
6
3
80
7
4
12
72
6
99
164
8
128
127
2
159
26
2
163
12
4
77
56
5
84
73
6
163
11
7
6
124
1
135
177
4
92
109
9
164
8
9
107
81
5
97
121
1
59
90
4
152
22
4
47
57
8
63
22
8
8
179
10
152
194
11
158
172
2
42
42
4
164
51
5
88
170
2
150
47
1
138
166
9
53
198
3
93
173
6
4
32
0
31
15
2
174
10
2
150
203
9
78
165
7
1
197
7
116
79
0
202
9
8
164
211
0
40
41
6
19
54
9
32
16
6
116
203
11
76
215
3
179
10
9
139
51
1
1
219
6
59
215
4
222
210
8
197
16
3
123
49
10
5
196
7
157
27
6
147
25
0
157
83
2
138
30
4
225
77
11
111
82
3
79
113
3
72
144
9
28
230
2
197
23
8
20
171
6
140
204
7
167
119
10
86
138
8
8
213
5
213
175
1
161
36
4
18
24
3
129
197
2
53
105
7
201
110
11
234
7
10
84
221
9
33
68
1
23
186
6
114
210
7
156
170
7
35
3
2
224
111
2
141
184
3
120
104
8
25
15
6
190
70
10
203
21
1
119
112
7
38
255
4
26
138
0
108
99
6
166
262
1
36
127
8
251
177
6
136
131
10
225
210
3
130
238
2
129
258
4
29
199
8
123
221
10
39
254
10
203
43
9
40
173
1
214
219
1
51
41
7
34
165
3
86
121
9
24
268
1
99
278
0
217
246
1
69
195
3
32
38
3
25
268
5
155
9
3
1
58
3
60
103
9
6
116
3
281
224
9
277
230
8
61
197
9
275
177
11
14
89
2
239
28
7
80
265
6
151
280
4
6
189
7
281
81
2
46
19
2
191
105
5
175
180
9
92
36
1
227
160
5
80
113
7
97
133
5
2
96
5
265
18
3
155
285
4
76
108
9
238
168
6
259
164
0
284
309
11
198
224
7
75
240
10
309
305
11
174
172
8
14
196
8
172
242
10
171
132
9
29
100
6
106
298
2
19
151
2
245
208
1
32
239
9
324
322
4
142
256
2
78
275
0
260
83
9
128
326
6
173
111
3
194
314
1
294
20
1
91
215
11
80
274
1
234
109
3
183
31
5
285
214
1
190
292
11
151
79
10
170
195
7
9
262
1
106
210
6
191
215
10
340
177
9
147
23
2
142
64
9
271
0
4
309
252
7
205
285
4
174
173
2
3
147
6
191
320
1
36
122
3
321
85
11
168
113
8
134
356
11
104
64
0
313
178
6
131
314
1
53
122
5
11
78
7
0
172
8
328
343
1
79
274
10
69
139
11
15
38
1
279
220
9
206
210
0
266
285
10
98
101
11
161
126
6
372
363
3
259
104
8
89
263
1
31
194
6
110
323
8
184
377
5
139
314
4
162
174
5
358
275
11
120
342
8
109
283
0
163
242
6
170
108
6
61
16
8
165
387
7
231
219
4
58
112
0
2
32
5
137
178
5
37
53
6
113
324
8
31
79
0
143
170
6
87
19
1
310
172
5
292
169
6
307
93
3
16
235
11
35
193
10
149
237
6
135
201
8
345
11
9
366
162
4
75
301
5
21
151
6
25
242
7
121
21
5
124
338
9
367
217
4
232
93
0
387
368
11
302
317
4
273
373
0
103
24
8
336
5
6
145
200
11
2
35
4
17
356
3
344
135
2
177
90
8
339
32
5
120
382
1
147
374
7
238
93
8
289
416
9
370
39
11
110
257
9
54
381
10
49
218
6
400
146
5
145
76
7
319
343
0
182
8
9
288
159
7
342
385
11
402
106
1
358
246
8
179
399
11
169
344
2
98
312
7
51
336
0
328
112
2
424
290
6
50
320
9
409
175
8
56
84
4
381
98
1
186
127
11
150
103
11
386
42
1
446
297
2
29
278
8
51
340
5
257
167
11
219
177
5
119
338
10
207
248
8
318
62
2
434
168
0
118
199
6
203
323
8
448
5
6
419
26
4
126
372
5
207
164
8
419
154
8
346
454
3
70
426
8
225
119
9
213
196
8
364
195
11
283
266
1
227
277
9
48
33
1
218
274
2
442
292
5
203
254
7
396
455
4
360
340
2
4
432
1
263
448
7
290
177
10
389
1
0
426
427
11
459
430
9
365
179
11
480
293
6
377
39
9
93
301
2
165
408
2
112
127
1
372
278
3
241
54
5
230
302
9
411
212
10
272
373
2
402
19
3
495
302
9
439
287
1
308
290
2
95
296
7
476
79
5
104
353
7
145
259
6
113
201
7
400
281
9
271
437
6
84
298
3
65
5
3
233
470
3
463
123
10
329
329
10
53
184
6
426
220
10
216
417
0
101
154
11
305
385
3
94
501
4
406
125
4
218
399
10
116
179
11
509
445
5
445
379
9
426
256
7
282
89
9
486
464
9
409
33
0
443
319
9
43
436
1
286
385
0
45
200
2
56
441
0
474
331
5
311
409
2
304
146
2
436
180
2
356
454
4
326
242
2
469
154
8
374
165
4
79
340
4
132
479
1
219
56
11
28
26
6
154
3
10
7
505
11
388
16
4
351
543
1
504
144
10
482
169
1
548
117
2
267
42
7
305
509
1
25
267
7
442
475
3
438
313
7
286
206
7
82
288
8
397
78
3
84
224
0
30
64
1
210
61
5
560
288
8
76
163
11
246
18
11
396
458
2
149
448
1
421
33
11
316
320
0
191
296
8
480
44
1
34
210
2
176
396
1
168
344
5
483
572
3
108
528
3
315
284
11
464
183
2
382
291
3
485
331
3
92
477
0
307
533
2
384
476
8
245
276
7
176
430
3
503
83
5
583
350
11
1
361
4
535
28
10
76
358
1
539
534
8
376
535
5
219
514
2
127
333
6
413
201
7
291
107
8
509
377
1
98
11
10
187
94
0
187
563
11
74
538
1
461
595
6
133
461
0
48
473
1
378
455
4
125
597
5
455
469
1
220
208
11
120
326
8
253
414
5
297
29
2
164
450
1
375
475
1
46
65
10
530
200
6
203
62
5
417
382
3
189
387
0
253
294
10
411
47
5
352
99
2
608
247
5
128
441
7
449
406
0
219
410
5
74
349
2
97
429
0
434
89
4
131
264
8
291
65
3
29
90
0
206
149
2
441
577
11
56
63
10
29
381
9
269
528
11
495
106
10
503
294
1
24
171
5
147
638
11
480
270
4
72
620
7
386
515
4
147
332
5
349
37
1
296
191
3
459
372
9
555
549
4
532
416
6
32
496
6
160
37
4
204
86
4
638
131
11
465
563
8
32
176
5
268
430
7
638
281
6
350
138
2
373
125
9
507
541
3
536
589
10
96
139
11
654
275
0
224
237
10
47
153
0
562
462
6
244
645
2
367
512
7
212
94
11
16
412
4
198
299
5
243
237
2
268
354
11
44
80
10
3
190
4
425
278
9
38
615
6
41
281
10
476
255
11
117
431
5
580
656
3
94
163
6
92
16
5
291
484
9
507
335
11
420
491
3
56
101
11
119
546
3
362
384
0
256
380
8
570
271
1
266
218
5
113
410
10
271
73
5
573
627
3
441
326
6
81
518
2
252
151
6
657
456
9
483
298
9
121
29
2
401
200
5
267
200
2
10
616
9
126
292
11
267
278
5
426
385
4
54
326
10
601
326
4
549
691
3
433
444
0
708
354
5
567
230
4
349
211
11
132
709
2
517
328
3
314
187
6
572
195
9
145
430
0
204
527
2
167
112
7
522
354
7
200
263
9
294
60
671
41
206
95
41
594
201
64
682
201
553
598
339
88
586
35
607
403
