5
120
103
7
9
70
10
51
90
5
93
51
2
42
64
9
60
6
8
129
127
10
93
58
8
62
26
7
117
17
5
38
103
4
108
72
10
17
77
10
21
136
0
88
106
6
100
90
1
124
26
0
39
78
6
104
104
1
66
130
6
95
125
5
53
26
11
16
53
11
22
51
10
1
79
8
137
125
10
122
131
9
123
124
10
124
133
8
152
64
6
74
63
11
35
81
6
92
13
3
145
61
3
93
115
1
154
37
5
123
9
7
117
17
11
151
53
3
118
127
9
137
108
10
12
72
8
100
110
9
59
10
11
169
101
1
170
31
0
70
38
0
137
42
1
25
90
11
90
102
5
173
61
7
107
102
7
144
35
4
147
23
2
86
67
8
31
47
5
102
82
10
12
22
3
116
117
0
25
8
7
35
128
10
110
138
9
167
15
11
89
152
9
73
147
5
185
90
7
111
69
4
18
171
8
193
81
6
77
38
6
97
85
4
67
175
9
117
179
10
4
45
10
40
92
4
71
121
0
102
98
4
0
123
7
103
40
8
28
167
11
201
98
1
188
197
3
80
208
7
205
126
10
165
164
3
50
31
8
62
9
4
51
128
3
85
39
0
202
67
1
56
185
10
95
193
11
17
60
3
190
5
4
125
2
1
126
1
6
188
132
4
217
146
8
197
122
9
164
94
9
99
177
10
174
15
0
15
30
6
193
5
0
5
180
5
143
135
3
124
119
5
132
215
5
162
134
3
197
117
4
31
186
8
98
37
10
144
52
4
91
21
1
103
208
2
189
219
0
19
216
4
243
129
4
179
163
7
15
79
4
167
27
10
54
135
2
123
138
3
99
40
2
87
146
4
4
77
6
110
176
9
42
130
5
91
231
1
29
255
2
73
52
8
88
86
6
62
59
7
259
41
9
152
49
5
118
169
9
209
123
7
148
154
0
33
67
4
140
253
11
14
56
3
224
142
3
218
25
8
171
87
10
108
169
2
130
76
4
31
116
5
32
59
10
31
146
9
251
197
6
235
98
10
35
28
1
157
88
5
177
56
7
76
47
3
98
232
3
67
116
1
87
203
10
187
152
4
157
198
3
141
253
8
106
160
8
217
132
7
84
20
8
21
127
7
58
227
7
26
110
11
150
164
11
235
58
3
85
226
2
10
266
1
52
55
0
181
55
1
72
288
3
61
179
9
198
144
4
66
280
4
97
108
8
56
239
8
87
30
2
53
276
0
128
288
11
126
234
1
144
250
9
274
236
6
157
293
9
253
133
6
42
270
9
223
224
3
29
131
7
120
137
2
6
196
10
124
20
9
189
60
10
116
67
1
140
162
2
310
274
8
179
256
0
145
169
0
159
139
1
205
17
9
164
186
3
116
235
4
185
265
3
316
135
9
210
32
3
251
152
0
313
167
2
296
307
7
22
86
6
276
265
6
10
296
8
89
55
7
298
133
4
160
331
9
120
324
3
201
192
1
342
137
2
3
305
2
134
299
0
315
289
0
198
59
8
148
105
0
138
44
4
295
75
9
90
61
10
220
338
7
232
149
8
211
160
9
79
316
6
66
137
10
8
6
1
179
165
0
41
69
11
220
331
8
182
175
9
56
39
11
225
142
10
186
134
5
336
208
6
157
204
9
42
211
11
221
70
5
97
190
2
310
143
8
94
357
4
237
324
8
268
192
3
81
35
2
107
356
9
292
203
5
274
6
9
73
300
6
67
85
2
262
49
6
12
58
1
78
322
6
91
242
3
254
22
9
106
126
3
0
2
6
364
221
1
294
352
2
21
88
11
23
260
1
269
177
8
13
259
8
212
386
9
93
131
5
47
312
4
191
350
10
130
241
11
368
311
0
200
241
10
203
243
9
311
221
11
201
210
0
363
142
0
84
398
10
351
254
2
322
115
9
35
0
1
66
62
3
187
287
7
49
57
10
386
410
1
71
317
7
194
334
8
27
271
2
235
151
11
6
165
10
79
125
0
192
287
2
168
241
6
249
55
2
383
389
7
110
117
7
111
229
9
99
20
10
316
321
1
375
266
9
296
372
10
132
103
9
382
417
10
75
389
6
37
33
7
326
182
3
169
137
4
413
55
3
24
101
5
267
46
7
111
178
9
319
264
4
97
243
8
85
29
10
388
37
2
9
364
10
233
368
3
389
28
9
238
278
5
52
368
2
257
337
7
387
364
7
382
388
5
216
445
10
8
232
8
244
47
10
188
428
4
442
92
7
153
95
10
151
154
6
10
138
7
403
212
7
157
117
9
340
153
11
451
138
6
36
13
5
322
289
6
158
151
3
263
24
4
45
331
7
35
81
4
404
351
4
138
120
7
41
62
3
18
250
6
444
231
6
348
461
10
134
252
7
64
319
9
153
70
5
429
27
11
168
301
3
166
281
1
286
132
2
308
423
8
172
374
6
426
304
11
303
110
10
94
312
0
356
72
2
154
22
11
487
237
1
164
142
3
176
262
4
211
404
6
194
271
5
477
357
5
164
212
8
227
295
5
142
55
11
369
118
5
270
269
10
299
263
5
363
273
8
49
300
7
120
29
5
466
417
1
219
382
1
289
322
11
222
392
8
191
453
7
331
285
11
187
164
11
397
61
5
101
338
8
170
470
0
277
36
1
202
369
1
267
349
5
163
101
5
288
339
1
181
187
0
458
517
8
1
27
2
325
142
6
208
409
6
438
483
0
395
56
11
144
84
0
136
398
3
56
19
7
396
184
8
330
374
7
455
246
6
254
429
7
301
214
1
412
359
1
397
89
6
496
174
7
11
15
4
162
507
6
220
213
2
63
436
2
127
487
0
172
104
3
305
401
9
17
202
0
291
164
11
102
350
4
505
357
8
381
137
1
437
63
3
157
327
10
312
195
0
363
331
5
260
292
10
392
391
7
96
485
7
349
417
0
428
217
4
247
182
10
144
531
1
545
26
8
123
529
3
50
136
7
478
409
6
359
425
6
284
209
9
19
47
8
182
135
4
500
38
6
415
481
10
502
534
8
121
291
4
84
280
1
394
43
3
85
150
11
271
429
5
274
39
9
122
482
7
501
26
1
396
522
10
520
329
5
492
59
0
110
269
10
411
212
11
301
26
5
305
172
7
497
280
11
169
568
5
335
484
4
524
165
1
175
358
8
218
9
2
4
414
6
254
504
5
467
567
9
270
434
4
567
462
7
569
528
5
199
486
6
26
532
6
553
520
9
479
111
6
207
527
5
138
501
1
132
93
11
13
271
3
540
587
9
193
14
7
440
17
0
449
507
2
555
251
8
261
124
3
201
608
10
145
138
7
564
470
9
104
294
2
410
204
3
0
99
4
610
36
2
196
380
8
60
411
10
151
46
7
126
174
0
456
10
0
43
590
9
463
88
11
570
195
0
193
100
0
95
453
2
503
93
2
568
628
2
237
429
5
573
200
9
10
261
7
157
273
7
480
196
4
434
81
1
222
155
6
65
472
11
493
158
9
273
336
0
100
91
11
284
80
11
552
557
0
306
275
3
230
220
0
397
125
5
169
301
0
442
43
6
299
86
1
138
516
10
464
123
8
156
246
1
162
81
7
214
235
1
435
342
8
197
145
7
199
422
11
113
153
4
427
473
11
67
582
0
19
276
0
505
517
10
522
23
1
572
516
3
330
206
4
219
172
7
657
527
11
408
371
9
134
300
11
331
200
0
56
568
2
236
391
6
54
520
9
220
331
2
62
394
10
420
620
0
556
514
2
375
400
8
130
652
5
295
333
4
234
376
10
595
421
4
209
496
6
526
385
0
452
436
8
504
228
9
650
138
2
680
236
7
410
439
11
457
157
8
497
514
1
405
644
10
355
18
6
334
98
10
331
39
6
231
212
3
285
435
11
664
70
10
9
4
1
555
463
4
474
154
5
436
234
7
227
57
5
366
694
7
194
211
7
528
541
11
188
378
3
468
168
4
105
374
5
189
79
2
84
590
10
294
651
11
652
141
11
573
627
6
349
313
7
207
456
7
638
312
9
665
587
10
444
421
1
583
52
10
349
562
3
344
705
11
515
717
4
599
318
0
685
124
1
446
139
629
550
334
231
687
160
67
421
316
346
542
312
96
668
