3
58
29
4
78
109
10
124
115
10
44
25
9
50
8
2
94
114
3
69
9
3
122
64
9
25
19
5
23
55
4
112
54
2
16
27
8
46
70
3
103
66
4
75
117
6
80
72
8
115
99
3
85
134
6
88
54
3
140
60
4
81
110
8
26
137
1
146
96
8
10
120
0
14
101
9
117
42
6
76
21
10
17
90
1
35
13
1
38
141
4
81
51
10
80
94
7
157
45
11
26
34
11
23
38
6
11
158
4
32
71
2
99
22
11
159
29
9
10
119
11
141
101
6
65
32
3
166
138
3
122
106
4
166
144
7
52
14
4
51
29
8
30
163
4
30
107
11
30
164
5
75
82
8
127
78
2
114
49
7
86
39
0
44
60
11
155
79
3
31
70
10
135
115
3
53
57
8
78
14
0
116
74
2
182
22
8
171
108
3
49
105
2
94
128
2
74
12
9
130
65
1
171
62
4
74
60
11
166
88
10
138
74
7
9
170
0
34
6
0
4
130
11
121
3
5
35
76
1
121
114
4
104
29
7
42
161
4
86
15
11
24
152
7
23
155
0
80
77
9
57
36
11
125
175
6
165
102
6
24
9
8
81
177
8
199
88
10
142
17
5
73
155
11
25
109
2
32
58
10
140
98
9
65
82
8
109
217
0
203
1
4
173
102
0
86
103
7
209
47
1
63
217
6
105
56
5
91
55
0
23
107
2
218
203
8
206
45
5
127
67
9
185
65
2
63
212
7
207
159
9
187
9
2
24
228
4
70
76
2
8
165
0
202
187
6
157
83
11
105
53
9
11
75
0
180
156
11
238
138
11
72
40
2
42
7
2
147
62
4
235
67
1
70
52
7
206
53
1
33
149
0
41
13
11
4
235
9
19
11
9
38
43
7
95
220
1
249
123
2
210
181
0
98
63
6
9
208
8
132
180
6
139
146
4
106
241
6
183
80
6
197
262
4
159
226
0
114
103
9
102
30
9
171
32
10
7
95
4
265
117
10
189
114
6
95
42
6
155
155
5
240
209
2
261
12
3
155
210
3
233
2
3
263
172
5
151
95
7
45
275
7
235
112
2
27
182
9
94
176
11
255
126
5
74
46
5
266
167
3
102
55
1
88
38
3
129
67
2
249
17
7
246
130
3
80
161
9
25
221
3
271
103
3
131
163
11
190
187
3
99
290
6
291
78
6
172
12
1
3
78
10
103
169
10
96
164
4
191
160
2
84
209
9
218
10
8
227
44
3
246
244
5
31
36
3
120
4
6
242
264
5
68
55
4
256
202
7
171
193
3
9
123
4
292
0
5
190
281
11
293
70
9
305
82
4
286
223
5
154
61
1
120
313
11
183
239
11
25
181
1
314
95
7
86
312
0
82
117
2
126
109
4
191
86
5
213
288
9
84
7
6
135
232
5
294
53
2
199
120
4
170
111
5
196
17
10
314
308
10
191
248
7
225
235
1
332
112
9
318
228
11
126
86
10
35
63
1
4
341
6
329
152
4
303
35
6
136
175
5
210
115
0
165
208
0
106
212
9
101
288
6
200
192
7
254
322
3
52
23
0
183
68
7
214
263
6
204
303
4
201
173
6
308
105
9
342
264
11
223
30
6
74
2
4
246
34
3
197
276
2
107
285
8
102
27
2
252
311
7
297
330
2
337
123
6
239
186
7
249
365
4
211
286
5
24
303
7
50
125
7
31
207
5
82
102
1
16
284
11
146
89
11
98
351
5
155
284
11
221
362
1
200
346
2
41
360
0
148
332
0
253
40
10
285
383
0
189
225
3
63
82
2
326
51
6
329
146
3
88
55
0
312
256
11
112
393
3
269
63
0
347
10
7
76
158
6
85
147
10
206
26
5
29
319
6
20
375
4
113
15
1
200
331
6
260
405
11
194
152
8
296
274
3
162
79
2
359
69
4
396
398
5
385
297
5
40
297
1
167
7
3
364
214
10
407
39
4
247
201
4
116
331
9
52
342
1
70
339
1
53
277
3
185
302
3
348
24
9
380
9
3
73
82
9
50
5
7
421
269
9
410
100
10
417
329
2
56
209
4
258
248
6
169
202
11
374
111
3
333
117
1
33
117
11
96
342
4
336
300
8
133
288
5
300
83
10
426
404
9
241
97
9
61
46
4
148
327
5
345
76
9
305
26
11
357
360
3
16
28
3
57
392
8
14
190
0
337
221
6
204
356
3
36
184
11
32
321
0
127
57
6
31
313
10
201
314
5
430
111
6
272
271
1
302
92
1
329
285
3
460
205
5
231
119
10
351
356
2
176
206
0
72
60
0
46
329
2
373
246
7
9
402
3
85
328
10
103
18
3
410
425
8
248
254
7
166
321
9
214
211
4
15
13
11
378
352
2
361
152
2
254
283
9
8
240
10
464
103
9
407
77
8
441
200
1
385
405
0
346
210
9
398
482
1
10
440
6
242
313
9
416
346
3
231
316
2
467
413
9
251
386
4
350
318
9
487
7
2
159
277
5
250
494
11
105
96
5
52
124
6
112
325
6
341
410
0
65
288
6
170
242
7
226
486
11
361
146
11
194
420
4
471
132
9
242
112
6
143
446
6
271
303
1
76
463
7
140
424
2
252
377
8
265
272
8
469
484
7
492
315
7
458
21
3
39
417
7
197
168
0
76
49
9
7
70
6
25
151
9
478
320
9
68
14
9
236
278
10
212
32
0
484
501
6
3
303
3
89
122
9
115
237
2
299
424
8
354
442
10
148
516
2
165
318
5
357
360
4
161
520
4
488
380
8
87
141
11
457
532
11
254
43
10
463
236
5
299
246
2
320
527
4
211
161
4
61
497
7
162
263
0
57
313
8
291
100
8
180
331
2
299
370
5
507
279
0
230
333
9
509
358
4
138
166
1
385
89
4
187
202
11
327
292
9
329
162
9
93
539
3
471
109
6
127
307
4
464
340
0
207
146
7
334
392
11
50
22
3
470
214
5
250
192
4
118
18
6
191
226
3
209
156
6
7
27
3
406
388
5
503
303
11
49
418
11
126
435
9
230
379
9
469
479
3
423
281
7
9
451
6
251
14
6
530
65
2
302
459
6
315
292
5
307
85
2
506
14
2
272
326
0
483
181
5
482
244
0
327
134
11
65
233
8
303
237
10
187
311
2
79
273
9
256
497
2
145
418
8
132
337
5
132
134
2
482
34
6
130
454
5
128
536
10
328
186
6
182
55
11
322
63
5
44
193
8
182
475
1
173
84
3
355
269
5
216
232
5
159
418
11
530
357
2
257
358
2
34
462
2
491
186
7
93
467
1
235
478
0
336
613
10
593
361
7
340
430
1
94
601
3
4
281
1
22
603
0
33
204
6
356
614
1
333
402
11
453
465
3
129
603
1
342
56
4
144
61
2
5
588
7
344
143
7
502
428
6
67
133
1
316
455
9
118
575
9
104
565
11
40
19
0
390
65
3
503
569
2
578
321
3
498
155
11
53
263
11
471
296
6
272
590
2
7
251
2
1
241
3
472
211
10
297
610
4
643
394
2
41
498
4
199
468
10
641
527
8
20
382
4
366
33
3
648
506
6
441
289
11
638
379
7
594
96
9
540
603
2
563
92
6
624
271
7
192
286
9
301
506
6
93
368
7
110
171
4
313
462
8
382
569
2
631
118
4
62
8
7
267
153
7
411
156
5
12
532
0
578
351
10
439
604
4
562
405
6
197
339
8
302
153
1
356
9
9
145
498
3
473
347
11
184
485
9
2
357
6
352
455
9
272
547
2
52
51
5
204
206
11
466
623
10
631
359
9
39
531
6
358
374
9
352
640
10
20
51
6
392
96
8
230
493
1
11
244
11
94
243
3
20
77
1
582
73
8
236
637
0
667
529
1
238
474
0
54
662
6
585
698
6
389
578
0
512
688
5
416
243
5
27
256
5
399
420
7
632
544
9
681
449
2
478
690
2
202
88
8
665
705
3
113
123
2
108
1
11
668
417
10
683
687
5
700
371
11
330
143
4
349
265
11
712
464
6
586
515
4
545
577
8
492
44
11
662
192
7
19
266
8
103
396
3
646
668
5
291
682
4
142
13
363
603
611
654
346
594
261
89
557
268
347
407
640
260
