4
14
79
2
53
51
4
127
27
2
62
24
9
124
37
11
40
3
3
116
31
11
120
120
0
78
99
1
132
27
5
90
109
5
118
79
11
82
76
4
48
39
8
92
6
4
136
122
4
11
85
1
111
142
3
77
82
5
60
138
8
31
38
7
89
68
6
65
15
2
59
83
11
130
28
10
25
94
11
37
118
5
109
146
10
14
48
5
28
5
5
59
78
7
10
64
4
3
135
11
152
153
7
127
110
11
25
63
7
39
87
11
128
72
3
20
48
9
82
136
10
40
24
8
122
147
6
142
77
5
17
147
4
138
17
3
7
22
4
74
159
6
49
95
9
42
96
4
63
68
9
109
147
11
128
0
10
1
103
3
5
178
10
156
17
10
149
91
5
68
180
9
100
44
4
80
108
0
146
58
7
7
92
3
182
54
7
8
2
9
152
155
1
179
47
4
35
41
6
168
91
1
187
13
5
82
56
8
183
6
9
150
43
3
162
77
4
124
4
11
161
125
0
32
90
9
145
183
11
46
87
0
102
147
11
106
8
11
80
114
6
190
31
9
37
74
8
60
94
6
194
133
6
209
168
6
53
63
6
120
102
10
167
52
8
4
103
9
87
66
3
149
122
4
163
102
9
91
57
5
34
186
11
95
221
5
28
153
11
203
77
7
99
73
11
59
174
2
30
211
11
146
213
10
39
154
6
71
172
1
120
171
9
164
40
5
220
88
6
186
42
1
198
167
2
220
26
6
231
16
0
187
188
3
96
61
10
42
200
9
37
49
9
36
28
4
42
228
4
172
169
8
155
153
2
229
55
7
94
86
4
227
216
10
225
68
6
21
92
11
123
81
4
19
162
9
135
228
7
224
121
2
15
223
3
17
180
5
88
58
2
235
126
11
12
85
11
137
5
3
234
89
11
145
70
6
211
208
11
41
153
11
20
95
10
23
44
9
156
248
1
4
114
0
22
54
6
99
194
2
130
155
1
172
5
10
246
227
11
249
16
9
212
68
3
72
92
9
168
149
1
192
82
0
27
278
8
164
107
5
105
25
11
237
19
2
197
267
9
101
74
8
245
71
7
24
214
5
177
56
0
150
243
3
94
265
11
129
132
0
5
195
10
132
107
3
289
161
3
27
244
5
114
198
3
246
95
2
88
199
1
271
29
7
127
174
0
276
78
7
157
221
0
231
282
11
285
177
0
119
259
9
143
221
7
293
109
11
134
92
11
246
175
10
213
123
11
74
293
2
11
280
6
243
162
1
154
222
5
288
103
0
305
297
10
89
161
0
214
133
3
46
232
6
234
277
7
136
72
9
259
247
11
30
36
6
42
313
1
2
172
9
66
103
10
72
160
10
228
78
8
212
37
9
99
178
9
184
216
7
319
293
8
251
264
1
20
100
6
9
243
4
236
257
8
301
21
11
228
212
2
132
266
2
230
189
0
4
128
3
71
268
4
256
277
8
202
71
4
234
307
9
30
44
5
0
58
1
146
199
4
228
6
0
48
234
10
122
337
6
250
62
2
130
153
7
254
113
1
149
248
8
90
263
2
48
153
3
328
36
2
212
22
6
255
196
8
108
274
0
356
340
1
142
327
0
301
81
6
45
341
5
14
143
0
0
245
9
356
325
0
139
306
1
339
274
8
25
162
9
235
206
7
148
50
11
199
91
1
27
342
1
47
337
2
207
214
11
231
242
1
154
271
10
118
154
9
290
354
0
172
343
1
315
348
3
32
156
6
176
89
10
152
211
4
239
142
11
364
224
0
52
169
8
39
183
9
294
235
0
123
349
4
144
64
1
319
252
9
209
229
0
238
153
2
136
41
2
188
328
1
193
145
2
293
357
5
333
73
6
367
22
11
250
373
4
371
85
6
380
25
5
60
126
1
189
118
2
129
61
0
40
324
11
408
92
7
45
335
3
329
46
9
277
382
6
360
147
5
216
39
7
324
105
4
157
257
3
203
357
5
370
124
0
308
336
4
112
324
11
95
103
8
212
16
3
5
93
9
253
58
10
14
77
6
272
76
9
65
106
10
147
291
6
109
391
4
150
198
5
366
193
6
201
371
7
281
79
9
69
104
10
209
320
5
58
347
9
229
333
11
197
402
2
432
361
2
44
406
4
374
260
3
230
61
6
338
235
9
129
250
7
409
275
0
56
246
2
365
160
7
300
417
6
20
375
10
112
75
1
205
390
5
170
406
9
172
79
6
258
186
9
124
138
1
408
265
3
237
286
9
303
148
6
449
19
9
413
189
6
157
446
7
146
427
4
297
289
5
195
293
10
414
22
9
348
62
1
295
79
4
49
410
6
169
117
7
267
389
6
439
112
3
170
301
8
157
233
8
347
147
5
470
139
7
120
447
11
265
126
3
369
170
6
455
96
10
154
90
9
59
376
2
478
240
6
425
261
11
264
78
11
416
384
3
314
209
7
16
303
9
306
484
11
484
354
0
201
241
8
199
11
9
477
469
2
282
328
11
164
102
5
141
314
11
153
196
0
97
174
9
243
152
4
123
405
1
173
334
0
213
86
8
231
65
11
410
254
8
351
241
8
218
66
10
370
17
2
48
343
5
219
366
1
469
168
11
395
488
6
66
387
9
478
455
0
108
218
9
301
38
10
44
125
5
506
133
1
242
262
10
327
29
1
280
446
9
316
400
3
30
271
4
489
67
4
295
65
7
339
431
8
35
121
8
518
382
6
305
364
9
322
238
5
285
404
5
129
21
2
365
51
5
328
85
5
437
401
11
101
452
6
389
491
1
26
295
10
364
20
6
89
237
2
96
91
0
350
417
6
311
449
4
467
137
7
42
384
10
443
539
6
87
277
8
390
26
8
326
524
7
23
315
7
294
478
6
74
0
6
258
337
1
168
171
2
397
90
0
150
314
2
546
501
4
276
205
11
543
353
3
122
364
2
330
496
4
126
552
11
221
226
3
336
392
3
16
251
11
217
65
0
50
234
4
386
247
11
60
99
10
11
114
4
466
359
9
246
318
5
397
194
1
441
283
8
164
556
3
252
13
9
328
497
7
197
495
1
362
82
10
404
543
9
157
134
3
7
546
6
44
52
0
181
523
3
202
505
7
542
44
4
455
153
6
20
466
7
478
189
5
21
279
9
111
91
5
229
361
9
270
586
1
355
195
5
461
380
3
100
507
7
189
203
11
398
314
2
477
334
9
156
180
5
398
296
5
377
101
10
576
452
6
210
347
10
427
88
0
288
41
2
202
144
11
430
336
2
386
606
10
51
586
4
294
153
5
458
241
5
374
439
3
496
549
8
91
230
7
344
296
2
174
457
3
71
382
8
337
506
9
406
117
6
522
571
9
420
104
9
207
449
4
241
278
5
324
18
11
236
371
10
545
158
10
587
433
5
118
221
0
297
576
1
541
25
9
257
222
3
194
561
4
402
76
9
119
514
2
39
208
8
41
399
9
294
211
3
214
147
6
271
602
5
439
620
2
146
586
2
598
126
0
57
626
10
504
112
2
568
310
6
600
204
0
470
92
2
635
311
6
310
568
4
164
221
10
630
648
2
165
129
0
436
181
7
216
607
7
158
632
3
268
496
4
71
485
4
98
223
9
214
254
4
226
123
2
262
249
8
62
274
4
498
367
8
193
59
11
10
274
3
482
354
4
366
399
9
76
649
3
253
603
3
579
479
11
529
65
2
401
532
1
241
294
0
294
452
9
423
413
2
406
555
8
111
25
1
598
662
2
335
18
0
670
175
10
124
284
6
306
544
6
542
48
10
611
332
4
208
254
0
55
572
9
174
101
1
343
527
1
290
289
2
571
622
0
399
10
3
272
271
3
419
439
0
52
600
3
311
611
9
127
380
6
159
386
0
325
426
6
58
386
7
619
543
8
96
182
0
103
200
10
675
429
5
263
251
11
144
124
3
586
388
3
540
106
11
607
679
9
319
320
2
320
705
2
638
631
9
558
498
10
263
601
11
661
226
1
246
495
3
613
494
2
369
319
9
426
556
6
455
659
11
383
715
10
262
422
3
43
512
3
118
141
5
258
693
4
107
396
11
0
501
0
716
700
10
276
608
595
408
572
403
404
373
416
106
274
279
522
623
356
721
