5
99
126
10
99
70
9
121
7
5
53
129
10
46
76
7
63
60
3
94
44
8
72
93
0
21
129
8
47
124
8
74
2
2
97
21
9
25
67
3
53
82
10
12
133
9
79
134
10
88
96
11
98
120
4
52
28
0
16
58
7
127
20
5
22
76
4
105
125
9
147
139
2
98
121
8
46
15
3
14
29
0
65
119
10
43
128
7
97
69
4
26
83
11
111
153
4
148
103
6
12
86
8
92
84
8
101
16
5
88
42
5
32
77
6
86
145
11
161
128
3
136
96
5
58
162
1
163
50
1
163
146
0
140
141
10
129
142
6
95
48
1
78
151
8
142
141
7
89
79
8
77
164
8
128
3
10
147
165
4
172
124
6
7
118
3
65
83
5
136
12
3
47
15
6
119
128
0
4
98
10
162
176
11
101
92
4
48
90
9
42
169
5
87
58
10
180
33
3
119
120
8
32
134
10
154
180
0
72
91
9
173
114
6
124
88
8
146
165
4
76
131
8
40
186
9
120
8
11
69
72
11
96
10
3
82
164
7
168
154
1
16
155
5
84
63
10
111
175
3
54
132
1
53
39
9
207
184
1
46
81
10
0
41
0
57
159
7
87
181
6
135
193
5
70
69
9
1
58
9
66
99
11
54
163
8
106
116
7
33
8
1
23
205
8
40
26
9
159
178
3
208
31
10
2
103
2
145
9
4
97
111
0
69
228
8
158
113
10
178
127
0
87
125
11
221
4
9
61
87
4
104
166
5
138
117
10
148
64
3
97
75
6
130
235
5
77
193
4
119
163
5
212
161
11
187
6
8
87
226
4
19
114
8
27
228
5
233
144
9
62
132
7
56
214
6
223
78
3
202
152
10
22
19
7
34
213
8
139
133
2
167
126
10
128
67
11
37
214
6
228
72
5
40
86
7
75
109
3
98
196
9
66
134
10
235
150
8
11
96
10
95
111
10
70
142
11
200
128
9
189
112
8
105
7
8
89
36
4
44
175
4
171
220
11
150
208
9
17
6
7
10
223
11
233
115
9
35
193
2
79
201
11
44
120
7
31
117
7
266
32
5
139
86
8
285
249
7
150
234
2
243
276
1
33
176
1
262
78
7
180
133
8
266
85
4
270
73
11
160
71
11
256
154
6
148
295
5
100
66
2
67
238
0
173
107
0
32
225
8
92
17
6
292
232
0
107
176
10
111
163
6
61
34
8
34
266
0
188
53
10
245
238
1
22
141
2
107
96
1
304
91
2
101
153
0
195
162
9
33
266
7
52
228
3
13
241
4
87
32
5
148
32
11
86
101
0
3
146
1
203
186
9
38
189
1
91
237
4
109
243
3
29
286
8
90
229
0
307
234
6
69
218
7
101
49
10
139
246
3
327
166
4
81
131
8
64
3
2
29
110
2
151
186
11
152
93
5
114
65
5
30
265
11
19
103
1
334
137
10
204
337
4
328
256
10
318
130
3
238
225
5
112
126
1
116
171
10
161
213
11
130
101
1
304
242
9
32
153
1
207
274
4
145
276
11
201
62
3
171
265
11
60
26
5
286
71
5
35
235
7
194
304
9
299
125
6
74
70
1
237
201
7
62
269
2
341
167
11
33
216
4
241
33
2
135
47
5
118
266
0
248
277
2
301
357
0
121
288
1
331
13
5
20
230
9
165
64
5
298
266
6
367
114
10
240
251
3
49
212
11
62
221
7
214
351
4
295
56
4
151
333
9
184
69
1
199
152
3
158
210
8
195
291
7
22
45
10
92
20
4
111
190
3
69
9
0
358
86
6
351
245
4
359
249
1
385
88
1
90
257
9
85
368
5
45
70
11
157
381
5
62
125
10
156
92
8
35
224
8
329
99
5
29
398
1
144
231
8
42
172
8
107
355
2
244
329
4
280
284
1
76
327
4
131
50
11
248
311
8
408
156
8
110
379
7
195
29
7
201
262
6
207
34
11
291
329
3
250
174
8
134
88
4
209
159
11
207
210
6
292
309
5
61
1
2
311
359
6
73
24
8
217
343
10
170
210
8
44
53
11
239
246
10
341
268
5
350
412
1
415
139
5
7
153
9
42
227
3
72
395
2
93
340
11
6
223
0
304
268
8
179
109
6
220
47
4
400
311
3
332
109
8
411
270
8
405
244
9
336
368
2
216
229
0
431
359
0
33
5
9
258
431
7
305
441
0
55
414
0
173
54
9
14
344
5
181
284
9
419
20
8
151
314
3
252
432
6
131
289
7
325
250
4
197
299
0
77
442
11
378
196
3
101
46
10
281
249
0
79
261
11
265
166
2
273
222
5
447
344
9
366
3
2
433
107
3
238
115
10
118
25
3
299
131
10
15
129
0
262
446
1
386
191
6
45
217
8
15
304
9
290
145
10
48
413
8
343
479
11
332
371
9
428
301
3
409
282
0
107
468
4
170
272
2
127
417
0
318
39
8
164
416
7
378
168
7
173
9
3
175
422
1
336
88
0
231
358
5
70
299
2
476
5
1
434
108
6
339
386
2
342
239
5
365
364
2
272
99
5
403
207
1
35
464
3
158
324
6
416
251
4
192
407
9
284
330
6
361
379
8
442
436
5
391
9
7
359
86
7
262
463
5
173
505
9
9
298
11
329
90
4
112
186
3
382
183
0
370
509
10
149
124
6
209
516
11
389
156
9
162
454
6
403
125
9
400
1
0
93
303
0
368
376
5
498
44
4
212
322
11
280
11
2
72
22
5
167
197
8
256
391
9
241
450
11
57
306
2
97
291
3
53
64
7
309
160
8
5
185
2
284
159
11
529
504
6
149
463
9
115
198
6
281
408
0
439
66
9
351
96
11
323
26
0
25
301
8
98
131
2
172
77
1
14
350
2
513
508
2
501
380
8
131
309
10
280
73
0
350
513
6
25
374
7
56
1
1
0
280
11
331
352
2
225
254
11
428
475
11
441
139
4
230
362
6
505
547
0
405
58
7
324
0
4
526
218
9
256
107
8
271
18
6
307
476
9
15
409
8
382
168
11
238
545
5
253
77
11
485
254
1
447
384
10
419
538
9
46
335
5
20
355
8
350
97
8
307
289
5
196
215
3
370
233
1
247
412
0
284
509
3
242
236
8
45
412
9
512
409
10
46
130
2
36
575
9
454
572
6
285
146
11
371
84
7
159
186
3
194
543
6
122
177
9
20
272
9
89
101
11
510
66
6
31
221
7
48
303
6
457
498
11
35
414
10
362
22
9
0
234
8
353
38
10
428
491
10
83
94
0
429
189
3
117
154
10
17
282
10
241
28
7
141
105
4
44
263
4
70
165
4
551
204
11
603
67
0
469
496
0
331
99
8
315
293
4
560
297
7
428
472
1
619
478
10
282
138
8
137
439
3
170
124
10
165
567
6
531
31
9
528
389
10
298
313
10
485
43
9
2
176
7
28
409
8
399
322
7
202
275
1
490
471
1
111
23
4
405
582
11
300
463
8
317
190
4
361
302
11
308
591
4
11
103
2
443
141
2
532
584
5
522
565
2
11
102
2
263
456
0
168
386
0
345
489
8
467
637
8
471
63
7
349
441
8
14
229
1
64
370
2
513
260
8
601
288
6
414
91
5
469
305
2
379
606
8
255
653
7
24
228
1
354
80
1
46
581
10
96
335
3
294
380
7
490
578
3
627
344
8
16
123
5
389
578
8
67
218
5
380
204
1
284
40
10
95
525
3
644
206
11
660
21
1
14
371
7
553
578
10
677
320
8
581
267
5
318
273
9
638
71
3
330
166
9
663
319
5
400
226
0
29
602
4
556
108
11
248
410
1
574
599
3
568
172
11
538
67
11
58
180
0
310
274
8
669
434
2
494
228
6
244
7
6
495
436
3
649
424
8
288
69
1
693
436
2
499
613
1
60
161
7
210
331
11
467
184
1
374
409
8
412
207
8
321
341
5
142
541
9
566
219
2
451
617
7
528
476
7
424
630
0
548
440
11
529
634
4
439
506
3
330
391
1
51
376
9
51
310
2
427
146
3
396
35
9
202
101
1
630
609
11
531
221
8
209
328
5
194
182
7
648
321
1
577
102
7
233
78
76
124
252
331
51
568
14
180
267
637
55
325
463
634
