6
34
107
1
71
28
2
70
82
5
66
47
8
56
47
3
18
83
7
25
84
6
80
16
10
120
71
6
84
29
1
48
79
6
35
40
11
95
13
6
29
68
6
52
99
11
126
91
2
85
91
10
83
73
1
100
12
5
42
4
8
136
146
0
70
128
0
64
101
11
117
37
10
47
110
3
126
26
4
120
24
6
102
6
11
135
105
11
83
122
8
56
80
7
73
92
10
145
7
0
46
36
11
73
48
7
142
32
7
101
14
5
7
63
9
138
82
7
75
40
5
8
50
9
7
160
1
20
96
11
19
139
5
152
42
4
167
97
3
86
148
8
7
133
0
101
65
1
103
52
8
54
82
6
42
85
0
75
164
3
122
130
5
176
105
4
40
132
4
85
135
5
40
151
8
37
10
8
2
31
5
118
56
1
175
72
2
90
37
8
143
57
11
90
167
10
89
140
11
167
5
7
12
66
3
168
33
4
1
29
1
104
14
11
50
23
5
15
162
7
178
151
0
38
125
0
136
76
11
67
160
7
103
120
0
7
115
11
37
179
8
165
132
5
16
194
5
142
188
10
97
189
4
69
208
9
28
98
0
23
93
0
125
165
0
74
191
9
191
37
0
151
66
10
56
166
10
48
207
7
160
52
8
84
213
1
189
189
3
133
97
1
146
143
9
43
0
10
88
185
1
7
80
10
144
84
0
13
131
3
84
6
4
231
213
10
44
5
9
72
59
3
5
163
8
13
137
10
44
135
0
100
198
0
185
235
2
27
172
5
134
38
7
82
174
11
113
242
5
39
144
10
124
43
6
194
102
1
42
56
3
230
220
0
34
141
1
193
77
10
226
29
6
120
74
9
221
60
0
215
35
5
119
88
3
255
50
1
68
142
11
250
194
9
128
34
0
227
223
8
92
109
0
211
114
4
33
148
10
35
28
8
116
224
9
111
219
10
134
65
1
226
185
11
256
94
7
200
112
6
252
120
4
3
105
8
261
119
10
120
95
8
254
175
7
107
60
1
21
190
2
79
114
9
230
274
2
241
26
9
90
197
8
71
54
4
123
124
11
161
182
9
123
174
3
47
93
10
278
241
11
159
62
2
51
20
4
275
114
1
168
234
8
127
252
10
18
93
3
280
0
1
185
54
1
249
222
0
107
284
5
176
272
3
7
130
6
36
247
7
280
151
6
54
182
2
129
194
1
221
167
6
120
224
9
101
232
10
205
116
2
90
27
4
225
247
9
39
107
9
253
211
5
238
36
3
137
296
3
129
249
2
152
95
5
202
69
10
277
238
5
229
240
7
204
65
10
226
199
9
35
314
4
116
225
9
2
182
4
184
207
10
226
181
8
107
197
3
2
260
5
129
295
7
315
227
10
260
278
11
57
37
9
251
292
3
208
23
7
103
186
5
157
29
4
58
46
0
226
60
11
124
238
1
166
80
6
339
246
6
300
56
8
333
238
3
152
80
10
38
21
11
329
310
2
43
316
6
177
327
5
79
142
5
110
233
4
176
71
4
158
191
5
99
18
0
65
131
11
108
196
6
294
289
9
291
302
5
82
277
5
279
133
2
42
26
3
283
115
5
327
141
11
337
106
1
179
323
3
284
159
11
171
224
9
170
30
5
17
347
9
94
13
5
73
138
3
226
276
10
55
155
4
157
41
4
210
196
11
48
50
1
205
172
9
314
147
5
131
44
8
194
175
11
255
5
6
30
316
7
255
92
10
356
184
5
340
119
3
211
263
1
95
232
9
377
344
7
260
225
10
59
83
3
281
57
5
329
376
10
369
0
10
185
103
2
289
162
5
158
285
8
23
148
2
14
74
8
348
339
6
324
299
8
275
278
0
385
140
1
357
219
1
5
294
4
265
340
9
306
282
10
203
335
7
211
222
6
4
265
4
305
28
8
112
339
7
201
175
0
12
93
9
244
409
7
341
263
5
250
286
4
190
193
7
367
225
4
129
358
11
385
167
11
358
62
6
375
130
7
389
277
5
19
173
11
331
19
10
347
356
5
61
286
2
225
396
8
6
75
11
242
115
3
111
7
5
389
2
8
67
290
7
249
174
10
393
379
11
123
151
0
201
373
11
110
94
4
161
380
8
267
227
4
357
434
8
320
142
6
167
144
2
305
2
6
73
79
8
28
260
4
196
16
8
201
59
11
181
122
6
346
201
9
186
335
7
70
386
0
107
298
7
97
315
2
347
75
11
120
271
6
249
181
11
135
15
3
183
64
8
161
74
0
182
308
5
107
178
10
373
438
8
240
427
2
380
24
5
305
331
3
271
226
7
372
74
1
390
412
0
169
333
7
175
363
7
102
448
5
123
357
2
344
91
6
143
156
10
152
316
2
464
413
9
8
88
9
301
237
10
165
70
8
117
172
6
92
36
6
457
339
4
126
288
0
477
218
1
315
440
7
456
188
7
360
245
8
40
214
7
454
391
11
180
269
7
416
327
3
295
194
1
442
353
2
4
138
3
23
307
4
374
261
1
413
141
3
439
51
4
307
67
6
493
63
1
407
262
11
426
320
9
112
270
7
441
269
2
357
290
8
28
437
0
318
220
0
270
254
5
78
37
1
483
331
3
381
136
8
301
271
3
94
172
3
468
232
10
181
37
6
504
105
5
511
14
8
371
450
1
250
155
7
317
271
5
88
322
0
396
432
0
347
510
6
295
167
1
174
415
5
512
461
4
343
102
6
379
464
2
85
173
11
240
343
6
90
254
4
419
53
0
479
36
6
182
368
11
438
65
8
456
394
7
423
253
8
479
195
9
72
41
4
362
316
10
116
370
5
217
332
11
165
10
0
418
342
8
477
506
7
242
12
5
43
210
10
209
267
1
515
431
2
205
221
4
456
518
4
374
267
5
519
388
5
473
274
1
274
319
9
456
303
6
116
318
5
289
14
10
386
124
0
534
259
2
220
434
8
332
168
6
301
254
8
493
154
5
281
86
10
153
281
6
234
352
8
463
182
3
251
425
10
246
208
10
131
114
2
227
361
5
149
388
2
44
389
11
117
466
6
35
532
4
36
177
7
501
385
10
214
201
2
540
459
11
503
299
2
425
79
5
44
471
10
510
512
10
281
482
6
159
215
9
242
250
10
470
194
7
200
325
10
159
315
9
416
73
0
158
113
7
155
181
0
395
88
9
54
277
10
244
131
5
586
236
5
285
450
7
215
357
4
177
498
7
335
504
7
271
337
6
511
577
10
231
10
8
77
230
3
397
495
3
252
374
11
190
460
7
226
36
8
220
252
3
7
22
0
193
456
10
538
175
0
412
249
4
47
383
6
506
519
0
519
354
5
552
97
5
38
391
10
392
215
3
502
123
9
386
239
8
29
207
9
22
302
0
609
304
10
136
584
10
456
106
7
501
290
0
325
28
8
129
584
1
472
553
8
350
565
6
143
8
1
536
421
11
296
218
5
175
430
9
436
545
6
387
53
0
114
234
6
541
132
1
222
82
7
500
17
6
466
335
3
612
422
10
277
529
8
511
613
9
169
485
2
44
64
3
107
618
11
512
408
2
433
338
3
6
268
8
587
309
11
236
240
0
359
234
3
528
501
10
324
106
0
555
538
4
598
165
10
434
287
2
376
477
11
104
409
3
141
112
8
90
572
10
489
546
10
520
348
9
585
362
9
589
631
7
204
320
11
178
524
2
472
117
9
302
322
2
193
236
10
312
278
4
358
401
8
65
353
10
219
532
9
313
568
2
267
377
2
195
506
2
308
363
8
353
598
11
681
487
5
84
140
1
112
444
10
102
75
9
601
523
10
164
153
7
543
543
3
525
74
0
638
91
0
448
484
9
664
515
7
153
49
11
107
525
1
331
113
4
97
110
5
464
574
3
558
249
8
99
195
5
75
582
8
171
59
4
559
328
9
660
664
7
152
232
2
484
656
1
360
281
10
366
184
11
151
552
2
189
360
2
3
559
9
350
331
8
664
501
1
591
248
9
255
324
10
517
42
1
662
198
9
223
532
11
610
670
10
90
635
8
304
640
11
562
633
3
477
226
5
356
249
2
588
404
3
151
306
6
79
176
5
598
488
588
6
435
548
176
712
273
385
97
35
397
13
433
53
