7
25
23
10
91
47
1
3
53
6
6
125
2
28
86
6
70
28
5
6
21
1
1
73
9
19
12
1
126
94
8
124
76
0
82
58
6
109
82
11
108
36
4
45
44
5
25
4
8
136
73
5
20
44
3
73
107
1
119
112
2
37
67
4
1
59
2
146
116
8
149
123
4
80
82
10
47
139
11
107
57
1
76
75
4
5
80
4
99
113
4
27
48
1
147
116
2
138
64
9
148
22
11
11
20
5
161
109
1
10
117
4
15
21
8
52
52
9
87
34
5
162
109
9
114
165
0
55
22
2
28
92
9
168
121
0
30
50
7
169
152
8
173
29
1
67
67
8
170
115
6
50
78
4
18
102
6
51
92
1
29
33
5
24
149
3
139
80
9
122
54
4
88
62
6
9
67
9
94
55
8
162
45
8
59
163
11
143
159
0
14
183
1
56
94
8
104
44
7
63
19
4
192
39
11
141
163
3
187
0
0
41
42
10
171
122
1
93
13
2
149
44
5
123
112
9
41
33
8
25
134
7
126
35
2
87
12
3
68
124
0
142
195
11
8
141
0
194
44
5
46
6
1
170
115
8
93
211
6
55
205
5
6
189
0
149
87
4
136
199
9
184
6
4
188
60
9
202
140
0
154
96
8
159
15
11
72
0
1
43
211
8
51
101
11
8
143
7
71
115
2
209
18
9
105
80
3
21
225
0
96
174
10
3
229
3
226
190
5
76
198
1
146
162
10
191
158
9
25
65
2
208
50
2
132
230
8
34
150
6
53
77
2
100
126
7
226
43
1
3
109
5
159
8
4
170
192
10
120
55
3
41
201
1
42
150
1
193
188
9
232
159
6
161
57
5
78
73
8
157
230
7
86
177
2
99
211
0
28
143
1
121
126
9
136
223
5
43
79
7
194
112
9
244
201
1
13
80
9
47
100
9
261
234
10
109
194
10
45
17
10
199
211
4
180
175
6
62
123
2
118
220
6
229
198
3
248
8
4
120
163
7
60
192
9
195
162
4
199
147
7
188
219
10
133
213
3
258
175
6
165
38
6
123
73
11
35
175
2
217
99
11
219
211
3
231
276
4
12
62
6
115
30
6
279
150
8
232
143
0
262
117
11
67
143
10
38
215
3
106
56
4
214
33
8
161
40
2
104
25
0
1
72
1
58
211
10
250
84
11
299
47
11
86
261
2
290
262
5
299
150
6
160
43
10
230
218
10
53
279
9
267
20
6
173
94
6
11
305
3
194
202
9
281
36
6
216
155
10
50
223
3
300
43
1
74
248
1
148
52
10
139
27
2
86
143
2
148
190
0
271
275
6
220
95
6
48
271
0
35
292
10
57
146
6
207
89
7
154
309
10
176
193
4
225
294
11
42
88
2
180
258
4
281
248
5
180
90
10
280
283
3
230
165
11
333
313
4
331
118
9
283
181
7
227
129
1
186
202
6
300
305
9
287
281
1
47
105
0
322
47
7
266
171
4
209
274
11
125
341
2
148
270
7
341
80
5
230
127
4
219
223
0
277
285
8
125
81
10
132
183
1
145
159
6
53
355
9
111
152
7
135
11
10
345
27
11
13
37
7
204
90
0
69
83
4
60
186
8
47
3
1
196
288
7
344
57
0
339
254
11
201
40
3
297
124
7
0
324
7
340
283
1
329
13
0
318
68
1
92
90
3
137
170
4
30
145
9
230
301
0
240
138
0
322
377
6
175
363
8
24
151
7
211
6
10
109
370
3
316
55
4
370
174
5
319
128
8
216
118
6
138
216
7
46
46
0
387
207
6
293
191
3
315
156
2
351
245
0
4
157
4
39
147
2
318
230
4
158
50
7
256
176
5
233
261
2
129
325
0
90
366
3
99
172
4
272
74
2
211
281
10
54
176
11
26
229
1
312
180
11
72
402
5
91
315
11
217
133
6
238
116
6
71
371
7
123
167
10
356
246
1
26
334
6
408
125
5
94
175
5
43
146
2
23
189
2
355
47
7
323
205
11
133
410
6
17
171
8
68
46
9
320
92
2
165
174
7
341
185
7
132
315
10
278
427
10
184
193
2
66
315
11
196
252
6
105
247
6
263
20
1
241
178
2
417
143
1
43
105
11
65
122
2
157
156
10
284
85
0
422
207
0
235
348
9
415
124
11
164
35
9
234
40
11
152
255
8
11
345
3
218
184
7
319
118
3
273
223
8
398
48
5
41
340
1
385
7
10
437
369
0
331
262
3
172
245
4
401
356
5
276
366
5
320
139
9
291
355
4
277
16
8
460
199
7
458
383
4
152
318
9
123
251
5
63
128
5
253
413
6
240
321
7
328
150
0
71
317
0
297
210
9
76
347
0
88
201
2
120
377
0
204
111
3
74
245
10
107
231
11
436
76
10
289
446
7
271
438
0
149
75
7
352
196
4
419
168
7
284
88
6
281
393
9
313
430
8
347
410
8
350
364
11
101
217
9
280
71
3
13
405
5
441
206
11
272
268
11
418
223
10
351
253
2
40
470
8
280
405
7
116
115
5
287
453
1
108
303
11
213
230
4
247
248
7
194
167
9
209
362
8
162
28
1
112
490
7
413
244
4
170
456
8
25
222
11
131
402
0
330
167
10
51
144
9
243
51
10
151
56
5
471
443
0
73
144
4
473
205
6
141
292
6
467
441
8
35
276
1
42
36
3
198
439
7
92
400
4
414
399
8
367
387
8
6
249
6
396
450
2
176
322
11
68
190
10
529
36
7
155
372
4
339
400
7
376
300
4
363
512
7
212
423
8
279
176
7
246
409
0
272
338
4
353
23
3
185
42
0
93
459
2
150
524
4
265
336
6
424
454
7
187
21
9
42
448
5
403
21
2
274
155
8
274
529
6
99
322
9
384
430
1
43
234
0
500
169
2
299
408
0
392
104
11
413
151
7
165
313
2
277
402
2
324
409
11
379
337
2
353
262
4
315
209
5
446
402
7
234
266
5
40
251
5
547
360
2
559
534
11
354
205
6
391
187
4
53
420
2
92
160
6
154
264
6
101
548
9
490
112
3
317
391
9
298
26
9
76
468
7
550
502
10
349
193
5
155
276
5
26
358
10
569
498
7
421
331
4
10
403
5
19
337
5
56
237
9
24
559
5
368
335
9
14
272
4
569
241
7
581
510
1
516
384
6
62
517
0
307
328
6
129
205
11
183
16
6
267
336
5
181
245
3
129
474
5
301
538
9
107
237
1
135
214
2
268
549
4
568
507
4
504
604
1
26
512
5
432
448
5
420
222
0
207
108
6
569
433
2
474
110
2
358
484
1
420
156
8
28
510
3
225
603
3
60
432
6
22
290
4
579
478
9
521
224
4
481
604
6
22
162
10
372
468
10
501
606
1
285
133
2
215
141
6
352
258
2
126
324
1
258
282
5
482
531
8
191
383
3
19
566
2
43
498
3
381
511
4
240
309
4
60
606
9
135
529
11
163
250
11
83
372
3
517
91
3
105
146
3
337
421
8
308
61
8
454
20
6
7
500
0
642
409
2
2
605
6
387
300
6
244
250
2
61
498
2
532
440
11
484
77
6
589
120
1
643
640
4
159
483
4
278
370
8
589
115
8
549
255
10
652
88
7
54
157
10
390
614
6
419
326
3
656
372
6
511
189
11
638
384
2
158
499
4
583
547
8
525
308
1
484
190
5
582
400
2
608
536
0
518
274
3
76
491
7
252
69
2
472
564
8
427
630
1
221
558
7
180
425
1
115
512
8
77
503
2
139
289
2
517
150
0
100
57
5
519
267
9
391
595
6
140
543
0
349
575
2
264
461
1
50
223
8
544
193
2
185
688
4
568
21
11
47
434
6
646
147
6
221
402
11
403
660
9
162
113
2
421
119
6
80
299
1
387
82
3
75
565
7
345
548
6
494
441
7
234
422
4
186
139
9
281
179
3
19
477
11
673
600
6
681
138
10
527
220
5
543
122
7
294
520
3
76
82
2
96
625
7
683
670
11
571
305
11
281
156
11
429
224
7
301
301
3
502
134
2
314
612
6
461
528
2
121
101
7
186
110
4
318
540
8
522
382
7
146
602
10
172
588
550
305
671
501
225
159
