2
26
12
1
54
29
2
18
3
3
104
117
4
116
29
10
11
126
9
33
113
5
96
8
4
111
15
5
21
106
2
45
57
10
74
133
7
129
82
1
19
124
8
137
136
10
77
31
2
129
89
7
15
5
11
130
142
9
10
132
0
103
83
9
53
35
4
73
95
3
8
108
5
146
139
3
133
136
11
58
67
4
56
148
7
49
26
10
30
31
8
102
40
11
62
20
3
126
121
7
22
43
10
94
101
10
139
78
6
162
39
8
80
18
10
73
157
2
0
128
2
109
121
5
76
89
6
84
96
11
81
75
8
26
98
8
101
27
0
77
21
0
55
136
2
110
56
11
38
128
2
111
109
9
175
12
8
15
87
11
121
160
1
73
90
8
147
42
0
10
175
11
150
91
8
119
78
3
180
54
3
150
186
8
134
145
0
155
57
1
148
18
11
40
53
4
0
2
2
185
14
1
80
176
3
119
26
1
29
30
0
32
82
0
55
58
1
21
176
9
8
119
6
84
88
1
83
161
9
10
15
11
74
137
11
82
158
11
151
150
3
190
72
9
60
158
7
2
70
0
164
198
3
33
62
1
159
144
9
135
8
1
3
212
10
202
67
9
134
110
4
76
27
2
143
132
5
112
100
5
36
214
6
133
85
1
109
110
5
183
115
6
121
92
10
20
44
10
217
114
10
21
122
1
165
148
0
42
24
4
77
127
7
149
97
5
19
113
3
195
160
9
107
181
8
95
97
9
205
155
1
165
227
7
68
230
10
91
222
9
106
35
9
146
168
4
206
155
9
128
201
11
5
83
3
110
115
4
211
104
1
108
100
5
56
117
3
198
115
1
27
48
0
82
124
11
213
198
3
123
189
8
214
186
8
68
232
11
68
37
9
240
141
9
153
22
4
132
145
4
243
100
1
108
137
4
152
111
3
14
117
1
164
156
8
18
134
2
235
56
3
251
94
1
139
20
5
98
224
8
260
263
7
84
241
10
4
23
1
2
67
3
177
273
3
57
217
1
206
247
3
79
24
10
91
84
4
164
277
4
266
151
6
66
17
3
83
255
3
170
89
11
28
260
9
128
200
6
238
183
3
87
193
9
95
254
0
114
64
8
72
196
10
208
240
4
158
232
10
269
290
0
123
7
4
217
275
9
241
158
0
139
239
7
247
199
10
61
94
4
80
227
9
258
44
10
6
134
8
115
81
7
115
226
1
260
107
6
215
240
10
66
200
10
127
74
7
127
68
8
22
159
6
92
23
10
246
67
10
307
197
9
175
92
10
277
122
10
12
83
4
119
224
9
51
233
8
109
64
11
213
90
6
290
135
10
162
270
11
190
133
11
285
3
8
277
131
6
281
250
7
87
43
7
318
262
9
57
248
7
220
295
5
308
185
1
169
59
1
227
87
6
13
218
0
133
305
5
283
220
11
225
19
5
254
270
3
28
102
2
21
321
5
214
105
4
322
280
10
37
45
2
253
169
9
75
316
5
12
259
7
47
299
7
97
238
4
284
19
7
103
190
9
329
152
11
70
271
10
116
335
6
203
166
7
232
142
2
151
201
5
18
335
8
261
204
1
87
163
4
78
336
0
118
51
2
17
97
1
198
346
5
52
9
4
20
153
5
207
162
1
28
346
5
25
4
11
115
305
8
86
293
5
327
314
4
315
238
9
117
90
0
103
207
8
123
232
7
105
88
1
21
148
2
307
154
0
366
74
9
215
85
1
126
14
8
20
103
5
336
159
0
373
29
11
321
55
6
321
354
3
46
369
0
38
305
9
356
356
2
122
99
9
262
77
11
162
172
5
277
109
2
17
262
10
319
333
4
372
370
1
314
127
11
135
161
11
14
237
5
230
191
1
94
354
3
332
262
9
205
176
3
199
391
1
116
334
11
117
150
9
108
235
3
298
61
8
408
148
9
242
135
7
273
273
5
120
173
5
367
123
5
208
89
4
370
207
3
378
386
1
341
298
8
303
335
8
199
352
11
181
185
9
117
360
5
108
408
7
379
117
7
400
393
2
152
135
5
181
366
3
261
82
0
188
40
5
275
254
5
40
403
6
42
256
1
232
385
0
180
115
0
31
6
11
171
291
0
23
177
8
62
382
2
264
181
2
420
276
3
357
411
11
381
394
7
403
137
1
148
18
0
213
298
11
363
294
11
311
312
7
264
48
4
392
348
3
67
127
9
400
63
4
389
95
4
348
305
8
134
296
1
224
23
11
24
429
11
219
337
1
389
229
2
218
418
3
68
265
3
189
22
5
115
331
2
176
256
8
446
66
6
144
341
1
101
373
8
41
382
1
50
119
1
371
149
4
323
199
4
300
25
5
178
115
6
205
153
5
239
72
10
367
337
6
282
463
9
447
2
8
391
55
0
235
467
5
319
364
10
63
297
6
398
23
6
358
460
11
391
297
3
227
477
5
441
78
2
100
181
8
467
240
4
357
127
3
189
214
10
348
489
2
417
155
3
172
288
4
48
325
2
59
399
2
176
56
8
133
360
9
113
60
3
65
46
10
137
436
5
428
240
7
285
184
8
394
15
8
129
496
0
349
34
5
437
282
3
218
130
7
42
503
4
247
84
4
134
73
9
93
385
1
305
205
4
350
507
2
117
244
2
476
282
6
156
467
10
302
256
2
212
342
7
91
256
11
130
170
6
105
244
4
218
359
3
396
427
8
163
122
7
185
224
10
136
220
10
276
181
10
448
328
1
79
222
0
231
148
2
67
519
7
256
261
3
510
336
11
46
176
4
212
461
2
184
265
6
523
527
11
0
175
2
25
267
5
249
125
1
240
381
3
114
228
1
220
16
0
78
42
5
166
535
8
522
96
5
103
432
4
147
296
0
303
218
2
477
9
4
1
461
8
99
109
5
258
77
5
110
203
1
490
182
1
38
179
1
487
512
2
289
136
5
488
383
8
89
403
2
323
274
6
439
473
0
413
267
7
111
464
6
154
177
3
98
245
10
133
2
10
427
455
0
150
332
3
486
23
6
358
144
9
539
492
6
239
5
11
412
235
6
284
348
6
63
6
8
172
137
10
400
242
9
251
448
11
149
360
2
375
452
6
386
470
1
166
225
7
166
557
2
257
126
3
496
432
1
81
37
1
514
143
11
116
426
11
528
212
0
4
396
11
589
119
11
287
512
3
183
311
11
155
462
0
480
459
2
440
26
1
525
543
1
573
449
7
586
524
3
547
384
9
533
99
6
249
50
9
382
492
10
97
175
3
518
185
4
606
104
11
350
552
10
159
229
5
177
325
7
331
80
0
265
382
5
427
269
7
431
30
0
582
231
7
61
345
11
120
575
8
562
234
1
76
603
6
169
270
2
577
82
3
559
538
8
605
416
11
292
230
5
128
336
3
454
139
9
130
338
3
96
75
8
118
512
8
428
425
1
46
151
10
220
147
4
34
351
10
541
117
4
95
29
9
628
605
1
204
316
0
124
222
2
604
281
7
486
209
6
113
343
4
195
126
9
272
93
1
526
135
1
260
490
0
493
194
6
354
212
3
100
606
1
584
54
0
159
528
8
125
630
7
185
103
4
4
452
5
245
118
4
493
337
5
383
397
5
121
377
0
58
177
7
156
326
11
542
541
5
151
90
7
477
407
5
572
29
4
278
572
5
255
454
8
303
605
0
369
160
7
653
653
7
104
446
10
263
80
2
649
659
7
272
669
5
107
564
10
26
586
1
193
534
11
236
504
11
502
52
9
636
482
10
659
252
6
291
119
8
244
326
4
224
585
8
241
77
3
250
407
8
533
659
11
266
238
0
123
0
6
616
405
5
383
364
11
248
391
0
213
278
3
618
570
11
376
214
2
433
431
8
655
320
11
171
283
1
424
649
2
146
430
5
693
87
3
258
253
4
227
664
3
423
197
8
375
675
1
219
221
3
560
456
4
202
167
3
644
672
3
187
134
1
319
623
6
325
385
4
16
116
6
79
605
3
658
117
7
408
219
5
371
211
10
501
326
9
362
53
9
15
682
3
47
378
10
690
561
2
395
368
2
175
235
2
697
597
4
630
376
4
434
516
10
603
117
0
464
709
129
52
130
23
248
59
