7
18
100
10
43
32
10
107
36
1
12
58
11
26
19
11
124
4
7
132
56
3
130
131
8
53
78
7
120
21
7
119
60
8
75
45
10
103
43
2
135
73
11
110
80
3
32
34
5
69
138
1
3
139
11
24
104
0
0
40
9
61
132
11
122
20
7
58
11
8
89
78
7
105
66
1
125
127
11
104
49
4
135
13
0
25
43
5
68
109
6
35
63
5
123
44
8
154
135
2
49
37
6
122
52
6
96
160
8
47
22
5
154
156
10
55
135
7
144
101
6
87
62
9
141
142
1
59
89
6
78
111
0
97
16
7
136
32
6
85
84
8
19
15
9
81
27
0
127
162
10
36
114
1
142
67
9
131
20
6
62
176
6
72
23
6
34
134
6
73
7
4
85
6
2
58
61
3
181
45
2
127
110
9
33
150
5
135
104
6
73
138
0
97
8
3
37
114
6
32
71
7
132
145
2
124
10
7
38
77
2
51
79
11
98
172
9
100
24
7
157
156
10
182
189
3
195
100
4
10
58
10
59
174
9
42
141
4
158
67
7
71
89
7
144
146
4
62
196
9
71
125
3
46
162
6
56
209
7
147
91
7
7
99
8
96
198
6
146
162
9
93
199
3
128
91
9
151
162
7
23
80
2
172
170
4
41
210
8
125
156
6
116
98
11
76
57
5
43
198
1
221
129
8
209
134
1
192
69
6
0
65
10
58
108
1
107
111
8
198
5
8
2
103
9
89
10
5
3
37
2
81
220
6
192
160
1
57
229
0
154
174
5
131
118
8
233
200
3
83
28
5
150
127
8
115
60
4
14
121
3
29
161
11
189
165
9
24
4
3
59
32
8
13
246
11
203
193
7
191
48
2
139
169
4
251
250
8
99
89
0
174
25
6
35
103
0
246
25
4
191
33
8
93
101
3
261
250
4
162
56
3
185
165
9
38
94
10
156
179
0
81
116
11
187
72
5
107
80
0
30
27
5
56
64
1
167
179
7
35
43
10
216
149
2
55
260
1
54
199
8
45
33
7
159
9
7
192
86
5
242
46
9
232
91
5
188
34
6
165
128
7
227
73
9
227
19
8
232
99
9
132
230
10
236
148
0
126
12
4
274
13
3
5
160
5
91
15
9
140
58
6
86
213
10
208
55
5
38
226
1
139
187
3
118
254
6
215
223
4
182
198
4
83
19
1
131
231
2
289
111
4
13
276
4
100
1
8
68
103
10
7
41
8
234
84
11
5
209
11
178
155
7
96
168
8
272
145
0
100
172
5
210
161
6
292
188
4
217
246
9
298
130
5
177
317
0
291
153
5
67
166
9
307
18
6
290
79
11
178
170
0
307
158
10
200
168
2
158
205
10
231
176
10
167
313
0
155
233
3
321
111
5
10
113
9
274
313
6
39
225
6
10
297
3
147
14
11
51
317
2
159
125
7
24
119
0
22
138
2
110
173
4
78
265
8
197
63
7
133
115
9
320
6
3
343
290
2
342
180
11
63
260
8
314
348
9
45
145
9
314
6
9
348
152
3
266
35
5
216
168
0
82
78
11
275
195
4
135
244
7
320
251
1
134
290
5
209
280
7
238
350
9
183
358
0
228
123
4
285
25
10
316
269
4
141
108
2
88
254
6
214
294
5
88
76
0
55
53
4
84
33
6
37
218
1
86
68
9
238
84
3
14
208
6
257
38
5
372
156
0
72
244
9
139
188
5
215
302
3
139
309
4
366
176
6
106
132
10
348
70
8
197
244
1
364
350
9
149
355
1
230
230
6
71
264
6
224
366
7
202
245
10
233
14
5
261
168
2
239
167
2
236
129
6
225
104
1
134
102
5
393
347
9
7
4
11
126
177
11
78
218
11
225
183
7
303
86
2
374
256
9
144
157
1
41
234
2
213
269
0
126
151
0
272
175
4
191
29
9
395
94
4
25
80
6
13
405
11
290
162
9
407
130
11
234
408
0
364
96
4
106
344
6
225
248
11
35
392
7
31
87
0
122
92
7
48
136
11
315
117
4
309
229
0
331
117
9
69
25
4
372
289
6
388
374
7
387
32
8
211
340
1
215
311
6
29
179
2
312
237
7
395
263
2
333
415
3
413
228
6
327
157
5
47
352
9
10
288
6
47
60
2
55
115
4
344
67
10
54
214
3
152
186
3
224
352
0
57
392
7
45
35
3
59
327
7
30
123
4
359
54
1
332
279
6
439
142
0
191
104
1
381
437
2
401
1
6
230
213
4
342
350
8
209
221
0
2
150
1
234
123
3
158
203
11
172
195
4
457
66
2
222
22
9
61
255
8
150
429
1
332
116
11
196
365
11
342
359
3
229
223
11
346
314
10
362
118
9
454
155
0
438
321
1
306
447
6
82
359
8
188
102
3
252
452
7
423
241
1
276
453
1
227
263
4
108
267
5
440
444
7
108
285
11
373
202
0
58
303
5
348
299
8
13
328
3
38
204
6
12
310
1
463
353
7
227
128
10
149
479
1
152
208
2
83
371
4
479
318
5
261
133
0
155
50
8
379
345
6
480
162
0
324
277
5
62
19
9
246
288
3
298
294
9
399
109
11
370
171
5
335
446
4
394
105
9
162
117
7
362
498
2
218
402
5
16
187
3
374
512
4
196
399
9
439
354
11
504
62
4
196
283
7
340
513
2
410
289
1
245
459
6
494
259
8
445
8
10
315
135
10
486
511
4
73
397
8
43
399
9
386
22
0
343
412
1
384
199
2
11
82
0
465
338
6
444
15
7
214
71
4
331
44
6
225
295
3
96
473
1
252
406
10
500
90
5
217
536
6
511
258
7
471
245
11
475
262
6
435
299
8
482
333
2
481
237
0
68
514
6
370
293
4
217
397
11
26
80
4
173
122
1
230
496
1
372
272
11
528
479
10
68
285
0
411
8
9
522
37
8
39
295
7
479
220
9
12
325
3
263
267
5
330
38
1
345
292
9
502
440
8
561
47
5
384
451
3
248
120
4
520
221
1
202
69
10
318
543
6
291
387
4
319
486
10
272
250
2
344
351
3
522
434
3
152
281
6
218
205
2
414
108
3
100
432
5
561
482
0
189
46
8
262
457
6
351
130
5
141
324
5
428
261
4
394
575
7
187
70
6
514
407
0
67
565
9
430
104
7
234
328
1
145
380
9
548
145
2
557
500
10
17
300
8
420
4
4
55
410
0
231
486
10
561
328
9
506
588
1
564
130
8
107
563
3
501
184
0
119
430
4
499
272
1
329
429
9
555
466
11
319
469
2
415
214
3
83
327
7
210
535
8
586
514
11
193
82
10
562
488
3
272
123
5
305
172
11
57
458
8
349
96
6
27
342
4
609
12
0
143
156
2
159
181
0
613
497
5
436
180
2
174
578
8
224
416
8
327
567
10
469
156
2
420
627
8
280
477
10
376
440
6
306
324
7
105
530
3
597
516
2
330
317
9
410
54
3
221
107
8
345
180
4
148
82
0
363
515
4
403
616
11
620
506
9
27
570
5
59
99
6
91
549
1
276
483
4
438
23
2
386
411
2
132
319
11
582
601
8
493
424
10
166
576
5
360
611
0
503
156
5
562
506
10
640
415
4
270
23
0
16
631
9
159
93
10
422
539
6
541
59
6
156
62
10
329
99
1
518
422
4
186
583
9
661
375
0
443
550
7
262
312
0
464
238
4
134
54
6
361
99
7
404
122
0
523
166
5
91
587
7
580
430
8
232
249
1
599
377
4
24
573
4
22
481
6
35
240
0
223
272
5
392
63
5
551
183
3
50
212
4
1
10
2
150
585
6
414
599
11
368
338
8
606
181
4
262
563
11
580
186
0
106
215
10
296
356
8
336
99
11
316
667
7
635
554
9
26
300
4
444
107
10
514
157
4
142
132
11
99
345
6
433
678
11
91
592
2
123
204
7
281
23
7
169
638
6
176
482
2
136
251
11
68
687
4
368
320
1
315
487
1
6
475
0
697
586
10
406
229
7
73
631
11
556
60
4
517
466
7
120
29
5
31
238
1
281
516
2
413
11
1
519
156
9
134
652
10
234
661
8
338
476
3
380
646
11
564
187
415
726
605
563
337
648
