2
38
38
5
7
70
8
60
60
7
19
122
9
29
95
8
118
55
0
9
42
2
131
56
3
117
26
8
129
109
10
76
125
10
11
1
3
18
112
4
98
22
2
55
73
11
57
55
4
29
27
1
41
17
5
91
47
3
37
26
0
106
13
4
132
7
6
111
136
0
91
75
7
63
32
1
17
106
10
5
137
8
147
10
0
138
82
8
131
80
1
123
134
4
42
80
4
30
96
1
61
11
4
63
146
6
160
49
1
123
109
10
144
12
6
105
86
4
152
63
10
81
54
5
96
22
8
82
130
9
127
3
9
103
23
0
17
120
1
14
47
1
46
150
4
61
28
3
63
29
7
172
121
6
48
99
8
147
77
0
135
131
9
117
87
7
21
167
10
145
55
10
89
49
4
37
42
4
44
172
0
60
101
3
89
141
7
35
49
4
60
132
5
84
128
6
65
57
2
122
140
11
122
80
3
84
161
2
192
89
9
75
152
0
26
197
5
159
91
10
72
89
0
183
67
2
99
87
0
116
201
4
74
197
8
57
43
0
3
4
5
127
197
4
48
109
4
159
78
9
80
112
4
103
24
8
10
12
9
95
183
6
163
195
1
4
2
8
8
148
0
110
65
9
88
6
0
53
142
6
50
192
7
106
139
5
57
97
5
17
5
1
50
171
7
217
77
4
166
103
9
103
215
11
83
107
1
85
123
3
123
92
11
122
158
8
203
81
10
170
7
9
25
104
2
143
199
2
196
209
11
212
63
8
61
192
2
198
160
3
43
233
7
37
97
11
62
82
3
58
50
6
66
38
2
203
176
11
169
139
3
103
140
1
147
161
8
145
133
10
127
101
1
131
166
7
6
109
2
94
153
8
92
160
3
9
133
8
176
26
5
80
196
0
249
10
3
114
180
0
162
32
5
89
131
2
247
161
6
96
242
6
106
31
6
105
216
0
162
234
0
87
258
6
217
119
9
204
179
10
111
57
9
139
144
11
208
17
5
108
253
9
269
72
4
125
249
6
178
8
11
158
176
2
151
217
11
255
78
1
54
78
10
277
237
10
74
207
0
37
140
8
149
253
3
119
1
0
283
63
11
213
274
10
166
229
8
127
29
5
88
285
4
228
284
1
124
29
9
34
229
1
95
3
2
131
162
6
51
63
5
288
67
4
268
18
7
103
127
1
7
263
1
175
146
11
5
144
7
239
138
0
138
186
10
273
132
10
273
197
6
50
204
2
60
128
7
165
271
5
86
97
0
155
30
8
175
243
2
210
256
6
154
194
4
228
106
4
64
192
3
240
150
5
302
131
10
223
134
6
303
20
7
7
259
4
22
136
2
63
244
10
324
134
10
146
212
2
172
139
8
295
102
7
224
22
5
180
294
8
292
163
11
13
183
7
115
82
8
216
222
0
296
221
1
113
313
1
166
214
7
260
105
0
280
37
5
143
77
9
311
27
10
129
206
3
10
254
11
110
64
8
171
344
2
226
322
9
191
240
10
30
107
2
94
347
2
110
89
0
69
14
5
348
65
11
38
10
7
79
218
1
136
84
9
314
342
10
159
267
11
355
303
1
243
215
2
317
2
7
351
175
10
15
323
1
138
267
4
93
46
8
217
187
5
148
41
4
306
247
8
200
76
8
79
341
1
0
75
8
48
71
2
21
167
4
130
146
5
51
284
6
186
333
4
147
269
7
307
123
3
66
188
0
139
90
3
242
166
3
257
357
1
183
170
9
112
379
7
100
334
9
383
110
5
148
299
10
257
188
5
59
275
10
320
199
9
65
388
7
273
231
3
205
165
6
321
328
9
295
383
0
343
296
4
353
192
4
17
348
1
228
29
1
360
4
11
182
315
7
230
244
8
294
318
10
23
110
11
236
206
2
190
300
5
249
254
4
381
298
10
212
320
11
113
152
0
107
65
0
366
262
0
257
312
4
220
323
3
27
222
1
370
354
0
306
280
0
33
415
3
133
179
3
34
127
0
59
168
11
319
123
7
358
266
9
252
262
0
308
118
11
405
309
5
300
222
7
169
198
6
178
132
9
59
405
8
204
203
0
236
219
3
349
185
6
163
282
2
211
218
8
33
15
5
105
337
10
186
188
1
46
196
8
209
227
0
368
115
0
169
394
7
397
79
9
365
201
4
96
254
9
274
8
6
159
59
0
226
223
10
254
183
1
224
374
9
358
1
1
377
62
11
88
298
8
94
39
7
40
166
9
138
337
10
384
231
4
300
314
5
235
36
0
88
54
2
414
456
11
314
354
0
284
70
11
144
421
2
397
304
2
6
192
4
446
141
6
54
206
10
154
115
0
447
405
0
301
120
8
3
194
6
262
75
0
27
50
11
400
191
10
171
434
11
317
376
6
171
297
11
383
330
6
393
168
5
44
394
0
186
302
9
13
431
9
31
337
10
79
471
3
289
59
0
220
410
3
151
326
8
224
123
6
30
277
8
444
84
11
376
290
6
225
472
1
123
11
9
138
195
10
58
461
8
446
421
9
69
261
6
6
358
2
465
453
8
212
353
9
386
406
11
351
334
5
65
70
1
65
352
1
74
500
9
386
20
8
401
387
2
325
304
7
63
137
2
377
499
8
456
484
2
15
222
10
317
126
9
107
469
5
87
178
11
118
325
8
61
373
4
142
24
1
23
171
4
429
48
0
298
205
6
497
257
10
497
417
1
372
237
9
236
245
8
440
186
11
183
148
2
114
413
1
111
81
7
173
108
1
35
356
6
6
38
3
187
469
7
387
216
8
169
332
3
159
261
11
238
296
7
503
61
11
58
496
4
218
536
0
430
71
8
335
230
4
34
306
8
514
69
8
62
198
0
357
253
8
15
338
3
405
281
2
156
457
5
399
545
4
275
439
9
442
163
9
439
94
3
342
505
11
438
405
9
238
489
1
436
57
5
527
359
11
140
419
10
424
26
7
313
402
3
398
63
8
169
244
2
545
337
8
9
263
6
449
212
5
208
448
0
315
334
0
395
113
9
134
223
5
451
541
4
316
284
3
379
38
2
304
429
9
352
240
5
560
113
11
493
105
3
375
359
0
236
55
7
327
184
5
256
469
6
448
89
2
314
165
7
58
308
9
257
0
5
304
41
2
250
535
6
11
31
6
417
335
8
379
185
2
386
105
9
173
368
10
371
430
0
233
575
0
52
209
1
517
102
0
493
258
2
182
144
9
190
456
10
229
345
7
255
225
3
17
115
0
144
42
5
42
1
9
564
321
3
206
589
0
64
351
7
553
189
8
31
511
4
432
119
3
504
601
9
103
324
7
118
221
9
61
89
9
266
422
3
580
121
0
227
432
8
306
444
10
417
302
8
457
539
4
161
83
10
455
20
7
538
597
9
337
223
5
4
331
2
471
467
7
106
621
5
217
259
10
444
158
7
611
59
5
463
356
5
627
61
2
415
340
11
64
163
6
566
45
4
206
413
10
533
476
7
238
453
8
346
215
1
50
85
7
138
509
10
309
73
0
272
17
2
122
551
9
535
593
3
37
129
10
466
306
4
446
498
4
490
129
7
545
530
3
270
103
11
31
70
9
97
254
6
463
640
5
540
76
4
289
426
6
156
86
1
286
603
5
309
174
4
356
525
8
311
3
4
648
424
7
221
524
2
247
553
10
524
253
3
200
352
9
210
28
11
368
248
2
337
650
5
391
379
10
233
536
11
136
322
0
261
555
5
148
123
5
519
376
4
421
115
3
18
345
3
284
491
11
604
406
7
480
348
0
618
423
0
550
579
4
447
352
1
17
469
9
449
406
10
417
188
5
102
140
7
227
203
2
426
50
3
402
572
4
8
57
3
359
443
10
42
692
4
450
581
11
376
551
10
550
5
0
101
67
7
611
633
0
351
13
2
439
232
6
43
144
8
438
136
2
448
399
2
361
295
11
293
108
8
699
488
7
455
466
10
501
478
6
12
631
3
385
254
8
579
356
1
46
398
2
151
117
0
280
708
3
542
205
11
385
290
5
504
456
2
270
664
3
246
126
7
268
553
11
405
546
7
70
503
7
321
33
7
446
410
6
657
540
1
538
590
6
78
54
305
590
188
54
215
283
