0,0.0,0.0,True
1,0.0,0.0,True
2,126.0,126.0,True
3,105.0,126.0,True
4,105.0,126.0,True
5,105.0,126.0,True
6,315.0,315.0,True
7,504.0,504.0,True
8,483.0,504.0,True
9,483.0,504.0,False
10,546.0,546.0,True
11,357.0,546.0,False
12,546.0,546.0,True
13,630.0,630.0,True
14,504.0,630.0,True
15,504.0,630.0,True
16,462.0,630.0,False
17,441.0,630.0,True
18,378.0,630.0,True
19,420.0,630.0,True
20,504.0,630.0,True
21,399.0,630.0,True
22,336.0,630.0,False
23,630.0,630.0,True
24,567.0,630.0,True
25,525.0,630.0,False
26,609.0,630.0,False
27,525.0,630.0,False
28,483.0,630.0,True
29,609.0,630.0,True
30,462.0,630.0,False
31,609.0,630.0,True
32,672.0,672.0,False
33,714.0,714.0,True
34,525.0,714.0,True
35,546.0,714.0,True
36,399.0,714.0,True
37,630.0,714.0,True
38,735.0,735.0,True
39,525.0,735.0,False
40,651.0,735.0,False
41,651.0,735.0,True
42,504.0,735.0,True
43,483.0,735.0,True
44,525.0,735.0,True
45,420.0,735.0,True
46,420.0,735.0,False
47,546.0,735.0,True
48,651.0,735.0,False
49,441.0,735.0,False
50,567.0,735.0,True
51,294.0,735.0,False
52,588.0,735.0,False
53,567.0,735.0,True
54,336.0,735.0,False
55,588.0,735.0,True
56,420.0,735.0,False
57,399.0,735.0,True
58,504.0,735.0,False
59,378.0,735.0,False
60,357.0,735.0,False
61,399.0,735.0,True
62,609.0,735.0,False
63,483.0,735.0,True
64,504.0,735.0,True
65,504.0,735.0,True
66,441.0,735.0,True
67,714.0,735.0,True
68,756.0,756.0,True
69,763.0,763.0,True
70,826.0,826.0,True
71,784.0,826.0,True
72,857.0,857.0,True
73,867.0,867.0,True
74,1569.0,1569.0,False
75,948.0,1569.0,False
76,702.0,1569.0,False
77,927.0,1569.0,True
78,784.0,1569.0,False
79,794.0,1569.0,False
80,939.0,1569.0,True
81,933.0,1569.0,False
82,703.0,1569.0,True
83,682.0,1569.0,False
84,816.0,1569.0,False
85,732.0,1569.0,False
86,724.0,1569.0,True
87,1009.0,1569.0,True
88,906.0,1569.0,False
89,959.0,1569.0,False
90,868.0,1569.0,False
91,732.0,1569.0,False
92,909.0,1569.0,True
93,713.0,1569.0,True
94,681.0,1569.0,False
95,733.0,1569.0,False
96,630.0,1569.0,False
97,848.0,1569.0,False
98,722.0,1569.0,False
99,936.0,1569.0,True
100,888.0,1569.0,False
101,681.0,1569.0,True
102,764.0,1569.0,False
103,252.0,1569.0,False
104,835.0,1569.0,False
105,908.0,1569.0,True
106,895.0,1569.0,False
107,651.0,1569.0,True
108,714.0,1569.0,False
109,714.0,1569.0,True
110,756.0,1569.0,True
111,693.0,1569.0,True
112,651.0,1569.0,True
113,651.0,1569.0,False
114,714.0,1569.0,False
115,651.0,1569.0,True
116,672.0,1569.0,True
117,672.0,1569.0,False
118,756.0,1569.0,False
119,735.0,1569.0,False
120,777.0,1569.0,False
121,672.0,1569.0,False
122,693.0,1569.0,True
123,672.0,1569.0,False
124,756.0,1569.0,False
125,714.0,1569.0,False
126,672.0,1569.0,False
127,672.0,1569.0,True
128,735.0,1569.0,False
129,693.0,1569.0,False
130,777.0,1569.0,False
131,714.0,1569.0,False
132,693.0,1569.0,True
133,756.0,1569.0,False
134,777.0,1569.0,True
135,735.0,1569.0,True
136,798.0,1569.0,True
137,777.0,1569.0,False
138,693.0,1569.0,True
139,735.0,1569.0,True
140,672.0,1569.0,True
141,420.0,1569.0,True
142,441.0,1569.0,False
143,420.0,1569.0,True
144,399.0,1569.0,True
145,420.0,1569.0,True
146,420.0,1569.0,True
147,462.0,1569.0,True
148,273.0,1569.0,False
149,588.0,1569.0,False
150,483.0,1569.0,False
151,378.0,1569.0,True
152,462.0,1569.0,False
153,441.0,1569.0,True
154,378.0,1569.0,False
155,294.0,1569.0,False
156,525.0,1569.0,True
157,462.0,1569.0,True
158,441.0,1569.0,False
159,546.0,1569.0,False
160,441.0,1569.0,False
161,420.0,1569.0,True
162,420.0,1569.0,True
163,714.0,1569.0,True
164,651.0,1569.0,False
165,693.0,1569.0,True
166,693.0,1569.0,False
167,672.0,1569.0,True
168,609.0,1569.0,False
169,651.0,1569.0,False
170,672.0,1569.0,False
171,672.0,1569.0,False
172,651.0,1569.0,False
173,735.0,1569.0,True
174,693.0,1569.0,True
175,714.0,1569.0,True
176,693.0,1569.0,True
177,630.0,1569.0,True
178,693.0,1569.0,False
179,651.0,1569.0,True
180,714.0,1569.0,True
181,777.0,1569.0,True
182,672.0,1569.0,False
183,651.0,1569.0,False
184,630.0,1569.0,False
185,672.0,1569.0,True
186,651.0,1569.0,False
187,630.0,1569.0,True
188,735.0,1569.0,True
189,651.0,1569.0,False
190,630.0,1569.0,False
191,651.0,1569.0,False
192,693.0,1569.0,True
193,588.0,1569.0,False
194,714.0,1569.0,False
195,651.0,1569.0,True
196,693.0,1569.0,False
197,735.0,1569.0,False
198,714.0,1569.0,False
199,609.0,1569.0,False
200,651.0,1569.0,False
201,630.0,1569.0,True
202,756.0,1569.0,False
203,672.0,1569.0,True
204,672.0,1569.0,False
205,693.0,1569.0,True
206,609.0,1569.0,True
207,651.0,1569.0,True
208,399.0,1569.0,True
209,357.0,1569.0,False
210,315.0,1569.0,False
211,273.0,1569.0,False
212,357.0,1569.0,True
213,420.0,1569.0,True
214,441.0,1569.0,False
215,399.0,1569.0,False
216,399.0,1569.0,False
217,399.0,1569.0,True
218,210.0,1569.0,False
219,420.0,1569.0,True
220,546.0,1569.0,True
221,651.0,1569.0,True
222,441.0,1569.0,False
223,651.0,1569.0,True
224,630.0,1569.0,True
225,714.0,1569.0,True
226,399.0,1569.0,True
227,504.0,1569.0,True
228,609.0,1569.0,True
229,651.0,1569.0,False
230,651.0,1569.0,True
231,567.0,1569.0,True
232,588.0,1569.0,False
233,609.0,1569.0,False
234,672.0,1569.0,False
235,630.0,1569.0,True
236,672.0,1569.0,True
237,672.0,1569.0,False
238,651.0,1569.0,True
239,525.0,1569.0,True
240,378.0,1569.0,False
241,525.0,1569.0,True
242,525.0,1569.0,False
243,462.0,1569.0,True
244,525.0,1569.0,False
245,525.0,1569.0,True
246,567.0,1569.0,True
247,504.0,1569.0,True
248,483.0,1569.0,True
249,525.0,1569.0,False
250,504.0,1569.0,False
251,357.0,1569.0,False
252,441.0,1569.0,True
253,483.0,1569.0,True
254,609.0,1569.0,True
255,588.0,1569.0,True
256,399.0,1569.0,False
257,651.0,1569.0,False
258,546.0,1569.0,False
259,462.0,1569.0,True
260,693.0,1569.0,True
261,630.0,1569.0,False
262,399.0,1569.0,True
263,441.0,1569.0,True
264,420.0,1569.0,False
265,399.0,1569.0,True
266,525.0,1569.0,True
267,441.0,1569.0,False
268,525.0,1569.0,False
269,420.0,1569.0,False
270,504.0,1569.0,True
271,525.0,1569.0,False
272,315.0,1569.0,False
273,189.0,1569.0,False
274,420.0,1569.0,True
275,399.0,1569.0,True
276,588.0,1569.0,True
277,525.0,1569.0,False
278,462.0,1569.0,True
279,462.0,1569.0,True
280,609.0,1569.0,True
281,714.0,1569.0,False
282,693.0,1569.0,False
283,588.0,1569.0,True
284,441.0,1569.0,True
285,399.0,1569.0,False
286,504.0,1569.0,True
287,630.0,1569.0,True
288,504.0,1569.0,True
289,399.0,1569.0,False
290,378.0,1569.0,True
291,630.0,1569.0,False
292,504.0,1569.0,True
293,525.0,1569.0,True
294,420.0,1569.0,True
295,420.0,1569.0,True
296,525.0,1569.0,False
297,588.0,1569.0,True
298,525.0,1569.0,True
299,378.0,1569.0,False
300,462.0,1569.0,True
301,504.0,1569.0,False
302,609.0,1569.0,True
303,525.0,1569.0,False
304,462.0,1569.0,False
305,462.0,1569.0,True
306,609.0,1569.0,False
307,567.0,1569.0,True
308,483.0,1569.0,False
309,588.0,1569.0,True
310,462.0,1569.0,True
311,504.0,1569.0,True
312,546.0,1569.0,True
313,546.0,1569.0,True
314,504.0,1569.0,True
315,525.0,1569.0,True
316,399.0,1569.0,True
317,504.0,1569.0,True
318,630.0,1569.0,True
319,609.0,1569.0,True
320,525.0,1569.0,True
321,462.0,1569.0,False
322,525.0,1569.0,False
323,546.0,1569.0,True
324,504.0,1569.0,True
325,441.0,1569.0,True
326,525.0,1569.0,True
327,420.0,1569.0,False
328,462.0,1569.0,True
329,441.0,1569.0,True
330,420.0,1569.0,True
331,483.0,1569.0,False
332,546.0,1569.0,False
333,525.0,1569.0,True
334,525.0,1569.0,True
335,525.0,1569.0,False
336,504.0,1569.0,True
337,441.0,1569.0,True
338,441.0,1569.0,True
339,462.0,1569.0,True
340,504.0,1569.0,True
341,441.0,1569.0,True
342,630.0,1569.0,True
343,504.0,1569.0,True
344,546.0,1569.0,True
345,462.0,1569.0,True
346,462.0,1569.0,True
347,504.0,1569.0,False
348,462.0,1569.0,False
349,546.0,1569.0,True
350,525.0,1569.0,True
351,525.0,1569.0,False
352,693.0,1569.0,False
353,504.0,1569.0,True
354,546.0,1569.0,True
355,504.0,1569.0,False
356,525.0,1569.0,False
357,504.0,1569.0,False
358,504.0,1569.0,True
359,525.0,1569.0,True
360,420.0,1569.0,True
361,630.0,1569.0,True
362,525.0,1569.0,False
363,546.0,1569.0,False
364,483.0,1569.0,True
365,504.0,1569.0,True
366,504.0,1569.0,True
367,504.0,1569.0,True
368,504.0,1569.0,True
369,504.0,1569.0,False
370,504.0,1569.0,False
371,504.0,1569.0,False
372,504.0,1569.0,True
373,504.0,1569.0,True
374,525.0,1569.0,True
375,462.0,1569.0,False
376,609.0,1569.0,True
377,546.0,1569.0,True
378,504.0,1569.0,False
379,504.0,1569.0,True
380,378.0,1569.0,True
381,546.0,1569.0,False
382,525.0,1569.0,False
383,420.0,1569.0,True
384,525.0,1569.0,True
385,420.0,1569.0,True
386,462.0,1569.0,True
387,483.0,1569.0,False
388,483.0,1569.0,False
389,504.0,1569.0,True
390,546.0,1569.0,False
391,567.0,1569.0,False
392,546.0,1569.0,False
393,504.0,1569.0,True
394,504.0,1569.0,False
395,357.0,1569.0,True
396,399.0,1569.0,False
397,630.0,1569.0,True
398,630.0,1569.0,True
399,609.0,1569.0,False
400,462.0,1569.0,False
401,640.0,1569.0,True
402,702.0,1569.0,True
403,567.0,1569.0,False
404,504.0,1569.0,True
405,672.0,1569.0,True
406,504.0,1569.0,True
407,630.0,1569.0,True
408,525.0,1569.0,True
409,504.0,1569.0,True
410,525.0,1569.0,True
411,525.0,1569.0,False
412,504.0,1569.0,True
413,462.0,1569.0,True
414,504.0,1569.0,True
415,441.0,1569.0,True
416,441.0,1569.0,True
417,693.0,1569.0,True
418,504.0,1569.0,True
419,462.0,1569.0,True
420,483.0,1569.0,True
421,525.0,1569.0,True
422,672.0,1569.0,False
423,504.0,1569.0,True
424,525.0,1569.0,True
425,525.0,1569.0,False
426,525.0,1569.0,True
427,630.0,1569.0,True
428,630.0,1569.0,False
429,630.0,1569.0,False
430,609.0,1569.0,False
431,609.0,1569.0,True
432,609.0,1569.0,True
433,588.0,1569.0,True
434,525.0,1569.0,True
435,336.0,1569.0,False
436,294.0,1569.0,False
437,483.0,1569.0,True
438,357.0,1569.0,False
439,420.0,1569.0,False
440,210.0,1569.0,False
441,336.0,1569.0,False
442,399.0,1569.0,False
443,441.0,1569.0,False
444,210.0,1569.0,True
445,357.0,1569.0,False
446,420.0,1569.0,False
447,483.0,1569.0,True
448,504.0,1569.0,False
449,525.0,1569.0,True
450,546.0,1569.0,True
451,504.0,1569.0,False
452,525.0,1569.0,False
453,336.0,1569.0,False
454,588.0,1569.0,True
455,336.0,1569.0,True
456,462.0,1569.0,False
457,462.0,1569.0,True
458,546.0,1569.0,False
459,399.0,1569.0,True
460,525.0,1569.0,False
461,525.0,1569.0,True
462,441.0,1569.0,False
463,252.0,1569.0,True
464,504.0,1569.0,True
465,525.0,1569.0,True
466,525.0,1569.0,False
467,546.0,1569.0,True
468,504.0,1569.0,True
469,462.0,1569.0,True
470,588.0,1569.0,True
471,609.0,1569.0,True
472,504.0,1569.0,True
473,420.0,1569.0,True
474,399.0,1569.0,True
475,588.0,1569.0,True
476,399.0,1569.0,True
477,546.0,1569.0,True
478,462.0,1569.0,True
479,609.0,1569.0,False
480,525.0,1569.0,False
481,483.0,1569.0,True
482,651.0,1569.0,False
483,609.0,1569.0,False
484,504.0,1569.0,False
485,294.0,1569.0,True
486,357.0,1569.0,True
487,378.0,1569.0,True
488,462.0,1569.0,True
489,546.0,1569.0,False
490,441.0,1569.0,False
491,525.0,1569.0,True
492,462.0,1569.0,True
493,672.0,1569.0,False
494,525.0,1569.0,False
495,420.0,1569.0,True
496,441.0,1569.0,False
497,525.0,1569.0,True
498,504.0,1569.0,True
499,357.0,1569.0,True
500,462.0,1569.0,True
501,525.0,1569.0,True
502,420.0,1569.0,True
503,588.0,1569.0,True
504,525.0,1569.0,True
505,546.0,1569.0,True
506,525.0,1569.0,True
507,651.0,1569.0,True
508,546.0,1569.0,True
509,525.0,1569.0,True
510,504.0,1569.0,True
511,399.0,1569.0,True
512,462.0,1569.0,False
513,462.0,1569.0,False
514,525.0,1569.0,True
515,483.0,1569.0,True
516,504.0,1569.0,False
517,525.0,1569.0,True
518,504.0,1569.0,True
519,483.0,1569.0,True
520,420.0,1569.0,True
521,399.0,1569.0,False
522,546.0,1569.0,True
523,504.0,1569.0,False
524,672.0,1569.0,True
525,546.0,1569.0,True
526,651.0,1569.0,True
527,462.0,1569.0,True
528,378.0,1569.0,True
529,441.0,1569.0,True
530,504.0,1569.0,True
531,504.0,1569.0,True
532,420.0,1569.0,True
533,399.0,1569.0,True
534,546.0,1569.0,True
535,672.0,1569.0,True
536,420.0,1569.0,True
537,567.0,1569.0,False
538,546.0,1569.0,True
539,672.0,1569.0,True
540,399.0,1569.0,True
541,588.0,1569.0,True
542,252.0,1569.0,True
543,147.0,1569.0,True
544,126.0,1569.0,False
545,315.0,1569.0,True
546,420.0,1569.0,True
547,378.0,1569.0,True
548,399.0,1569.0,False
549,483.0,1569.0,True
550,567.0,1569.0,False
551,378.0,1569.0,False
552,462.0,1569.0,False
553,189.0,1569.0,False
554,525.0,1569.0,True
555,546.0,1569.0,True
556,546.0,1569.0,True
557,588.0,1569.0,False
558,588.0,1569.0,True
559,399.0,1569.0,False
560,441.0,1569.0,False
561,483.0,1569.0,True
562,420.0,1569.0,True
563,588.0,1569.0,False
564,336.0,1569.0,True
565,546.0,1569.0,True
566,609.0,1569.0,False
567,651.0,1569.0,True
568,462.0,1569.0,True
569,399.0,1569.0,False
570,441.0,1569.0,False
571,504.0,1569.0,True
572,504.0,1569.0,True
573,504.0,1569.0,False
574,399.0,1569.0,False
575,525.0,1569.0,False
576,504.0,1569.0,False
577,525.0,1569.0,True
578,483.0,1569.0,True
579,588.0,1569.0,True
580,546.0,1569.0,False
581,609.0,1569.0,True
582,588.0,1569.0,False
583,504.0,1569.0,False
584,672.0,1569.0,True
585,441.0,1569.0,True
586,441.0,1569.0,True
587,462.0,1569.0,False
588,567.0,1569.0,True
589,630.0,1569.0,False
590,693.0,1569.0,True
591,483.0,1569.0,True
592,546.0,1569.0,False
593,336.0,1569.0,True
594,399.0,1569.0,True
595,399.0,1569.0,True
596,441.0,1569.0,True
597,483.0,1569.0,True
598,399.0,1569.0,True
599,399.0,1569.0,True
600,441.0,1569.0,True
601,420.0,1569.0,False
602,609.0,1569.0,False
603,420.0,1569.0,True
604,651.0,1569.0,True
605,609.0,1569.0,True
606,399.0,1569.0,False
607,504.0,1569.0,False
608,315.0,1569.0,False
609,672.0,1569.0,True
610,546.0,1569.0,False
611,420.0,1569.0,False
612,672.0,1569.0,False
613,336.0,1569.0,True
614,378.0,1569.0,False
615,378.0,1569.0,True
616,399.0,1569.0,True
617,399.0,1569.0,True
618,399.0,1569.0,False
619,630.0,1569.0,False
620,693.0,1569.0,True
621,252.0,1569.0,False
622,651.0,1569.0,True
623,462.0,1569.0,True
624,399.0,1569.0,False
625,420.0,1569.0,True
626,378.0,1569.0,False
627,483.0,1569.0,False
628,504.0,1569.0,True
629,399.0,1569.0,False
630,483.0,1569.0,True
631,504.0,1569.0,False
632,252.0,1569.0,False
633,399.0,1569.0,True
634,525.0,1569.0,True
635,504.0,1569.0,True
636,483.0,1569.0,True
637,252.0,1569.0,True
638,672.0,1569.0,True
639,504.0,1569.0,False
640,546.0,1569.0,True
641,483.0,1569.0,True
642,504.0,1569.0,False
643,567.0,1569.0,True
644,399.0,1569.0,True
645,525.0,1569.0,True
646,525.0,1569.0,False
647,462.0,1569.0,True
648,504.0,1569.0,True
649,672.0,1569.0,True
650,525.0,1569.0,True
651,504.0,1569.0,True
652,441.0,1569.0,True
653,462.0,1569.0,True
654,441.0,1569.0,False
655,441.0,1569.0,True
656,525.0,1569.0,False
657,504.0,1569.0,True
658,609.0,1569.0,False
659,504.0,1569.0,True
660,630.0,1569.0,False
661,504.0,1569.0,True
662,630.0,1569.0,True
663,546.0,1569.0,False
664,588.0,1569.0,True
665,525.0,1569.0,False
666,504.0,1569.0,True
667,462.0,1569.0,True
668,441.0,1569.0,False
669,588.0,1569.0,True
670,462.0,1569.0,True
671,525.0,1569.0,True
672,609.0,1569.0,True
673,399.0,1569.0,True
674,546.0,1569.0,True
675,525.0,1569.0,False
676,483.0,1569.0,True
677,483.0,1569.0,False
678,378.0,1569.0,False
679,546.0,1569.0,True
680,651.0,1569.0,False
681,672.0,1569.0,True
682,714.0,1569.0,False
683,546.0,1569.0,False
684,672.0,1569.0,True
685,672.0,1569.0,True
686,630.0,1569.0,True
687,693.0,1569.0,False
688,672.0,1569.0,True
689,735.0,1569.0,True
690,693.0,1569.0,True
691,651.0,1569.0,False
692,441.0,1569.0,False
693,672.0,1569.0,True
694,714.0,1569.0,True
695,714.0,1569.0,False
696,672.0,1569.0,True
697,693.0,1569.0,False
698,735.0,1569.0,True
699,651.0,1569.0,False
700,672.0,1569.0,True
701,651.0,1569.0,True
702,714.0,1569.0,True
703,735.0,1569.0,True
704,651.0,1569.0,False
705,651.0,1569.0,False
706,672.0,1569.0,True
707,651.0,1569.0,True
708,714.0,1569.0,True
709,672.0,1569.0,True
710,766.0,1569.0,True
711,357.0,1569.0,False
712,714.0,1569.0,False
713,693.0,1569.0,True
714,651.0,1569.0,False
715,714.0,1569.0,False
716,672.0,1569.0,True
717,651.0,1569.0,False
718,672.0,1569.0,False
719,609.0,1569.0,True
720,651.0,1569.0,False
721,651.0,1569.0,False
722,672.0,1569.0,False
723,672.0,1569.0,True
724,714.0,1569.0,False
725,693.0,1569.0,True
726,651.0,1569.0,False
727,672.0,1569.0,True
728,651.0,1569.0,False
729,714.0,1569.0,False
730,693.0,1569.0,True
731,630.0,1569.0,True
732,714.0,1569.0,True
733,735.0,1569.0,False
734,735.0,1569.0,True
735,567.0,1569.0,False
736,672.0,1569.0,True
737,672.0,1569.0,True
738,756.0,1569.0,False
739,630.0,1569.0,True
740,703.0,1569.0,False
741,609.0,1569.0,True
742,714.0,1569.0,True
743,588.0,1569.0,True
744,630.0,1569.0,False
745,693.0,1569.0,False
746,630.0,1569.0,False
747,651.0,1569.0,True
748,735.0,1569.0,False
749,714.0,1569.0,False
750,630.0,1569.0,True
751,777.0,1569.0,True
752,651.0,1569.0,False
753,714.0,1569.0,False
754,672.0,1569.0,True
755,714.0,1569.0,False
756,714.0,1569.0,True
757,735.0,1569.0,False
758,756.0,1569.0,False
759,693.0,1569.0,False
760,630.0,1569.0,False
761,693.0,1569.0,True
762,588.0,1569.0,False
763,672.0,1569.0,True
764,714.0,1569.0,False
765,630.0,1569.0,True
766,672.0,1569.0,False
767,777.0,1569.0,False
768,420.0,1569.0,False
769,462.0,1569.0,True
770,525.0,1569.0,True
771,462.0,1569.0,True
772,525.0,1569.0,True
773,525.0,1569.0,False
774,525.0,1569.0,False
775,525.0,1569.0,True
776,609.0,1569.0,False
777,441.0,1569.0,True
778,420.0,1569.0,True
779,546.0,1569.0,True
780,546.0,1569.0,True
781,546.0,1569.0,True
782,399.0,1569.0,True
783,630.0,1569.0,False
784,630.0,1569.0,True
785,462.0,1569.0,True
786,609.0,1569.0,True
787,546.0,1569.0,True
788,630.0,1569.0,True
789,630.0,1569.0,True
790,609.0,1569.0,False
791,630.0,1569.0,True
792,567.0,1569.0,False
793,504.0,1569.0,True
794,567.0,1569.0,False
795,630.0,1569.0,True
796,462.0,1569.0,True
797,441.0,1569.0,True
798,441.0,1569.0,False
799,504.0,1569.0,True
800,441.0,1569.0,True
801,525.0,1569.0,True
802,399.0,1569.0,True
803,525.0,1569.0,True
804,525.0,1569.0,True
805,546.0,1569.0,True
806,504.0,1569.0,False
807,630.0,1569.0,True
808,504.0,1569.0,True
809,588.0,1569.0,True
810,504.0,1569.0,False
811,546.0,1569.0,True
812,525.0,1569.0,False
813,546.0,1569.0,True
814,525.0,1569.0,True
815,672.0,1569.0,True
816,504.0,1569.0,True
817,525.0,1569.0,True
818,504.0,1569.0,True
819,525.0,1569.0,False
820,651.0,1569.0,True
821,504.0,1569.0,False
822,504.0,1569.0,False
823,546.0,1569.0,True
824,525.0,1569.0,False
825,546.0,1569.0,True
826,525.0,1569.0,True
827,420.0,1569.0,False
828,546.0,1569.0,True
829,483.0,1569.0,False
830,525.0,1569.0,False
831,525.0,1569.0,True
832,399.0,1569.0,True
833,525.0,1569.0,True
834,420.0,1569.0,True
835,504.0,1569.0,True
836,483.0,1569.0,True
837,378.0,1569.0,True
838,588.0,1569.0,False
839,546.0,1569.0,True
840,588.0,1569.0,True
841,630.0,1569.0,False
842,525.0,1569.0,False
843,546.0,1569.0,True
844,504.0,1569.0,True
845,504.0,1569.0,True
846,525.0,1569.0,True
847,525.0,1569.0,True
848,588.0,1569.0,True
849,399.0,1569.0,True
850,588.0,1569.0,False
851,504.0,1569.0,True
852,525.0,1569.0,False
853,504.0,1569.0,True
854,504.0,1569.0,False
855,504.0,1569.0,True
856,462.0,1569.0,True
857,336.0,1569.0,False
858,483.0,1569.0,True
859,399.0,1569.0,False
860,483.0,1569.0,True
861,420.0,1569.0,True
862,462.0,1569.0,False
863,420.0,1569.0,False
864,651.0,1569.0,True
865,525.0,1569.0,True
866,483.0,1569.0,True
867,441.0,1569.0,False
868,630.0,1569.0,False
869,693.0,1569.0,True
870,399.0,1569.0,True
871,525.0,1569.0,True
872,252.0,1569.0,False
873,399.0,1569.0,True
874,525.0,1569.0,True
875,399.0,1569.0,True
876,231.0,1569.0,True
877,441.0,1569.0,True
878,483.0,1569.0,True
879,441.0,1569.0,True
880,441.0,1569.0,True
881,546.0,1569.0,False
882,441.0,1569.0,False
883,441.0,1569.0,True
884,462.0,1569.0,True
885,399.0,1569.0,False
886,651.0,1569.0,False
887,546.0,1569.0,False
888,420.0,1569.0,False
889,420.0,1569.0,True
890,588.0,1569.0,False
891,252.0,1569.0,False
892,609.0,1569.0,True
893,441.0,1569.0,True
894,420.0,1569.0,False
895,399.0,1569.0,True
896,525.0,1569.0,True
897,462.0,1569.0,True
898,399.0,1569.0,False
899,609.0,1569.0,False
900,525.0,1569.0,True
901,504.0,1569.0,True
902,567.0,1569.0,True
903,378.0,1569.0,True
904,630.0,1569.0,False
905,651.0,1569.0,True
906,441.0,1569.0,True
907,399.0,1569.0,True
908,651.0,1569.0,True
909,672.0,1569.0,True
910,483.0,1569.0,True
911,546.0,1569.0,True
912,630.0,1569.0,True
913,630.0,1569.0,False
914,714.0,1569.0,True
915,693.0,1569.0,True
916,651.0,1569.0,True
917,693.0,1569.0,True
918,630.0,1569.0,True
919,672.0,1569.0,True
920,714.0,1569.0,False
921,693.0,1569.0,True
922,693.0,1569.0,True
923,672.0,1569.0,True
924,693.0,1569.0,False
925,672.0,1569.0,True
926,756.0,1569.0,True
927,693.0,1569.0,True
928,693.0,1569.0,True
929,682.0,1569.0,False
930,693.0,1569.0,True
931,651.0,1569.0,True
932,651.0,1569.0,False
933,756.0,1569.0,True
934,714.0,1569.0,True
935,735.0,1569.0,False
936,630.0,1569.0,False
937,651.0,1569.0,True
938,672.0,1569.0,False
939,714.0,1569.0,False
940,978.0,1569.0,True
941,856.0,1569.0,False
942,845.0,1569.0,True
943,504.0,1569.0,True
944,836.0,1569.0,True
945,504.0,1569.0,True
946,723.0,1569.0,True
947,968.0,1569.0,False
948,1009.0,1569.0,True
949,315.0,1569.0,False
950,1018.0,1569.0,False
951,958.0,1569.0,True
952,651.0,1569.0,True
953,672.0,1569.0,True
954,714.0,1569.0,True
955,651.0,1569.0,False
956,630.0,1569.0,True
957,651.0,1569.0,True
958,714.0,1569.0,True
959,714.0,1569.0,True
960,672.0,1569.0,True
961,462.0,1569.0,True
962,525.0,1569.0,True
963,273.0,1569.0,True
964,525.0,1569.0,False
965,525.0,1569.0,True
966,399.0,1569.0,True
967,504.0,1569.0,True
968,504.0,1569.0,True
969,567.0,1569.0,True
970,567.0,1569.0,True
971,651.0,1569.0,True
972,567.0,1569.0,False
973,651.0,1569.0,True
974,630.0,1569.0,True
975,651.0,1569.0,True
976,693.0,1569.0,False
977,714.0,1569.0,True
978,609.0,1569.0,True
979,588.0,1569.0,False
980,651.0,1569.0,True
981,651.0,1569.0,True
982,651.0,1569.0,True
983,609.0,1569.0,True
984,630.0,1569.0,True
985,420.0,1569.0,True
986,567.0,1569.0,False
987,630.0,1569.0,False
988,672.0,1569.0,True
989,651.0,1569.0,False
990,609.0,1569.0,True
991,630.0,1569.0,False
992,525.0,1569.0,True
993,420.0,1569.0,True
994,567.0,1569.0,True
995,651.0,1569.0,True
996,630.0,1569.0,True
997,567.0,1569.0,True
998,546.0,1569.0,True
999,546.0,1569.0,True
