0,327.6,651.0,True
1,386.4,651.0,True
2,426.2,651.0,True
3,436.8,651.0,True
4,520.8,651.0,True
5,550.2,672.0,True
6,457.8,672.0,False
7,630.0,714.0,True
8,567.0,714.0,True
9,672.0,735.0,False
10,592.2,735.0,False
11,619.4,735.0,False
12,640.4,735.0,False
13,588.0,735.0,False
14,634.2,735.0,True
15,650.8,766.0,False
16,665.6,766.0,False
17,634.2,766.0,True
18,558.6,766.0,False
19,606.8,766.0,False
20,596.4,766.0,False
21,602.6,766.0,False
22,432.6,766.0,False
23,596.4,766.0,False
24,606.8,766.0,False
25,604.8,766.0,False
26,600.6,766.0,True
27,609.0,766.0,True
28,654.8,766.0,True
29,630.0,838.0,True
30,571.2,838.0,False
31,655.2,838.0,False
32,667.8,838.0,True
33,554.4,838.0,True
34,592.2,838.0,False
35,613.2,838.0,True
36,592.2,838.0,False
37,583.8,838.0,True
38,655.2,838.0,False
39,579.6,838.0,False
40,596.4,838.0,False
41,663.6,838.0,False
42,600.6,838.0,False
43,596.4,838.0,False
44,533.4,838.0,True
45,546.0,838.0,True
46,575.4,838.0,True
47,583.8,838.0,False
48,550.2,838.0,False
49,613.2,838.0,False
50,546.0,838.0,True
51,571.2,838.0,True
52,541.8,838.0,False
53,567.0,838.0,True
54,520.8,838.0,False
55,621.6,838.0,True
56,537.6,838.0,False
57,558.6,838.0,True
58,550.2,838.0,True
59,613.2,838.0,True
60,659.4,838.0,False
61,655.2,838.0,False
62,630.0,838.0,False
63,659.4,838.0,True
64,659.4,838.0,False
65,596.4,838.0,False
66,625.8,838.0,False
67,579.6,838.0,False
68,604.8,838.0,False
69,558.6,838.0,True
70,588.0,838.0,True
71,541.8,838.0,True
72,651.0,838.0,True
73,613.2,838.0,False
74,609.0,838.0,False
75,634.2,838.0,False
76,630.0,838.0,False
77,508.2,838.0,False
78,655.2,838.0,False
79,646.8,838.0,True
80,588.0,838.0,True
81,567.0,838.0,False
82,621.6,838.0,False
83,646.8,838.0,True
84,583.8,838.0,True
85,617.4,838.0,False
86,621.6,838.0,True
87,667.8,838.0,False
88,646.8,838.0,True
89,663.6,838.0,True
90,667.8,838.0,False
91,642.6,838.0,True
92,588.0,838.0,False
93,642.6,838.0,False
94,642.6,838.0,False
95,630.0,838.0,False
96,617.4,838.0,False
97,638.4,838.0,False
98,663.6,838.0,False
99,609.0,838.0,False
100,655.2,838.0,False
101,609.0,838.0,False
102,655.2,838.0,False
103,491.4,838.0,True
104,352.8,838.0,False
105,474.6,838.0,False
106,432.6,838.0,False
107,483.0,838.0,False
108,588.0,838.0,True
109,591.8,838.0,True
110,579.6,838.0,False
111,672.0,838.0,True
112,617.4,838.0,True
113,663.6,838.0,True
114,638.4,838.0,True
115,583.8,838.0,False
116,646.8,838.0,False
117,588.0,838.0,True
118,596.4,838.0,True
119,575.4,838.0,True
120,613.2,838.0,False
121,558.6,838.0,False
122,571.2,838.0,False
123,609.0,838.0,False
124,583.8,838.0,False
125,672.0,838.0,True
126,604.8,838.0,True
127,621.6,838.0,False
128,630.0,838.0,False
129,638.4,838.0,False
130,537.6,838.0,True
131,336.0,838.0,False
132,491.4,838.0,False
133,411.6,838.0,False
134,533.4,838.0,False
135,504.0,838.0,True
136,516.6,838.0,True
137,453.6,838.0,True
138,441.0,838.0,False
139,474.6,838.0,False
140,445.2,838.0,True
141,411.6,838.0,False
142,432.6,838.0,False
143,466.2,838.0,True
144,474.6,838.0,False
145,445.2,838.0,False
146,457.8,838.0,True
147,441.0,838.0,True
148,457.8,838.0,True
149,428.4,838.0,True
150,474.6,838.0,True
151,378.0,838.0,True
152,420.0,838.0,True
153,508.2,838.0,True
154,470.4,838.0,True
155,579.6,838.0,True
156,495.6,838.0,True
157,512.4,838.0,False
158,550.2,838.0,False
159,554.4,838.0,True
160,483.0,838.0,True
161,470.4,838.0,False
162,550.2,838.0,True
163,441.0,838.0,False
164,436.8,838.0,True
165,533.4,838.0,True
166,466.2,838.0,True
167,621.6,838.0,True
168,554.4,838.0,True
169,466.2,838.0,True
170,504.0,838.0,False
171,495.6,838.0,False
172,546.0,838.0,True
173,499.8,838.0,False
174,554.4,838.0,True
175,567.0,838.0,True
176,508.2,838.0,True
177,432.6,838.0,False
178,445.2,838.0,True
179,407.4,838.0,True
180,466.2,838.0,False
181,462.0,838.0,True
182,462.0,838.0,False
183,386.4,838.0,False
184,495.6,838.0,True
185,491.4,838.0,True
186,516.6,838.0,False
187,520.8,838.0,True
188,579.6,838.0,False
189,571.2,838.0,True
190,558.6,838.0,True
191,478.8,838.0,False
192,554.4,838.0,False
193,541.8,838.0,False
194,588.0,838.0,False
195,575.4,838.0,True
196,579.6,838.0,True
197,512.4,838.0,True
198,554.4,838.0,True
199,537.6,838.0,True
