0,105.0,105.0,True
0,399.0,399.0,True
1,630.0,630.0,True
0,357.0,357.0,True
1,525.0,525.0,True
2,462.0,525.0,True
3,504.0,525.0,False
4,462.0,525.0,True
5,651.0,651.0,True
6,672.0,672.0,True
7,315.0,672.0,False
8,546.0,672.0,True
9,546.0,672.0,False
10,462.0,672.0,False
11,525.0,672.0,True
12,399.0,672.0,True
13,588.0,672.0,True
14,462.0,672.0,True
15,399.0,672.0,True
16,462.0,672.0,False
17,525.0,672.0,True
18,504.0,672.0,False
19,441.0,672.0,True
20,588.0,672.0,True
21,357.0,672.0,True
22,483.0,672.0,True
23,399.0,672.0,True
24,420.0,672.0,True
25,609.0,672.0,False
26,567.0,672.0,True
27,441.0,672.0,True
28,504.0,672.0,False
29,609.0,672.0,True
30,504.0,672.0,False
31,546.0,672.0,True
32,630.0,672.0,False
33,357.0,672.0,True
34,378.0,672.0,True
35,462.0,672.0,True
36,588.0,672.0,True
37,462.0,672.0,True
38,546.0,672.0,True
39,609.0,672.0,True
40,630.0,672.0,True
41,630.0,672.0,True
42,630.0,672.0,True
43,630.0,672.0,True
44,525.0,672.0,False
45,525.0,672.0,True
46,399.0,672.0,False
47,504.0,672.0,False
48,609.0,672.0,True
49,672.0,672.0,True
50,378.0,672.0,True
51,714.0,714.0,True
52,672.0,714.0,False
53,399.0,714.0,True
54,651.0,714.0,False
55,609.0,714.0,True
56,420.0,714.0,True
57,420.0,714.0,True
58,420.0,714.0,True
59,546.0,714.0,True
60,546.0,714.0,True
61,462.0,714.0,False
62,399.0,714.0,True
63,441.0,714.0,True
64,588.0,714.0,True
65,546.0,714.0,True
66,483.0,714.0,True
67,546.0,714.0,False
68,588.0,714.0,True
69,483.0,714.0,True
70,630.0,714.0,True
71,504.0,714.0,True
72,420.0,714.0,True
73,252.0,714.0,True
74,462.0,714.0,True
75,462.0,714.0,False
76,651.0,714.0,True
77,504.0,714.0,False
78,483.0,714.0,True
79,546.0,714.0,True
80,672.0,714.0,True
81,525.0,714.0,True
82,630.0,714.0,True
83,504.0,714.0,False
84,504.0,714.0,True
85,357.0,714.0,True
86,546.0,714.0,True
87,504.0,714.0,False
88,651.0,714.0,True
89,630.0,714.0,True
90,525.0,714.0,True
91,420.0,714.0,False
92,546.0,714.0,True
93,525.0,714.0,True
94,462.0,714.0,True
95,441.0,714.0,True
96,672.0,714.0,True
97,462.0,714.0,True
98,483.0,714.0,True
99,378.0,714.0,True
100,546.0,714.0,False
101,504.0,714.0,False
102,504.0,714.0,True
103,504.0,714.0,False
104,567.0,714.0,True
105,525.0,714.0,True
106,462.0,714.0,True
107,525.0,714.0,True
108,525.0,714.0,False
109,525.0,714.0,True
110,462.0,714.0,True
111,588.0,714.0,True
112,525.0,714.0,False
113,630.0,714.0,False
114,588.0,714.0,True
115,672.0,714.0,True
116,462.0,714.0,True
117,630.0,714.0,True
118,525.0,714.0,True
119,588.0,714.0,True
120,525.0,714.0,True
121,525.0,714.0,True
122,588.0,714.0,True
123,546.0,714.0,True
124,525.0,714.0,True
125,588.0,714.0,True
126,378.0,714.0,False
127,483.0,714.0,True
128,525.0,714.0,True
129,546.0,714.0,True
130,672.0,714.0,True
131,777.0,777.0,True
132,672.0,777.0,True
133,420.0,777.0,True
134,504.0,777.0,False
135,609.0,777.0,True
136,651.0,777.0,True
137,714.0,777.0,False
138,672.0,777.0,True
139,630.0,777.0,True
140,504.0,777.0,True
141,651.0,777.0,True
142,630.0,777.0,False
143,630.0,777.0,True
144,609.0,777.0,False
145,630.0,777.0,True
146,672.0,777.0,False
147,630.0,777.0,True
148,693.0,777.0,True
149,693.0,777.0,True
150,441.0,777.0,True
151,651.0,777.0,True
152,630.0,777.0,True
153,441.0,777.0,True
154,462.0,777.0,True
155,420.0,777.0,True
156,546.0,777.0,True
157,462.0,777.0,True
158,462.0,777.0,True
159,630.0,777.0,True
160,462.0,777.0,True
161,546.0,777.0,True
162,462.0,777.0,True
163,483.0,777.0,True
164,462.0,777.0,True
165,504.0,777.0,True
166,525.0,777.0,True
167,441.0,777.0,True
168,420.0,777.0,True
169,462.0,777.0,False
170,546.0,777.0,False
171,441.0,777.0,False
172,546.0,777.0,True
173,525.0,777.0,True
174,504.0,777.0,True
175,462.0,777.0,True
176,504.0,777.0,True
177,588.0,777.0,True
178,420.0,777.0,False
179,546.0,777.0,False
180,504.0,777.0,True
181,630.0,777.0,True
182,546.0,777.0,True
183,399.0,777.0,True
184,630.0,777.0,True
185,588.0,777.0,True
186,504.0,777.0,True
187,357.0,777.0,True
188,525.0,777.0,True
189,525.0,777.0,True
190,357.0,777.0,True
191,672.0,777.0,True
192,630.0,777.0,True
193,525.0,777.0,True
194,399.0,777.0,False
195,504.0,777.0,True
196,483.0,777.0,True
197,462.0,777.0,True
198,420.0,777.0,False
199,378.0,777.0,True
