0,-6.6,0,True
1,-3.2,1.0,True
2,-2.6,1.0,True
3,-2.8,2.0,True
4,-4.6,2.0,True
5,-6.2,2.0,False
6,-3.6,2.0,False
7,-8.6,2.0,False
8,-4.2,3.0,False
9,-4.0,3.0,False
10,-7.6,3.0,False
11,-5.2,3.0,False
12,-4.4,3.0,False
13,2.6,13.0,True
14,2.0,13.0,False
15,1.8,13.0,True
16,3.2,16.0,True
17,-3.0,16.0,False
18,1.0,16.0,True
19,6.2,16.0,False
20,2.0,16.0,False
21,13.8,32.0,True
22,8.4,32.0,True
23,4.0,32.0,False
24,6.4,32.0,True
25,7.8,32.0,False
26,0.4,32.0,False
27,2.4,32.0,False
28,5.0,32.0,True
29,8.6,32.0,True
30,9.6,32.0,False
31,2.6,32.0,True
32,5.0,32.0,False
33,7.2,32.0,False
34,3.2,32.0,True
35,1.4,32.0,False
36,3.8,32.0,True
37,-5.2,32.0,False
38,1.4,32.0,False
39,-2.2,32.0,True
40,-2.2,32.0,True
41,0.6,32.0,True
42,1.0,32.0,True
43,1.8,32.0,False
44,-0.6,32.0,False
45,1.0,32.0,False
46,3.0,32.0,False
47,0.2,32.0,True
48,3.0,32.0,False
49,2.4,32.0,True
50,5.6,32.0,True
51,9.0,32.0,True
52,2.4,32.0,False
53,3.6,32.0,True
54,1.8,32.0,False
55,0.6,32.0,True
56,13.4,32.0,True
57,14.8,42.0,False
58,13.4,42.0,False
59,20.8,53.0,True
60,11.8,53.0,False
61,12.8,53.0,False
62,8.0,53.0,True
63,10.8,53.0,False
64,18.4,53.0,True
65,27.6,53.0,False
66,31.8,62.0,True
67,41.4,62.0,True
68,32.8,62.0,False
69,41.6,62.0,False
70,40.4,62.0,True
71,33.6,62.0,False
72,42.6,62.0,True
73,35.4,62.0,True
74,34.8,62.0,False
75,25.8,62.0,False
76,20.8,62.0,True
77,33.6,62.0,True
78,30.8,62.0,True
79,29.4,62.0,True
80,29.8,62.0,True
81,20.6,62.0,False
82,38.0,62.0,True
83,30.6,62.0,False
84,39.2,62.0,False
85,39.4,62.0,False
86,32.2,62.0,True
87,36.2,62.0,False
88,21.4,62.0,False
89,31.2,62.0,False
90,29.6,62.0,False
91,39.0,62.0,False
92,42.0,62.0,False
93,41.4,62.0,False
94,29.0,62.0,False
95,31.8,62.0,False
96,39.2,62.0,False
97,38.6,62.0,False
98,20.6,62.0,False
99,35.2,62.0,False
100,39.8,62.0,False
101,34.4,62.0,True
102,22.6,62.0,True
103,21.4,62.0,False
104,27.6,62.0,True
105,25.0,62.0,False
106,20.6,62.0,False
107,28.2,62.0,False
108,26.8,62.0,True
109,32.6,62.0,False
110,30.0,62.0,False
111,31.0,62.0,True
112,34.4,66.0,True
113,35.0,66.0,False
114,39.0,66.0,False
115,36.6,66.0,True
116,28.0,66.0,True
117,25.4,66.0,True
118,36.2,66.0,False
119,29.8,66.0,True
120,29.8,66.0,False
121,20.6,66.0,False
122,34.2,66.0,False
123,24.8,66.0,False
124,31.0,66.0,False
125,26.8,66.0,True
126,23.2,66.0,False
127,23.4,66.0,True
128,31.0,66.0,True
129,21.0,66.0,False
130,29.4,66.0,False
131,27.8,66.0,False
132,25.8,66.0,False
133,33.4,66.0,False
134,30.4,66.0,True
135,31.8,66.0,True
136,31.2,66.0,False
137,27.8,66.0,False
138,35.4,66.0,True
139,21.6,66.0,False
140,49.8,66.0,True
141,37.6,66.0,False
142,46.8,66.0,False
143,38.2,66.0,False
144,45.0,66.0,False
145,44.0,66.0,False
146,44.2,66.0,False
147,43.6,66.0,False
148,40.4,66.0,False
149,41.4,66.0,False
150,45.0,66.0,False
151,48.0,73.0,False
152,43.4,73.0,False
153,38.2,73.0,False
154,39.2,73.0,False
155,50.4,73.0,False
156,52.6,73.0,False
157,27.2,73.0,False
158,36.0,73.0,False
159,39.4,73.0,False
160,42.2,73.0,False
161,51.0,73.0,True
162,35.2,73.0,False
163,42.6,73.0,True
164,38.8,73.0,False
165,35.6,73.0,False
166,34.4,73.0,False
167,45.8,73.0,False
168,49.0,73.0,True
169,42.6,73.0,False
170,35.4,73.0,True
171,34.2,73.0,True
172,27.4,73.0,True
173,32.8,73.0,False
174,27.4,73.0,False
175,26.0,73.0,True
176,25.4,73.0,True
177,29.6,73.0,False
178,33.4,73.0,False
179,34.4,73.0,True
180,34.6,73.0,False
181,43.0,73.0,False
182,39.6,73.0,False
183,35.4,73.0,False
184,38.0,73.0,False
185,35.0,73.0,True
186,41.4,73.0,True
187,36.4,73.0,False
188,34.0,73.0,False
189,37.6,73.0,True
190,35.6,73.0,True
191,35.4,73.0,True
192,23.0,73.0,False
193,29.4,73.0,False
194,42.0,73.0,True
195,38.2,73.0,True
196,42.6,73.0,False
197,37.8,73.0,False
198,35.2,73.0,True
199,32.0,73.0,True
