0,0.0,0.0,True
1,0.0,0.0,True
2,0.0,0.0,True
3,0.0,0.0,True
4,0.0,0.0,True
5,0.0,0.0,True
6,0.0,0.0,True
7,0.0,0.0,True
8,0.0,0.0,True
9,0.0,0.0,True
10,0.0,0.0,True
11,0.0,0.0,True
12,0.0,0.0,True
13,0.0,0.0,True
14,0.0,0.0,True
15,0.0,0.0,True
16,3.2,7.0,True
17,3.8,7.0,False
18,3.2,7.0,True
19,2.2,7.0,True
20,2.0,7.0,True
21,3.8,7.0,True
22,1.8,7.0,True
23,1.8,7.0,True
24,2.2,7.0,True
25,2.0,7.0,True
26,3.4,7.0,True
27,4.0,7.0,True
28,4.2,7.0,False
29,4.2,7.0,False
30,4.2,7.0,True
31,4.2,7.0,True
32,4.4,7.0,True
33,4.2,7.0,False
34,4.4,7.0,True
35,4.2,7.0,True
36,4.0,7.0,False
37,4.6,7.0,False
38,4.2,7.0,False
39,4.2,7.0,False
40,4.8,7.0,True
41,4.6,7.0,False
42,5.4,7.0,False
43,5.2,7.0,False
44,5.6,7.0,False
45,4.6,7.0,False
46,5.8,8.0,False
47,5.2,8.0,False
48,5.2,8.0,False
49,5.2,8.0,False
50,5.0,8.0,False
51,4.8,8.0,False
52,4.4,8.0,False
53,5.8,8.0,False
54,4.6,8.0,True
55,5.0,8.0,False
56,4.8,8.0,False
57,5.0,8.0,False
58,5.4,8.0,False
59,5.6,8.0,False
60,5.8,8.0,False
61,6.0,8.0,True
62,5.0,8.0,False
63,5.6,8.0,False
64,4.4,8.0,False
65,5.8,8.0,False
66,5.4,8.0,False
67,5.0,8.0,False
68,4.8,8.0,True
69,4.8,8.0,False
70,4.6,8.0,False
71,4.8,8.0,False
72,5.2,8.0,False
73,4.8,8.0,False
74,4.6,8.0,False
75,5.8,8.0,False
76,5.6,8.0,True
77,4.8,8.0,False
78,6.6,10.0,True
79,5.8,10.0,False
80,5.0,10.0,False
81,5.0,10.0,False
82,6.0,10.0,False
83,5.6,10.0,False
84,5.8,10.0,False
85,5.2,10.0,True
86,5.2,10.0,True
87,5.8,10.0,False
88,5.2,10.0,False
89,5.4,10.0,False
90,4.2,10.0,False
91,5.6,10.0,False
92,6.0,10.0,False
93,5.4,10.0,False
94,4.8,10.0,False
95,5.6,10.0,False
96,5.8,10.0,False
97,6.4,10.0,False
98,5.6,10.0,True
99,6.0,10.0,False
100,5.0,10.0,False
101,4.8,10.0,False
102,5.4,10.0,False
103,5.6,10.0,False
104,6.0,10.0,False
105,5.4,10.0,False
106,4.6,10.0,False
107,5.4,10.0,True
108,5.6,10.0,False
109,5.2,10.0,False
110,4.6,10.0,False
111,5.4,10.0,False
112,5.8,10.0,False
113,5.4,10.0,False
114,5.8,10.0,False
115,4.6,10.0,False
116,5.0,10.0,False
117,5.0,10.0,False
118,4.4,10.0,False
119,4.8,10.0,False
120,4.8,10.0,False
121,5.4,10.0,False
122,5.2,10.0,False
123,5.6,10.0,False
124,5.2,10.0,False
125,5.8,10.0,False
126,6.0,10.0,False
127,5.6,10.0,False
128,5.2,10.0,True
129,6.0,10.0,False
130,5.6,10.0,False
131,5.0,10.0,False
132,5.2,10.0,False
133,6.2,10.0,True
134,4.4,10.0,False
135,6.2,10.0,False
136,5.8,10.0,False
137,5.2,10.0,False
138,5.0,10.0,False
139,5.6,10.0,False
140,5.8,10.0,False
141,5.4,10.0,False
142,5.2,10.0,True
143,4.8,10.0,False
144,4.8,10.0,True
145,4.8,10.0,False
146,5.0,10.0,False
147,5.2,10.0,False
148,5.4,10.0,False
149,5.2,10.0,False
150,4.8,10.0,False
151,4.4,10.0,False
152,4.2,10.0,False
153,5.0,10.0,False
154,4.6,10.0,False
155,4.4,10.0,False
156,5.2,10.0,True
157,4.4,10.0,False
158,5.2,10.0,False
159,4.8,10.0,False
160,4.4,10.0,False
161,4.8,10.0,False
162,4.4,10.0,False
163,5.2,10.0,False
164,4.8,10.0,False
165,4.4,10.0,False
166,4.8,10.0,False
167,4.6,10.0,False
168,5.0,10.0,False
169,4.4,10.0,False
170,5.0,10.0,False
171,5.0,10.0,False
172,4.4,10.0,False
173,4.6,10.0,False
174,5.0,10.0,False
175,5.2,10.0,False
176,5.2,10.0,False
177,4.8,10.0,False
178,4.6,10.0,False
179,5.0,10.0,False
180,5.0,10.0,False
181,5.0,10.0,False
182,5.0,10.0,False
183,5.2,10.0,True
184,5.2,10.0,False
185,4.4,10.0,False
186,5.2,10.0,False
187,4.4,10.0,False
188,4.6,10.0,False
189,4.4,10.0,False
190,4.8,10.0,False
191,4.8,10.0,False
192,5.2,10.0,False
193,4.2,10.0,False
194,5.0,10.0,False
195,4.8,10.0,False
196,4.6,10.0,False
197,4.6,10.0,False
198,4.2,10.0,False
199,4.0,10.0,False
