0,100.0,100.0,True
1,100.0,100.0,True
2,116.0,140.0,True
3,136.0,200.0,True
4,140.0,200.0,False
5,160.0,200.0,True
6,180.0,200.0,True
7,188.0,220.0,False
8,188.0,220.0,False
9,180.0,220.0,False
10,180.0,220.0,True
11,200.0,220.0,True
12,204.0,220.0,True
13,200.0,220.0,False
14,200.0,220.0,True
15,200.0,220.0,False
16,204.0,220.0,False
17,200.0,220.0,True
18,208.0,280.0,False
19,204.0,280.0,False
20,200.0,280.0,False
21,200.0,280.0,True
22,200.0,280.0,False
23,200.0,280.0,False
24,212.0,280.0,False
25,236.0,280.0,True
26,220.0,280.0,True
27,196.0,280.0,False
28,192.0,280.0,True
29,224.0,280.0,True
30,196.0,280.0,True
31,188.0,280.0,True
32,192.0,280.0,False
33,184.0,280.0,True
34,188.0,280.0,False
35,180.0,280.0,True
36,204.0,280.0,True
37,212.0,280.0,False
38,212.0,280.0,False
39,216.0,280.0,True
40,256.0,280.0,True
41,276.0,320.0,True
42,284.0,340.0,True
43,260.0,340.0,False
44,272.0,340.0,False
45,260.0,340.0,True
46,276.0,340.0,False
47,272.0,340.0,False
48,256.0,340.0,False
49,308.0,340.0,False
50,296.0,340.0,True
51,260.0,340.0,False
52,280.0,340.0,False
53,268.0,340.0,False
54,264.0,340.0,False
55,256.0,340.0,False
56,260.0,340.0,False
57,288.0,340.0,False
58,256.0,340.0,False
59,280.0,340.0,False
60,288.0,340.0,False
61,292.0,340.0,False
62,264.0,340.0,True
63,268.0,360.0,True
64,312.0,380.0,False
65,300.0,380.0,True
66,296.0,380.0,False
67,324.0,380.0,False
68,284.0,380.0,False
69,264.0,380.0,False
70,288.0,380.0,False
71,312.0,380.0,False
72,304.0,380.0,True
73,268.0,380.0,False
74,236.0,380.0,False
75,284.0,380.0,False
76,296.0,380.0,True
77,260.0,380.0,False
78,308.0,380.0,True
79,296.0,380.0,True
80,264.0,380.0,False
81,296.0,380.0,True
82,312.0,380.0,False
83,304.0,380.0,False
84,280.0,380.0,False
85,304.0,380.0,False
86,284.0,380.0,False
87,312.0,380.0,False
88,256.0,380.0,False
89,256.0,380.0,False
90,272.0,380.0,True
91,304.0,400.0,True
92,280.0,400.0,True
93,284.0,400.0,False
94,352.0,540.0,False
95,376.0,540.0,False
96,320.0,540.0,True
97,380.0,540.0,False
98,380.0,540.0,True
99,352.0,540.0,True
100,296.0,540.0,True
101,268.0,540.0,True
102,324.0,560.0,True
103,272.0,560.0,False
104,296.0,560.0,True
105,308.0,560.0,True
106,288.0,560.0,False
107,244.0,560.0,True
108,260.0,560.0,False
109,252.0,560.0,False
110,364.0,560.0,True
111,380.0,560.0,True
112,368.0,660.0,False
113,312.0,660.0,False
114,392.0,660.0,True
115,452.0,740.0,False
116,424.0,740.0,True
117,364.0,740.0,False
118,452.0,740.0,False
119,464.0,740.0,False
120,388.0,740.0,False
121,376.0,740.0,True
122,444.0,740.0,False
123,468.0,740.0,False
124,472.0,740.0,False
125,548.0,740.0,False
126,428.0,740.0,False
127,400.0,740.0,True
128,464.0,740.0,False
129,488.0,740.0,False
130,432.0,740.0,True
131,380.0,740.0,False
132,416.0,740.0,False
133,404.0,740.0,False
134,456.0,740.0,False
135,444.0,740.0,False
136,444.0,740.0,False
137,444.0,740.0,True
138,420.0,740.0,False
139,364.0,740.0,False
140,432.0,740.0,False
141,440.0,740.0,False
142,424.0,740.0,False
143,352.0,740.0,False
144,336.0,740.0,False
145,364.0,740.0,False
146,432.0,740.0,False
147,460.0,740.0,False
148,476.0,740.0,False
149,428.0,740.0,False
150,284.0,740.0,False
151,496.0,740.0,False
152,408.0,740.0,True
153,432.0,740.0,False
154,520.0,740.0,True
155,400.0,740.0,False
156,416.0,740.0,False
157,452.0,740.0,True
158,380.0,740.0,False
159,548.0,740.0,False
160,424.0,740.0,False
161,432.0,740.0,True
162,444.0,740.0,True
163,428.0,740.0,False
164,400.0,740.0,False
165,432.0,740.0,False
166,428.0,740.0,False
167,540.0,740.0,True
168,392.0,740.0,False
169,356.0,740.0,True
170,436.0,740.0,False
171,368.0,740.0,False
172,424.0,740.0,True
173,472.0,740.0,True
174,388.0,740.0,False
175,344.0,740.0,False
176,340.0,740.0,False
177,400.0,740.0,True
178,420.0,740.0,True
179,448.0,740.0,False
180,460.0,740.0,True
181,404.0,740.0,True
182,380.0,740.0,False
183,424.0,740.0,True
184,464.0,740.0,False
185,404.0,740.0,False
186,476.0,740.0,False
187,392.0,740.0,False
188,444.0,740.0,False
189,436.0,740.0,False
190,472.0,740.0,False
191,480.0,740.0,True
192,468.0,740.0,True
193,412.0,740.0,True
194,340.0,740.0,False
195,376.0,740.0,False
196,400.0,740.0,False
197,460.0,740.0,False
198,420.0,740.0,False
199,448.0,740.0,False
