0,-30000.0,0,True
1,-30000.0,0,True
2,-30000.0,0,True
3,-30000.0,0,True
4,-30000.0,0,True
5,-30000.0,0,True
6,-30000.0,0,True
7,-30000.0,0,True
8,-30000.0,0,True
9,-30000.0,0,True
10,-30000.0,0,True
11,-30000.0,0,True
12,-30000.0,0,True
13,-30000.0,0,True
14,-30000.0,0,True
15,-30000.0,0,True
16,-30000.0,0,True
17,-30000.0,0,True
18,-30000.0,0,True
19,-30000.0,0,True
20,-30000.0,0,True
21,-30000.0,0,True
22,-18344.6,0,True
23,-9013.0,0,True
24,-9013.0,0,True
25,-9013.0,0,True
26,-9013.0,0,True
27,-9013.0,0,True
28,-9013.0,0,True
29,-9013.0,0,True
30,-9013.0,0,True
31,-9013.0,0,True
32,-9013.0,0,True
33,-9013.0,0,True
34,-9013.0,0,True
35,-9013.0,0,True
36,-9013.0,0,True
37,-9013.0,0,True
38,-9013.0,0,True
39,-9013.0,0,True
40,-9013.0,0,True
41,-9013.0,0,True
42,-9013.0,0,True
43,-9013.0,0,True
44,-9013.0,0,True
45,-9013.0,0,True
46,-9013.0,0,True
47,-9013.0,0,True
48,-9013.0,0,True
49,-9013.0,0,True
50,-9013.0,0,True
51,-9013.0,0,True
52,-9013.0,0,True
53,-9013.0,0,True
54,-9013.0,0,True
55,-9013.0,0,True
56,-9013.0,0,True
57,-9013.0,0,True
58,-9013.0,0,True
59,-9013.0,0,True
60,-9013.0,0,True
61,-9013.0,0,True
62,-9013.0,0,True
63,-9013.0,0,True
64,-9013.0,0,False
65,-9013.0,0,True
66,-9013.0,0,True
67,-9013.0,0,True
68,-9013.0,0,True
69,-9013.0,0,True
70,-9013.0,0,True
71,-9013.0,0,True
72,-9013.0,0,True
73,-9013.0,0,True
74,-9013.0,0,True
75,-9013.0,0,True
76,-9013.0,0,True
77,-9013.0,0,True
78,-9013.0,0,True
79,-9013.0,0,True
80,-9013.0,0,True
81,-9013.0,0,True
82,-9013.0,0,True
83,-9013.0,0,True
84,-9013.0,0,True
85,-9013.0,0,True
86,-9013.0,0,True
87,-9013.0,0,True
88,-9013.0,0,True
89,-9013.0,0,True
90,-9013.0,0,True
91,-9013.0,0,True
92,-9013.0,0,True
93,-9013.0,0,True
94,-9013.0,0,True
95,-9013.0,0,True
96,-9013.0,0,True
97,-9013.0,0,True
98,-9013.0,0,True
99,-9013.0,0,True
100,-9013.0,0,True
101,-9013.0,0,True
102,-9013.0,0,True
103,-9013.0,0,True
104,-9013.0,0,True
105,-9013.0,0,True
106,-9013.0,0,True
107,-9013.0,0,True
108,-9013.0,0,True
109,-9013.0,0,True
110,-9013.0,0,True
111,-9013.0,0,True
112,-9013.0,0,True
113,-9013.0,0,True
114,-9013.0,0,False
115,-9013.0,0,True
116,-9013.0,0,True
117,-9013.0,0,True
118,-9013.0,0,True
119,-9013.0,0,True
120,-9013.0,0,True
121,-9013.0,0,True
122,-9013.0,0,True
123,-9013.0,0,True
124,-9013.0,0,True
125,-9013.0,0,True
126,-9013.0,0,True
127,-9013.0,0,True
128,-9013.0,0,False
129,-9013.0,0,True
130,-9013.0,0,True
131,-9013.0,0,True
132,-9013.0,0,True
133,-9013.0,0,True
134,-9013.0,0,True
135,-9013.0,0,True
136,-9013.0,0,True
137,-9013.0,0,True
138,-9013.0,0,True
139,-9013.0,0,True
140,-9013.0,0,True
141,-9013.0,0,True
142,-9013.0,0,True
143,-9013.0,0,True
144,-9013.0,0,True
145,-9013.0,0,True
146,-9013.0,0,True
147,-9013.0,0,True
148,-9013.0,0,True
149,-9013.0,0,True
150,-9013.0,0,True
151,-9013.0,0,True
152,-9013.0,0,True
153,-9013.0,0,True
154,-9013.0,0,True
155,-9013.0,0,True
156,-9013.0,0,True
157,-9013.0,0,True
158,-9013.0,0,True
159,-9013.0,0,True
160,-9013.0,0,True
161,-9013.0,0,True
162,-9013.0,0,True
163,-9013.0,0,True
164,-9013.0,0,True
165,-9013.0,0,True
166,-9013.0,0,True
167,-9013.0,0,True
168,-9013.0,0,True
169,-9013.0,0,True
170,-9013.0,0,True
171,-9013.0,0,True
172,-9013.0,0,False
173,-9013.0,0,True
174,-9013.0,0,True
175,-9013.0,0,True
176,-9013.0,0,True
177,-9013.0,0,True
178,-9013.0,0,True
179,-9013.0,0,True
180,-9013.0,0,True
181,-9013.0,0,True
182,-9013.0,0,True
183,-9013.0,0,True
184,-9013.0,0,True
185,-9013.0,0,True
186,-9013.0,0,True
187,-9013.0,0,True
188,-9013.0,0,True
189,-9013.0,0,True
190,-9013.0,0,True
191,-9013.0,0,True
192,-9013.0,0,True
193,-9013.0,0,True
194,-9013.0,0,False
195,-9013.0,0,True
196,-9013.0,0,True
197,-9013.0,0,False
198,-9013.0,0,True
199,-9013.0,0,False
