0,0.0,0.0,True
1,0.0,0.0,True
2,0.0,0.0,True
3,0.0,0.0,True
4,0.0,0.0,True
5,0.0,0.0,True
6,0.0,0.0,True
7,0.0,0.0,True
8,0.0,0.0,True
9,0.0,0.0,True
10,0.0,0.0,True
11,0.0,0.0,True
12,0.0,0.0,True
13,0.0,0.0,True
14,0.0,0.0,True
15,0.0,0.0,True
16,0.0,0.0,True
17,0.0,0.0,True
18,168.0,168.0,True
19,168.0,168.0,True
20,483.0,483.0,True
21,399.0,483.0,True
22,672.0,672.0,True
23,189.0,672.0,True
24,315.0,672.0,True
25,504.0,672.0,True
26,357.0,672.0,True
27,462.0,672.0,True
28,420.0,672.0,False
29,630.0,672.0,True
30,483.0,672.0,False
31,441.0,672.0,True
32,462.0,672.0,True
33,546.0,672.0,True
34,462.0,672.0,False
35,462.0,672.0,False
36,546.0,672.0,True
37,357.0,672.0,True
38,420.0,672.0,True
39,567.0,672.0,True
40,630.0,672.0,True
41,546.0,672.0,True
42,546.0,672.0,True
43,420.0,672.0,True
44,462.0,672.0,True
45,567.0,672.0,True
46,672.0,672.0,True
47,714.0,714.0,False
48,693.0,714.0,True
49,798.0,798.0,True
50,546.0,798.0,False
51,672.0,798.0,True
52,672.0,798.0,True
53,756.0,798.0,True
54,672.0,798.0,True
55,651.0,798.0,False
56,735.0,798.0,True
57,630.0,798.0,True
58,462.0,798.0,True
59,630.0,798.0,False
60,420.0,798.0,True
61,504.0,798.0,True
62,525.0,798.0,True
63,504.0,798.0,True
64,399.0,798.0,True
65,315.0,798.0,False
66,504.0,798.0,True
67,693.0,798.0,True
68,693.0,798.0,True
69,399.0,798.0,True
70,483.0,798.0,True
71,462.0,798.0,True
72,441.0,798.0,True
73,441.0,798.0,True
74,525.0,798.0,True
75,378.0,798.0,True
76,441.0,798.0,True
77,504.0,798.0,True
78,420.0,798.0,True
79,462.0,798.0,True
80,504.0,798.0,False
81,441.0,798.0,True
82,567.0,798.0,True
83,588.0,798.0,True
84,483.0,798.0,True
85,567.0,798.0,True
86,462.0,798.0,True
87,462.0,798.0,True
88,672.0,798.0,True
89,672.0,798.0,True
90,651.0,798.0,False
91,651.0,798.0,True
92,651.0,798.0,False
93,672.0,798.0,False
94,672.0,798.0,True
95,651.0,798.0,False
96,651.0,798.0,True
97,714.0,798.0,False
98,672.0,798.0,True
99,651.0,798.0,True
100,651.0,798.0,True
101,672.0,798.0,True
102,693.0,798.0,True
103,672.0,798.0,True
104,693.0,798.0,True
105,693.0,798.0,False
106,672.0,798.0,True
107,693.0,798.0,True
108,693.0,798.0,False
109,609.0,798.0,True
110,693.0,798.0,True
111,651.0,798.0,True
112,630.0,798.0,True
113,630.0,798.0,False
114,651.0,798.0,True
115,714.0,798.0,False
116,693.0,798.0,False
117,567.0,798.0,False
118,735.0,798.0,True
119,672.0,798.0,True
120,693.0,798.0,False
121,693.0,798.0,True
122,798.0,798.0,True
123,651.0,798.0,True
124,630.0,798.0,True
125,588.0,798.0,True
126,651.0,798.0,True
127,693.0,798.0,False
128,651.0,798.0,True
129,735.0,798.0,False
130,630.0,798.0,True
131,693.0,798.0,True
132,672.0,798.0,True
133,714.0,798.0,True
134,714.0,798.0,True
135,714.0,798.0,True
136,630.0,798.0,False
137,672.0,798.0,True
138,693.0,798.0,False
139,735.0,798.0,True
140,735.0,798.0,False
141,672.0,798.0,True
142,714.0,798.0,True
143,692.0,798.0,True
144,868.0,868.0,True
145,672.0,868.0,True
146,672.0,868.0,True
147,672.0,868.0,True
148,609.0,868.0,False
149,693.0,868.0,True
150,693.0,868.0,True
151,787.0,868.0,True
152,766.0,868.0,True
153,745.0,868.0,False
154,651.0,868.0,True
155,735.0,868.0,False
156,693.0,868.0,True
157,693.0,868.0,False
158,714.0,868.0,False
159,672.0,868.0,True
160,651.0,868.0,False
161,651.0,868.0,True
162,672.0,868.0,True
163,693.0,868.0,True
164,714.0,868.0,True
165,630.0,868.0,True
166,735.0,868.0,True
167,714.0,868.0,True
168,735.0,868.0,True
169,756.0,868.0,True
170,745.0,868.0,True
171,693.0,868.0,False
172,609.0,868.0,False
173,693.0,868.0,False
174,693.0,868.0,False
175,672.0,868.0,False
176,714.0,868.0,False
177,672.0,868.0,True
178,714.0,868.0,False
179,735.0,868.0,False
180,630.0,868.0,False
181,693.0,868.0,True
182,714.0,868.0,False
183,1739.0,1739.0,True
184,567.0,1739.0,False
185,733.0,1739.0,True
186,816.0,1739.0,True
187,630.0,1739.0,False
188,837.0,1739.0,False
189,838.0,1739.0,False
190,755.0,1739.0,False
191,786.0,1739.0,False
192,651.0,1739.0,True
193,420.0,1739.0,True
194,399.0,1739.0,True
195,462.0,1739.0,False
196,399.0,1739.0,True
197,378.0,1739.0,True
198,441.0,1739.0,True
199,504.0,1739.0,True
200,441.0,1739.0,True
201,420.0,1739.0,True
202,483.0,1739.0,False
203,462.0,1739.0,True
204,546.0,1739.0,True
205,546.0,1739.0,True
206,630.0,1739.0,True
207,714.0,1739.0,False
208,693.0,1739.0,False
209,672.0,1739.0,False
210,630.0,1739.0,True
211,672.0,1739.0,False
212,672.0,1739.0,True
213,651.0,1739.0,False
214,693.0,1739.0,True
215,630.0,1739.0,True
216,672.0,1739.0,False
217,693.0,1739.0,False
218,672.0,1739.0,True
219,672.0,1739.0,True
220,672.0,1739.0,True
221,651.0,1739.0,False
222,714.0,1739.0,False
223,703.0,1739.0,True
224,855.0,1739.0,True
225,693.0,1739.0,True
226,651.0,1739.0,False
227,672.0,1739.0,True
228,640.0,1739.0,False
229,651.0,1739.0,True
230,672.0,1739.0,True
231,661.0,1739.0,True
232,651.0,1739.0,False
233,1459.0,1739.0,False
234,630.0,1739.0,True
235,672.0,1739.0,True
236,775.0,1739.0,True
237,399.0,1739.0,True
238,567.0,1739.0,True
239,546.0,1739.0,True
240,462.0,1739.0,True
241,483.0,1739.0,True
242,504.0,1739.0,True
243,756.0,1739.0,True
244,672.0,1739.0,False
245,651.0,1739.0,True
246,672.0,1739.0,True
247,672.0,1739.0,False
248,756.0,1739.0,True
249,672.0,1739.0,True
250,714.0,1739.0,True
251,525.0,1739.0,False
252,672.0,1739.0,False
253,693.0,1739.0,True
254,735.0,1739.0,True
255,672.0,1739.0,False
256,672.0,1739.0,False
257,756.0,1739.0,True
258,714.0,1739.0,False
259,777.0,1739.0,False
260,714.0,1739.0,True
261,693.0,1739.0,True
262,714.0,1739.0,False
263,672.0,1739.0,False
264,693.0,1739.0,True
265,735.0,1739.0,False
266,672.0,1739.0,True
267,735.0,1739.0,False
268,693.0,1739.0,False
269,756.0,1739.0,False
270,714.0,1739.0,True
271,651.0,1739.0,True
272,693.0,1739.0,False
273,693.0,1739.0,True
274,693.0,1739.0,True
275,819.0,1739.0,False
276,693.0,1739.0,True
277,651.0,1739.0,False
278,756.0,1739.0,False
279,651.0,1739.0,False
280,714.0,1739.0,True
281,693.0,1739.0,True
282,651.0,1739.0,False
283,756.0,1739.0,True
284,672.0,1739.0,True
285,672.0,1739.0,True
286,630.0,1739.0,False
287,756.0,1739.0,False
288,672.0,1739.0,True
289,693.0,1739.0,True
290,693.0,1739.0,True
291,630.0,1739.0,True
292,672.0,1739.0,True
293,714.0,1739.0,True
294,672.0,1739.0,True
295,567.0,1739.0,False
296,651.0,1739.0,True
297,651.0,1739.0,True
298,714.0,1739.0,True
299,735.0,1739.0,True
300,672.0,1739.0,False
301,735.0,1739.0,False
302,735.0,1739.0,False
303,714.0,1739.0,False
304,819.0,1739.0,True
305,672.0,1739.0,True
306,693.0,1739.0,True
307,672.0,1739.0,True
308,651.0,1739.0,False
309,546.0,1739.0,False
310,672.0,1739.0,True
311,693.0,1739.0,False
312,630.0,1739.0,True
313,798.0,1739.0,True
314,609.0,1739.0,True
315,693.0,1739.0,True
316,672.0,1739.0,True
317,630.0,1739.0,True
318,252.0,1739.0,True
319,546.0,1739.0,True
320,462.0,1739.0,True
321,399.0,1739.0,True
322,630.0,1739.0,True
323,462.0,1739.0,False
324,420.0,1739.0,True
325,588.0,1739.0,True
326,462.0,1739.0,True
327,609.0,1739.0,True
328,630.0,1739.0,True
329,399.0,1739.0,True
330,609.0,1739.0,True
331,630.0,1739.0,True
332,588.0,1739.0,True
333,672.0,1739.0,True
334,672.0,1739.0,True
335,651.0,1739.0,True
336,630.0,1739.0,False
337,630.0,1739.0,True
338,693.0,1739.0,False
339,651.0,1739.0,True
340,672.0,1739.0,False
341,630.0,1739.0,False
342,672.0,1739.0,False
343,672.0,1739.0,True
344,672.0,1739.0,True
345,651.0,1739.0,True
346,504.0,1739.0,False
347,651.0,1739.0,True
348,651.0,1739.0,True
349,567.0,1739.0,False
350,651.0,1739.0,True
351,672.0,1739.0,False
352,546.0,1739.0,True
353,441.0,1739.0,False
354,504.0,1739.0,False
355,336.0,1739.0,False
356,651.0,1739.0,True
357,714.0,1739.0,True
358,672.0,1739.0,True
359,651.0,1739.0,True
360,651.0,1739.0,True
361,651.0,1739.0,False
362,672.0,1739.0,True
363,651.0,1739.0,False
364,651.0,1739.0,True
365,651.0,1739.0,False
366,651.0,1739.0,True
367,672.0,1739.0,False
368,609.0,1739.0,True
369,672.0,1739.0,True
370,693.0,1739.0,True
371,609.0,1739.0,True
372,630.0,1739.0,True
373,672.0,1739.0,True
374,483.0,1739.0,False
375,546.0,1739.0,True
376,399.0,1739.0,False
377,378.0,1739.0,True
378,588.0,1739.0,True
379,672.0,1739.0,False
380,546.0,1739.0,False
381,672.0,1739.0,False
382,672.0,1739.0,True
383,693.0,1739.0,True
384,714.0,1739.0,False
385,756.0,1739.0,False
386,713.0,1739.0,True
387,661.0,1739.0,True
388,682.0,1739.0,True
389,651.0,1739.0,False
390,733.0,1739.0,True
391,651.0,1739.0,True
392,693.0,1739.0,False
393,869.0,1739.0,True
394,1085.0,1739.0,True
395,828.0,1739.0,False
396,567.0,1739.0,False
397,692.0,1739.0,False
398,651.0,1739.0,False
399,899.0,1739.0,False
400,744.0,1739.0,False
401,712.0,1739.0,True
402,734.0,1739.0,True
403,825.0,1739.0,False
404,755.0,1739.0,False
405,714.0,1739.0,True
406,693.0,1739.0,True
407,651.0,1739.0,False
408,651.0,1739.0,False
409,672.0,1739.0,True
410,609.0,1739.0,True
411,693.0,1739.0,True
412,630.0,1739.0,True
413,651.0,1739.0,True
414,630.0,1739.0,True
415,735.0,1739.0,True
416,651.0,1739.0,True
417,630.0,1739.0,False
418,672.0,1739.0,False
419,693.0,1739.0,True
420,672.0,1739.0,False
421,630.0,1739.0,True
422,630.0,1739.0,True
423,651.0,1739.0,True
424,672.0,1739.0,False
425,651.0,1739.0,True
426,714.0,1739.0,False
427,693.0,1739.0,True
428,693.0,1739.0,False
429,651.0,1739.0,True
430,651.0,1739.0,False
431,651.0,1739.0,True
432,756.0,1739.0,False
433,630.0,1739.0,True
434,735.0,1739.0,False
435,672.0,1739.0,True
436,672.0,1739.0,True
437,609.0,1739.0,True
438,672.0,1739.0,False
439,630.0,1739.0,True
440,672.0,1739.0,True
441,672.0,1739.0,True
442,651.0,1739.0,False
443,651.0,1739.0,True
444,735.0,1739.0,False
445,714.0,1739.0,False
446,714.0,1739.0,False
447,630.0,1739.0,True
448,819.0,1739.0,True
449,651.0,1739.0,True
450,672.0,1739.0,False
451,693.0,1739.0,False
452,672.0,1739.0,True
453,630.0,1739.0,True
454,672.0,1739.0,True
455,651.0,1739.0,True
456,672.0,1739.0,True
457,567.0,1739.0,False
458,609.0,1739.0,False
459,462.0,1739.0,True
460,357.0,1739.0,True
461,630.0,1739.0,True
462,546.0,1739.0,True
463,462.0,1739.0,False
464,588.0,1739.0,True
465,651.0,1739.0,False
466,693.0,1739.0,True
467,441.0,1739.0,True
468,420.0,1739.0,False
469,252.0,1739.0,True
470,420.0,1739.0,True
471,399.0,1739.0,False
472,399.0,1739.0,True
473,483.0,1739.0,False
474,420.0,1739.0,False
475,504.0,1739.0,True
476,441.0,1739.0,True
477,567.0,1739.0,True
478,504.0,1739.0,False
479,483.0,1739.0,False
480,483.0,1739.0,True
481,588.0,1739.0,True
482,630.0,1739.0,False
483,609.0,1739.0,True
484,525.0,1739.0,True
485,672.0,1739.0,False
486,441.0,1739.0,True
487,693.0,1739.0,True
488,588.0,1739.0,False
489,357.0,1739.0,False
490,294.0,1739.0,False
491,336.0,1739.0,False
492,378.0,1739.0,False
493,441.0,1739.0,False
494,336.0,1739.0,True
495,441.0,1739.0,True
496,420.0,1739.0,False
497,525.0,1739.0,True
498,525.0,1739.0,False
499,609.0,1739.0,True
500,525.0,1739.0,True
501,525.0,1739.0,True
502,420.0,1739.0,False
503,672.0,1739.0,True
504,378.0,1739.0,True
505,504.0,1739.0,True
506,462.0,1739.0,True
507,420.0,1739.0,True
508,525.0,1739.0,True
509,630.0,1739.0,False
510,504.0,1739.0,True
511,399.0,1739.0,True
512,399.0,1739.0,False
513,546.0,1739.0,True
514,630.0,1739.0,True
515,378.0,1739.0,True
516,378.0,1739.0,False
517,315.0,1739.0,False
518,357.0,1739.0,False
519,336.0,1739.0,True
520,336.0,1739.0,False
521,609.0,1739.0,True
522,567.0,1739.0,False
523,692.0,1739.0,False
524,672.0,1739.0,False
525,462.0,1739.0,True
526,378.0,1739.0,False
527,399.0,1739.0,False
528,399.0,1739.0,True
529,546.0,1739.0,True
530,567.0,1739.0,True
531,504.0,1739.0,True
532,672.0,1739.0,True
533,399.0,1739.0,True
534,525.0,1739.0,False
535,546.0,1739.0,True
536,546.0,1739.0,True
537,525.0,1739.0,True
538,525.0,1739.0,True
539,588.0,1739.0,False
540,651.0,1739.0,True
541,651.0,1739.0,False
542,672.0,1739.0,False
543,546.0,1739.0,True
544,546.0,1739.0,True
545,294.0,1739.0,True
546,525.0,1739.0,True
547,714.0,1739.0,False
548,672.0,1739.0,True
549,714.0,1739.0,False
550,672.0,1739.0,False
551,693.0,1739.0,True
552,714.0,1739.0,True
553,630.0,1739.0,True
554,756.0,1739.0,True
555,630.0,1739.0,True
556,630.0,1739.0,False
557,651.0,1739.0,False
558,210.0,1739.0,True
559,210.0,1739.0,True
560,210.0,1739.0,True
561,588.0,1739.0,True
562,651.0,1739.0,True
563,744.0,1739.0,True
564,714.0,1739.0,True
565,714.0,1739.0,False
566,756.0,1739.0,True
567,672.0,1739.0,True
568,798.0,1739.0,True
569,630.0,1739.0,True
570,714.0,1739.0,True
571,693.0,1739.0,True
572,735.0,1739.0,False
573,651.0,1739.0,False
574,693.0,1739.0,True
575,651.0,1739.0,True
576,672.0,1739.0,True
577,682.0,1739.0,True
578,682.0,1739.0,False
579,693.0,1739.0,True
580,672.0,1739.0,True
581,693.0,1739.0,True
582,693.0,1739.0,True
583,714.0,1739.0,True
584,651.0,1739.0,True
585,714.0,1739.0,True
586,693.0,1739.0,False
587,672.0,1739.0,True
588,672.0,1739.0,False
589,672.0,1739.0,False
590,651.0,1739.0,True
591,672.0,1739.0,True
592,693.0,1739.0,False
593,693.0,1739.0,True
594,714.0,1739.0,False
595,798.0,1739.0,True
596,735.0,1739.0,True
597,693.0,1739.0,True
598,714.0,1739.0,True
599,399.0,1739.0,False
600,651.0,1739.0,True
601,294.0,1739.0,False
602,714.0,1739.0,False
603,756.0,1739.0,True
604,672.0,1739.0,True
605,693.0,1739.0,False
606,630.0,1739.0,False
607,672.0,1739.0,False
608,714.0,1739.0,False
609,630.0,1739.0,True
610,630.0,1739.0,True
611,630.0,1739.0,True
612,756.0,1739.0,True
613,630.0,1739.0,True
614,378.0,1739.0,True
615,378.0,1739.0,True
616,525.0,1739.0,False
617,546.0,1739.0,False
618,462.0,1739.0,False
619,441.0,1739.0,False
620,588.0,1739.0,True
621,336.0,1739.0,True
622,462.0,1739.0,True
623,693.0,1739.0,True
624,651.0,1739.0,False
625,693.0,1739.0,True
626,315.0,1739.0,True
627,420.0,1739.0,True
628,693.0,1739.0,True
629,672.0,1739.0,False
630,672.0,1739.0,True
631,714.0,1739.0,False
632,693.0,1739.0,True
633,693.0,1739.0,True
634,651.0,1739.0,True
635,672.0,1739.0,True
636,651.0,1739.0,True
637,462.0,1739.0,True
638,525.0,1739.0,True
639,441.0,1739.0,True
640,462.0,1739.0,False
641,546.0,1739.0,True
642,525.0,1739.0,True
643,588.0,1739.0,False
644,462.0,1739.0,True
645,420.0,1739.0,False
646,651.0,1739.0,True
647,420.0,1739.0,True
648,588.0,1739.0,True
649,630.0,1739.0,True
650,483.0,1739.0,True
651,525.0,1739.0,False
652,441.0,1739.0,False
653,588.0,1739.0,True
654,483.0,1739.0,False
655,336.0,1739.0,False
656,525.0,1739.0,True
657,378.0,1739.0,True
658,525.0,1739.0,True
659,462.0,1739.0,False
660,462.0,1739.0,True
661,630.0,1739.0,True
662,462.0,1739.0,False
663,441.0,1739.0,True
664,378.0,1739.0,True
665,441.0,1739.0,True
666,462.0,1739.0,True
667,420.0,1739.0,True
668,609.0,1739.0,True
669,483.0,1739.0,False
670,567.0,1739.0,True
671,357.0,1739.0,False
672,546.0,1739.0,False
673,399.0,1739.0,False
674,357.0,1739.0,True
675,378.0,1739.0,True
676,420.0,1739.0,True
677,399.0,1739.0,True
678,546.0,1739.0,True
679,588.0,1739.0,True
680,504.0,1739.0,False
681,504.0,1739.0,False
682,651.0,1739.0,True
683,315.0,1739.0,True
684,336.0,1739.0,True
685,420.0,1739.0,True
686,420.0,1739.0,True
687,546.0,1739.0,True
688,630.0,1739.0,False
689,483.0,1739.0,True
690,483.0,1739.0,False
691,630.0,1739.0,False
692,336.0,1739.0,False
693,588.0,1739.0,True
694,462.0,1739.0,False
695,462.0,1739.0,True
696,567.0,1739.0,False
697,483.0,1739.0,True
698,651.0,1739.0,False
699,483.0,1739.0,False
700,588.0,1739.0,False
701,441.0,1739.0,False
702,609.0,1739.0,True
703,630.0,1739.0,True
704,525.0,1739.0,True
705,651.0,1739.0,False
706,546.0,1739.0,False
707,630.0,1739.0,False
708,567.0,1739.0,False
709,651.0,1739.0,True
710,546.0,1739.0,False
711,294.0,1739.0,False
712,420.0,1739.0,False
713,546.0,1739.0,True
714,483.0,1739.0,False
715,336.0,1739.0,True
716,420.0,1739.0,True
717,462.0,1739.0,False
718,588.0,1739.0,True
719,525.0,1739.0,True
720,546.0,1739.0,False
721,546.0,1739.0,True
722,462.0,1739.0,False
723,483.0,1739.0,True
724,441.0,1739.0,False
725,525.0,1739.0,True
726,504.0,1739.0,True
727,462.0,1739.0,True
728,357.0,1739.0,True
729,399.0,1739.0,True
730,462.0,1739.0,True
731,483.0,1739.0,False
732,294.0,1739.0,True
733,462.0,1739.0,False
734,462.0,1739.0,True
735,462.0,1739.0,True
736,399.0,1739.0,True
737,567.0,1739.0,True
738,462.0,1739.0,False
739,462.0,1739.0,False
740,357.0,1739.0,True
741,378.0,1739.0,False
742,336.0,1739.0,False
743,357.0,1739.0,True
744,546.0,1739.0,True
745,525.0,1739.0,False
746,609.0,1739.0,True
747,357.0,1739.0,False
748,483.0,1739.0,True
749,399.0,1739.0,True
750,420.0,1739.0,True
751,420.0,1739.0,False
752,441.0,1739.0,True
753,588.0,1739.0,True
754,462.0,1739.0,False
755,630.0,1739.0,True
756,399.0,1739.0,True
757,378.0,1739.0,True
758,504.0,1739.0,True
759,630.0,1739.0,True
760,420.0,1739.0,True
761,588.0,1739.0,True
762,420.0,1739.0,True
763,567.0,1739.0,True
764,588.0,1739.0,True
765,567.0,1739.0,True
766,504.0,1739.0,False
767,399.0,1739.0,True
768,441.0,1739.0,True
769,525.0,1739.0,False
770,630.0,1739.0,True
771,546.0,1739.0,True
772,525.0,1739.0,True
773,525.0,1739.0,True
774,672.0,1739.0,True
775,525.0,1739.0,True
776,441.0,1739.0,True
777,567.0,1739.0,False
778,504.0,1739.0,True
779,525.0,1739.0,False
780,462.0,1739.0,True
781,441.0,1739.0,True
782,546.0,1739.0,True
783,693.0,1739.0,True
784,588.0,1739.0,True
785,504.0,1739.0,True
786,441.0,1739.0,False
787,567.0,1739.0,True
788,504.0,1739.0,True
789,504.0,1739.0,False
790,546.0,1739.0,False
791,609.0,1739.0,True
792,336.0,1739.0,True
793,462.0,1739.0,True
794,546.0,1739.0,True
795,630.0,1739.0,True
796,567.0,1739.0,True
797,483.0,1739.0,False
798,651.0,1739.0,True
799,546.0,1739.0,True
800,609.0,1739.0,True
801,399.0,1739.0,True
802,441.0,1739.0,True
803,609.0,1739.0,True
804,588.0,1739.0,True
805,420.0,1739.0,True
806,525.0,1739.0,True
807,567.0,1739.0,True
808,420.0,1739.0,False
809,609.0,1739.0,True
810,693.0,1739.0,False
811,651.0,1739.0,True
812,672.0,1739.0,True
813,609.0,1739.0,True
814,567.0,1739.0,False
815,462.0,1739.0,False
816,693.0,1739.0,True
817,525.0,1739.0,False
818,504.0,1739.0,True
819,588.0,1739.0,False
820,315.0,1739.0,False
821,504.0,1739.0,False
822,504.0,1739.0,True
823,462.0,1739.0,True
824,420.0,1739.0,True
825,630.0,1739.0,True
826,588.0,1739.0,True
827,441.0,1739.0,True
828,525.0,1739.0,True
829,462.0,1739.0,True
830,399.0,1739.0,False
831,504.0,1739.0,True
832,504.0,1739.0,False
833,399.0,1739.0,False
834,336.0,1739.0,False
835,504.0,1739.0,True
836,525.0,1739.0,False
837,630.0,1739.0,True
838,462.0,1739.0,False
839,546.0,1739.0,True
840,357.0,1739.0,False
841,357.0,1739.0,True
842,483.0,1739.0,True
843,462.0,1739.0,False
844,462.0,1739.0,True
845,630.0,1739.0,False
846,441.0,1739.0,True
847,546.0,1739.0,True
848,504.0,1739.0,True
849,525.0,1739.0,True
850,546.0,1739.0,False
851,504.0,1739.0,True
852,525.0,1739.0,False
853,483.0,1739.0,True
854,504.0,1739.0,True
855,504.0,1739.0,True
856,525.0,1739.0,True
857,588.0,1739.0,False
858,525.0,1739.0,True
859,483.0,1739.0,False
860,609.0,1739.0,True
861,546.0,1739.0,True
862,483.0,1739.0,True
863,609.0,1739.0,True
864,525.0,1739.0,True
865,630.0,1739.0,True
866,399.0,1739.0,True
867,504.0,1739.0,True
868,441.0,1739.0,True
869,630.0,1739.0,True
870,609.0,1739.0,True
871,588.0,1739.0,False
872,651.0,1739.0,False
873,630.0,1739.0,False
874,651.0,1739.0,True
875,399.0,1739.0,False
876,588.0,1739.0,False
877,630.0,1739.0,False
878,651.0,1739.0,True
879,441.0,1739.0,True
880,630.0,1739.0,True
881,483.0,1739.0,False
882,630.0,1739.0,False
883,609.0,1739.0,False
884,462.0,1739.0,False
885,525.0,1739.0,False
886,609.0,1739.0,True
887,630.0,1739.0,True
888,630.0,1739.0,True
889,630.0,1739.0,True
890,651.0,1739.0,True
891,609.0,1739.0,True
892,630.0,1739.0,True
893,609.0,1739.0,True
894,609.0,1739.0,True
895,640.0,1739.0,False
896,525.0,1739.0,False
897,630.0,1739.0,True
898,525.0,1739.0,False
899,651.0,1739.0,True
900,672.0,1739.0,False
901,546.0,1739.0,True
902,630.0,1739.0,False
903,483.0,1739.0,False
904,609.0,1739.0,False
905,567.0,1739.0,True
906,588.0,1739.0,True
907,588.0,1739.0,True
908,630.0,1739.0,True
909,168.0,1739.0,True
910,105.0,1739.0,True
911,126.0,1739.0,True
912,273.0,1739.0,True
913,126.0,1739.0,True
914,441.0,1739.0,True
915,462.0,1739.0,True
916,462.0,1739.0,True
917,672.0,1739.0,True
918,525.0,1739.0,True
919,567.0,1739.0,True
920,483.0,1739.0,True
921,525.0,1739.0,True
922,504.0,1739.0,False
923,462.0,1739.0,False
924,462.0,1739.0,False
925,420.0,1739.0,False
926,357.0,1739.0,False
927,441.0,1739.0,True
928,525.0,1739.0,True
929,525.0,1739.0,False
930,399.0,1739.0,True
931,588.0,1739.0,True
932,483.0,1739.0,True
933,504.0,1739.0,True
934,546.0,1739.0,True
935,609.0,1739.0,True
936,462.0,1739.0,True
937,525.0,1739.0,False
938,525.0,1739.0,True
939,609.0,1739.0,True
940,336.0,1739.0,False
941,504.0,1739.0,True
942,441.0,1739.0,True
943,441.0,1739.0,True
944,525.0,1739.0,True
945,441.0,1739.0,True
946,525.0,1739.0,True
947,420.0,1739.0,True
948,378.0,1739.0,False
949,462.0,1739.0,True
950,462.0,1739.0,True
951,504.0,1739.0,True
952,462.0,1739.0,False
953,336.0,1739.0,False
954,504.0,1739.0,True
955,525.0,1739.0,True
956,504.0,1739.0,True
957,504.0,1739.0,True
958,462.0,1739.0,False
959,525.0,1739.0,True
960,483.0,1739.0,True
961,525.0,1739.0,True
962,525.0,1739.0,True
963,462.0,1739.0,True
964,525.0,1739.0,False
965,609.0,1739.0,True
966,525.0,1739.0,True
967,504.0,1739.0,True
968,441.0,1739.0,False
969,630.0,1739.0,False
970,420.0,1739.0,True
971,525.0,1739.0,False
972,504.0,1739.0,True
973,420.0,1739.0,True
974,504.0,1739.0,True
975,504.0,1739.0,True
976,672.0,1739.0,True
977,441.0,1739.0,True
978,462.0,1739.0,True
979,462.0,1739.0,False
980,525.0,1739.0,True
981,525.0,1739.0,True
982,609.0,1739.0,False
983,525.0,1739.0,True
984,462.0,1739.0,False
985,420.0,1739.0,True
986,483.0,1739.0,True
987,420.0,1739.0,False
988,567.0,1739.0,True
989,504.0,1739.0,True
990,462.0,1739.0,True
991,504.0,1739.0,True
992,483.0,1739.0,True
993,483.0,1739.0,True
994,567.0,1739.0,True
995,504.0,1739.0,False
996,504.0,1739.0,True
997,693.0,1739.0,True
998,483.0,1739.0,False
999,273.0,1739.0,False
1000,357.0,1739.0,False
1001,462.0,1739.0,True
1002,462.0,1739.0,True
1003,252.0,1739.0,False
1004,483.0,1739.0,True
1005,483.0,1739.0,True
1006,525.0,1739.0,True
1007,630.0,1739.0,True
1008,693.0,1739.0,True
1009,525.0,1739.0,True
1010,546.0,1739.0,False
1011,651.0,1739.0,True
1012,630.0,1739.0,True
1013,651.0,1739.0,True
1014,651.0,1739.0,False
1015,651.0,1739.0,True
1016,630.0,1739.0,False
1017,672.0,1739.0,False
1018,630.0,1739.0,False
1019,378.0,1739.0,False
1020,483.0,1739.0,False
1021,399.0,1739.0,False
1022,672.0,1739.0,False
1023,630.0,1739.0,False
1024,651.0,1739.0,True
1025,630.0,1739.0,True
1026,651.0,1739.0,False
1027,651.0,1739.0,True
1028,651.0,1739.0,False
1029,693.0,1739.0,False
1030,735.0,1739.0,True
1031,693.0,1739.0,True
1032,630.0,1739.0,False
1033,672.0,1739.0,False
1034,672.0,1739.0,False
1035,693.0,1739.0,False
1036,651.0,1739.0,False
1037,651.0,1739.0,True
1038,651.0,1739.0,True
1039,693.0,1739.0,False
1040,756.0,1739.0,True
1041,693.0,1739.0,True
1042,693.0,1739.0,True
1043,672.0,1739.0,False
1044,672.0,1739.0,True
1045,651.0,1739.0,True
1046,714.0,1739.0,False
1047,630.0,1739.0,False
1048,651.0,1739.0,False
1049,672.0,1739.0,True
1050,651.0,1739.0,True
1051,693.0,1739.0,True
1052,651.0,1739.0,True
1053,609.0,1739.0,True
1054,660.0,1739.0,True
1055,462.0,1739.0,True
1056,462.0,1739.0,True
1057,630.0,1739.0,True
1058,588.0,1739.0,True
1059,672.0,1739.0,False
1060,651.0,1739.0,True
1061,672.0,1739.0,True
1062,672.0,1739.0,False
1063,651.0,1739.0,True
1064,609.0,1739.0,False
1065,651.0,1739.0,True
1066,651.0,1739.0,False
1067,672.0,1739.0,True
1068,672.0,1739.0,True
1069,672.0,1739.0,True
1070,693.0,1739.0,True
1071,714.0,1739.0,False
1072,588.0,1739.0,True
1073,651.0,1739.0,True
1074,504.0,1739.0,False
1075,672.0,1739.0,True
1076,693.0,1739.0,True
1077,693.0,1739.0,False
1078,651.0,1739.0,True
1079,651.0,1739.0,False
1080,672.0,1739.0,False
1081,672.0,1739.0,True
1082,609.0,1739.0,True
1083,588.0,1739.0,False
1084,672.0,1739.0,True
1085,672.0,1739.0,False
1086,651.0,1739.0,True
1087,735.0,1739.0,True
1088,672.0,1739.0,False
1089,672.0,1739.0,False
1090,672.0,1739.0,True
1091,693.0,1739.0,False
1092,651.0,1739.0,True
1093,672.0,1739.0,False
1094,735.0,1739.0,False
1095,525.0,1739.0,False
1096,798.0,1739.0,True
1097,714.0,1739.0,False
1098,693.0,1739.0,True
1099,693.0,1739.0,False
1100,672.0,1739.0,True
1101,567.0,1739.0,False
1102,714.0,1739.0,True
1103,651.0,1739.0,True
1104,693.0,1739.0,False
1105,693.0,1739.0,False
1106,798.0,1739.0,False
1107,693.0,1739.0,False
1108,672.0,1739.0,False
1109,609.0,1739.0,True
1110,651.0,1739.0,True
1111,651.0,1739.0,True
1112,651.0,1739.0,False
1113,546.0,1739.0,False
1114,378.0,1739.0,False
1115,672.0,1739.0,False
1116,630.0,1739.0,True
1117,693.0,1739.0,True
1118,714.0,1739.0,False
1119,546.0,1739.0,False
1120,630.0,1739.0,True
1121,693.0,1739.0,False
1122,651.0,1739.0,True
1123,651.0,1739.0,False
1124,483.0,1739.0,True
1125,441.0,1739.0,True
1126,651.0,1739.0,False
1127,462.0,1739.0,False
1128,567.0,1739.0,True
1129,651.0,1739.0,False
1130,462.0,1739.0,False
1131,504.0,1739.0,False
1132,609.0,1739.0,True
1133,546.0,1739.0,True
1134,546.0,1739.0,True
1135,420.0,1739.0,True
1136,588.0,1739.0,True
1137,504.0,1739.0,False
1138,336.0,1739.0,True
1139,546.0,1739.0,True
1140,504.0,1739.0,False
1141,441.0,1739.0,True
1142,546.0,1739.0,True
1143,525.0,1739.0,True
1144,546.0,1739.0,True
1145,525.0,1739.0,False
1146,462.0,1739.0,False
1147,525.0,1739.0,True
1148,546.0,1739.0,False
1149,441.0,1739.0,True
1150,525.0,1739.0,False
1151,525.0,1739.0,True
1152,462.0,1739.0,True
1153,525.0,1739.0,True
1154,525.0,1739.0,True
1155,462.0,1739.0,False
1156,504.0,1739.0,True
1157,504.0,1739.0,False
1158,630.0,1739.0,True
1159,525.0,1739.0,False
1160,420.0,1739.0,False
1161,462.0,1739.0,False
1162,651.0,1739.0,True
1163,525.0,1739.0,True
1164,609.0,1739.0,True
1165,546.0,1739.0,True
1166,483.0,1739.0,False
1167,441.0,1739.0,True
1168,651.0,1739.0,True
1169,693.0,1739.0,True
1170,651.0,1739.0,True
1171,693.0,1739.0,True
1172,672.0,1739.0,False
1173,672.0,1739.0,True
1174,651.0,1739.0,True
1175,693.0,1739.0,False
1176,672.0,1739.0,True
1177,693.0,1739.0,True
1178,525.0,1739.0,False
1179,462.0,1739.0,False
1180,702.0,1739.0,True
1181,651.0,1739.0,True
1182,588.0,1739.0,True
1183,714.0,1739.0,True
1184,693.0,1739.0,False
1185,735.0,1739.0,True
1186,672.0,1739.0,True
1187,693.0,1739.0,False
1188,651.0,1739.0,False
1189,798.0,1739.0,True
1190,714.0,1739.0,True
1191,672.0,1739.0,True
1192,714.0,1739.0,True
1193,714.0,1739.0,True
1194,693.0,1739.0,True
1195,777.0,1739.0,True
1196,609.0,1739.0,True
1197,672.0,1739.0,True
1198,651.0,1739.0,False
1199,651.0,1739.0,True
1200,651.0,1739.0,True
1201,672.0,1739.0,False
1202,693.0,1739.0,True
1203,714.0,1739.0,True
1204,693.0,1739.0,False
1205,756.0,1739.0,True
1206,714.0,1739.0,True
1207,672.0,1739.0,True
1208,714.0,1739.0,False
1209,735.0,1739.0,False
1210,693.0,1739.0,False
1211,672.0,1739.0,False
1212,693.0,1739.0,False
1213,651.0,1739.0,True
1214,672.0,1739.0,False
1215,714.0,1739.0,False
1216,672.0,1739.0,False
1217,693.0,1739.0,False
1218,651.0,1739.0,True
1219,693.0,1739.0,True
1220,714.0,1739.0,True
1221,693.0,1739.0,True
1222,672.0,1739.0,False
1223,714.0,1739.0,True
1224,651.0,1739.0,True
1225,651.0,1739.0,True
1226,651.0,1739.0,False
1227,672.0,1739.0,False
1228,672.0,1739.0,True
1229,651.0,1739.0,False
1230,672.0,1739.0,False
1231,693.0,1739.0,True
1232,672.0,1739.0,True
1233,672.0,1739.0,True
1234,734.0,1739.0,False
1235,745.0,1739.0,False
1236,693.0,1739.0,True
1237,651.0,1739.0,True
1238,693.0,1739.0,True
1239,714.0,1739.0,True
1240,735.0,1739.0,True
1241,756.0,1739.0,True
1242,672.0,1739.0,True
1243,672.0,1739.0,True
1244,693.0,1739.0,True
1245,441.0,1739.0,False
1246,651.0,1739.0,True
1247,693.0,1739.0,False
1248,630.0,1739.0,False
1249,630.0,1739.0,True
1250,692.0,1739.0,True
1251,661.0,1739.0,False
1252,609.0,1739.0,False
1253,672.0,1739.0,False
1254,609.0,1739.0,False
1255,609.0,1739.0,True
1256,672.0,1739.0,False
1257,693.0,1739.0,True
1258,630.0,1739.0,False
1259,651.0,1739.0,False
1260,630.0,1739.0,False
1261,786.0,1739.0,True
1262,504.0,1739.0,False
1263,693.0,1739.0,True
1264,693.0,1739.0,True
1265,672.0,1739.0,False
1266,651.0,1739.0,True
1267,693.0,1739.0,False
1268,378.0,1739.0,False
1269,630.0,1739.0,True
1270,630.0,1739.0,False
1271,756.0,1739.0,True
1272,735.0,1739.0,False
1273,714.0,1739.0,True
1274,714.0,1739.0,True
1275,651.0,1739.0,True
1276,724.0,1739.0,False
1277,651.0,1739.0,True
1278,682.0,1739.0,False
1279,714.0,1739.0,False
1280,777.0,1739.0,False
1281,672.0,1739.0,False
1282,672.0,1739.0,True
1283,693.0,1739.0,False
1284,672.0,1739.0,True
1285,735.0,1739.0,True
1286,777.0,1739.0,False
1287,693.0,1739.0,True
1288,735.0,1739.0,True
1289,640.0,1739.0,True
1290,672.0,1739.0,True
1291,693.0,1739.0,True
1292,672.0,1739.0,True
1293,825.0,1739.0,True
1294,1081.0,1739.0,True
1295,763.0,1739.0,False
1296,651.0,1739.0,True
1297,756.0,1739.0,True
1298,672.0,1739.0,False
1299,693.0,1739.0,False
1300,672.0,1739.0,True
1301,672.0,1739.0,False
1302,693.0,1739.0,False
1303,630.0,1739.0,True
1304,672.0,1739.0,True
1305,651.0,1739.0,False
1306,630.0,1739.0,True
1307,714.0,1739.0,False
1308,772.0,1739.0,True
1309,588.0,1739.0,False
1310,651.0,1739.0,True
1311,735.0,1739.0,True
1312,714.0,1739.0,True
1313,693.0,1739.0,True
1314,693.0,1739.0,True
1315,630.0,1739.0,True
1316,672.0,1739.0,True
1317,714.0,1739.0,True
1318,714.0,1739.0,True
1319,735.0,1739.0,False
1320,745.0,1739.0,False
1321,693.0,1739.0,True
1322,630.0,1739.0,True
1323,714.0,1739.0,True
1324,693.0,1739.0,True
1325,714.0,1739.0,True
1326,693.0,1739.0,True
1327,672.0,1739.0,False
1328,672.0,1739.0,True
1329,693.0,1739.0,True
1330,672.0,1739.0,False
1331,630.0,1739.0,True
1332,651.0,1739.0,False
1333,756.0,1739.0,True
1334,672.0,1739.0,True
1335,693.0,1739.0,False
1336,756.0,1739.0,False
1337,630.0,1739.0,True
1338,714.0,1739.0,False
1339,651.0,1739.0,True
1340,714.0,1739.0,False
1341,714.0,1739.0,True
1342,714.0,1739.0,True
1343,651.0,1739.0,True
1344,672.0,1739.0,True
1345,441.0,1739.0,True
1346,567.0,1739.0,False
1347,693.0,1739.0,True
1348,735.0,1739.0,True
1349,651.0,1739.0,True
1350,693.0,1739.0,False
1351,714.0,1739.0,False
1352,651.0,1739.0,True
1353,630.0,1739.0,True
1354,672.0,1739.0,True
1355,672.0,1739.0,True
1356,630.0,1739.0,False
1357,693.0,1739.0,False
1358,672.0,1739.0,True
1359,693.0,1739.0,True
1360,714.0,1739.0,False
1361,630.0,1739.0,True
1362,672.0,1739.0,True
1363,672.0,1739.0,True
1364,672.0,1739.0,True
1365,714.0,1739.0,True
1366,714.0,1739.0,True
1367,693.0,1739.0,True
1368,651.0,1739.0,True
1369,672.0,1739.0,True
1370,672.0,1739.0,True
1371,630.0,1739.0,True
1372,651.0,1739.0,True
1373,693.0,1739.0,False
1374,693.0,1739.0,True
1375,672.0,1739.0,True
1376,693.0,1739.0,True
1377,672.0,1739.0,True
1378,693.0,1739.0,True
1379,672.0,1739.0,True
1380,651.0,1739.0,True
1381,546.0,1739.0,False
1382,714.0,1739.0,True
1383,672.0,1739.0,True
1384,714.0,1739.0,True
1385,651.0,1739.0,False
1386,651.0,1739.0,False
1387,672.0,1739.0,True
1388,651.0,1739.0,False
1389,651.0,1739.0,True
1390,420.0,1739.0,False
1391,672.0,1739.0,False
1392,651.0,1739.0,True
1393,630.0,1739.0,True
1394,630.0,1739.0,False
1395,672.0,1739.0,True
1396,672.0,1739.0,False
1397,672.0,1739.0,True
1398,651.0,1739.0,False
1399,504.0,1739.0,True
1400,609.0,1739.0,True
1401,672.0,1739.0,True
1402,693.0,1739.0,True
1403,651.0,1739.0,True
1404,651.0,1739.0,True
1405,693.0,1739.0,False
1406,672.0,1739.0,True
1407,651.0,1739.0,True
1408,714.0,1739.0,False
1409,651.0,1739.0,True
1410,693.0,1739.0,True
1411,651.0,1739.0,True
1412,651.0,1739.0,True
1413,672.0,1739.0,False
1414,693.0,1739.0,True
1415,546.0,1739.0,False
1416,672.0,1739.0,True
1417,714.0,1739.0,True
1418,672.0,1739.0,True
1419,630.0,1739.0,True
1420,651.0,1739.0,True
1421,651.0,1739.0,False
1422,693.0,1739.0,False
1423,756.0,1739.0,False
1424,672.0,1739.0,False
1425,630.0,1739.0,False
1426,672.0,1739.0,False
1427,693.0,1739.0,True
1428,735.0,1739.0,True
1429,651.0,1739.0,False
1430,651.0,1739.0,True
1431,588.0,1739.0,False
1432,672.0,1739.0,True
1433,525.0,1739.0,True
1434,672.0,1739.0,True
1435,735.0,1739.0,True
1436,651.0,1739.0,True
1437,672.0,1739.0,True
1438,693.0,1739.0,True
1439,672.0,1739.0,False
1440,714.0,1739.0,True
1441,630.0,1739.0,True
1442,672.0,1739.0,True
1443,672.0,1739.0,True
1444,651.0,1739.0,False
1445,714.0,1739.0,True
1446,630.0,1739.0,True
1447,546.0,1739.0,False
1448,651.0,1739.0,False
1449,651.0,1739.0,True
1450,651.0,1739.0,True
1451,672.0,1739.0,True
1452,651.0,1739.0,False
1453,651.0,1739.0,False
1454,693.0,1739.0,True
1455,672.0,1739.0,True
1456,651.0,1739.0,True
1457,672.0,1739.0,True
1458,756.0,1739.0,False
1459,651.0,1739.0,True
1460,609.0,1739.0,True
1461,651.0,1739.0,False
1462,714.0,1739.0,False
1463,651.0,1739.0,True
1464,672.0,1739.0,True
1465,651.0,1739.0,True
1466,672.0,1739.0,True
1467,651.0,1739.0,True
1468,630.0,1739.0,True
1469,651.0,1739.0,False
1470,546.0,1739.0,True
1471,630.0,1739.0,False
1472,504.0,1739.0,True
1473,567.0,1739.0,True
1474,546.0,1739.0,True
1475,630.0,1739.0,True
1476,651.0,1739.0,True
1477,546.0,1739.0,True
1478,588.0,1739.0,True
1479,651.0,1739.0,False
1480,462.0,1739.0,True
1481,525.0,1739.0,False
1482,546.0,1739.0,True
1483,420.0,1739.0,False
1484,462.0,1739.0,False
1485,378.0,1739.0,True
1486,462.0,1739.0,False
1487,315.0,1739.0,True
1488,441.0,1739.0,True
1489,294.0,1739.0,True
1490,504.0,1739.0,False
1491,399.0,1739.0,True
1492,399.0,1739.0,True
1493,399.0,1739.0,True
1494,441.0,1739.0,True
1495,441.0,1739.0,True
1496,462.0,1739.0,True
1497,525.0,1739.0,True
1498,525.0,1739.0,False
1499,525.0,1739.0,True
1500,672.0,1739.0,True
1501,525.0,1739.0,True
1502,441.0,1739.0,True
1503,462.0,1739.0,True
1504,378.0,1739.0,False
1505,420.0,1739.0,False
1506,483.0,1739.0,True
1507,525.0,1739.0,True
1508,525.0,1739.0,True
1509,525.0,1739.0,True
1510,504.0,1739.0,True
1511,504.0,1739.0,False
1512,294.0,1739.0,False
1513,462.0,1739.0,True
1514,504.0,1739.0,True
1515,630.0,1739.0,True
1516,399.0,1739.0,True
1517,546.0,1739.0,True
1518,462.0,1739.0,True
1519,399.0,1739.0,True
1520,525.0,1739.0,False
1521,399.0,1739.0,True
1522,399.0,1739.0,True
1523,420.0,1739.0,True
1524,420.0,1739.0,True
1525,420.0,1739.0,True
1526,441.0,1739.0,False
1527,441.0,1739.0,False
1528,420.0,1739.0,False
1529,483.0,1739.0,True
1530,420.0,1739.0,True
1531,441.0,1739.0,False
1532,483.0,1739.0,False
1533,399.0,1739.0,True
1534,609.0,1739.0,True
1535,588.0,1739.0,True
1536,483.0,1739.0,False
1537,525.0,1739.0,True
1538,609.0,1739.0,True
1539,567.0,1739.0,False
1540,525.0,1739.0,False
1541,378.0,1739.0,False
1542,483.0,1739.0,True
1543,504.0,1739.0,True
1544,630.0,1739.0,False
1545,483.0,1739.0,False
1546,546.0,1739.0,True
1547,525.0,1739.0,False
1548,525.0,1739.0,True
1549,588.0,1739.0,True
1550,420.0,1739.0,False
1551,588.0,1739.0,True
1552,651.0,1739.0,True
1553,630.0,1739.0,True
1554,651.0,1739.0,True
1555,651.0,1739.0,True
1556,630.0,1739.0,False
1557,651.0,1739.0,True
1558,630.0,1739.0,True
1559,630.0,1739.0,True
1560,672.0,1739.0,True
1561,672.0,1739.0,True
1562,672.0,1739.0,True
1563,651.0,1739.0,True
1564,672.0,1739.0,False
1565,714.0,1739.0,False
1566,651.0,1739.0,True
1567,672.0,1739.0,True
1568,651.0,1739.0,True
1569,651.0,1739.0,True
1570,630.0,1739.0,True
1571,651.0,1739.0,False
1572,651.0,1739.0,True
1573,693.0,1739.0,False
1574,651.0,1739.0,False
1575,672.0,1739.0,True
1576,651.0,1739.0,True
1577,693.0,1739.0,True
1578,630.0,1739.0,False
1579,651.0,1739.0,True
1580,672.0,1739.0,True
1581,714.0,1739.0,False
1582,651.0,1739.0,False
1583,672.0,1739.0,True
1584,672.0,1739.0,False
1585,672.0,1739.0,False
1586,693.0,1739.0,True
1587,651.0,1739.0,True
1588,672.0,1739.0,False
1589,693.0,1739.0,False
1590,714.0,1739.0,True
1591,693.0,1739.0,True
1592,672.0,1739.0,True
1593,672.0,1739.0,True
1594,756.0,1739.0,False
1595,672.0,1739.0,True
1596,609.0,1739.0,False
1597,672.0,1739.0,False
1598,693.0,1739.0,True
1599,609.0,1739.0,True
1600,672.0,1739.0,True
1601,693.0,1739.0,True
1602,588.0,1739.0,True
1603,651.0,1739.0,True
1604,672.0,1739.0,True
1605,672.0,1739.0,True
1606,672.0,1739.0,True
1607,630.0,1739.0,True
1608,651.0,1739.0,True
1609,651.0,1739.0,True
1610,651.0,1739.0,True
1611,651.0,1739.0,False
1612,672.0,1739.0,True
1613,651.0,1739.0,True
1614,672.0,1739.0,False
1615,651.0,1739.0,True
1616,672.0,1739.0,False
1617,651.0,1739.0,True
1618,672.0,1739.0,True
1619,693.0,1739.0,True
1620,714.0,1739.0,False
1621,693.0,1739.0,True
1622,630.0,1739.0,False
1623,630.0,1739.0,True
1624,630.0,1739.0,True
1625,210.0,1739.0,True
1626,357.0,1739.0,True
1627,462.0,1739.0,True
1628,336.0,1739.0,False
1629,588.0,1739.0,False
1630,588.0,1739.0,True
1631,567.0,1739.0,True
1632,588.0,1739.0,True
1633,630.0,1739.0,False
1634,609.0,1739.0,True
1635,525.0,1739.0,True
1636,378.0,1739.0,True
1637,504.0,1739.0,True
1638,441.0,1739.0,True
1639,525.0,1739.0,True
1640,525.0,1739.0,True
1641,504.0,1739.0,True
1642,672.0,1739.0,True
1643,651.0,1739.0,True
1644,651.0,1739.0,True
1645,651.0,1739.0,True
1646,462.0,1739.0,True
1647,525.0,1739.0,True
1648,378.0,1739.0,False
1649,651.0,1739.0,True
1650,462.0,1739.0,True
1651,588.0,1739.0,True
1652,609.0,1739.0,True
1653,672.0,1739.0,True
1654,567.0,1739.0,False
1655,672.0,1739.0,True
1656,693.0,1739.0,False
1657,630.0,1739.0,False
1658,672.0,1739.0,False
1659,693.0,1739.0,True
1660,672.0,1739.0,True
1661,630.0,1739.0,True
1662,630.0,1739.0,False
1663,630.0,1739.0,True
1664,609.0,1739.0,False
1665,630.0,1739.0,False
1666,651.0,1739.0,False
1667,651.0,1739.0,False
1668,714.0,1739.0,True
1669,735.0,1739.0,False
1670,672.0,1739.0,False
1671,672.0,1739.0,True
1672,693.0,1739.0,True
1673,693.0,1739.0,True
1674,777.0,1739.0,False
1675,735.0,1739.0,False
1676,672.0,1739.0,False
1677,798.0,1739.0,False
1678,693.0,1739.0,True
1679,672.0,1739.0,True
1680,693.0,1739.0,True
1681,714.0,1739.0,True
1682,672.0,1739.0,True
1683,735.0,1739.0,False
1684,714.0,1739.0,False
1685,693.0,1739.0,True
1686,546.0,1739.0,False
1687,567.0,1739.0,False
1688,630.0,1739.0,True
1689,777.0,1739.0,True
1690,651.0,1739.0,False
1691,609.0,1739.0,True
1692,777.0,1739.0,True
1693,504.0,1739.0,True
1694,714.0,1739.0,True
1695,651.0,1739.0,True
1696,735.0,1739.0,True
1697,672.0,1739.0,False
1698,714.0,1739.0,True
1699,672.0,1739.0,True
1700,735.0,1739.0,False
1701,693.0,1739.0,True
1702,651.0,1739.0,False
1703,714.0,1739.0,False
1704,861.0,1739.0,True
1705,609.0,1739.0,False
1706,693.0,1739.0,True
1707,609.0,1739.0,True
1708,672.0,1739.0,True
1709,651.0,1739.0,False
1710,693.0,1739.0,True
1711,651.0,1739.0,False
1712,693.0,1739.0,False
1713,672.0,1739.0,True
1714,735.0,1739.0,True
1715,693.0,1739.0,False
1716,714.0,1739.0,False
1717,798.0,1739.0,True
1718,672.0,1739.0,False
1719,693.0,1739.0,False
1720,672.0,1739.0,False
1721,714.0,1739.0,True
1722,672.0,1739.0,False
1723,672.0,1739.0,True
1724,693.0,1739.0,False
1725,693.0,1739.0,False
1726,651.0,1739.0,True
1727,714.0,1739.0,True
1728,567.0,1739.0,True
1729,714.0,1739.0,True
1730,693.0,1739.0,True
1731,735.0,1739.0,True
1732,672.0,1739.0,True
1733,756.0,1739.0,True
1734,735.0,1739.0,True
1735,672.0,1739.0,True
1736,693.0,1739.0,True
1737,756.0,1739.0,False
1738,714.0,1739.0,True
1739,693.0,1739.0,True
1740,693.0,1739.0,False
1741,693.0,1739.0,True
1742,672.0,1739.0,False
1743,735.0,1739.0,True
1744,693.0,1739.0,True
1745,735.0,1739.0,True
1746,588.0,1739.0,False
1747,672.0,1739.0,True
1748,672.0,1739.0,True
1749,693.0,1739.0,False
1750,651.0,1739.0,True
1751,357.0,1739.0,True
1752,525.0,1739.0,True
1753,693.0,1739.0,False
1754,672.0,1739.0,True
1755,630.0,1739.0,False
1756,693.0,1739.0,True
1757,546.0,1739.0,True
1758,651.0,1739.0,True
1759,651.0,1739.0,False
1760,378.0,1739.0,True
1761,672.0,1739.0,True
1762,630.0,1739.0,False
1763,357.0,1739.0,True
1764,504.0,1739.0,True
1765,483.0,1739.0,True
1766,441.0,1739.0,True
1767,504.0,1739.0,True
1768,462.0,1739.0,False
1769,525.0,1739.0,True
1770,504.0,1739.0,False
1771,252.0,1739.0,False
1772,378.0,1739.0,False
1773,399.0,1739.0,False
1774,441.0,1739.0,True
1775,378.0,1739.0,False
1776,378.0,1739.0,True
1777,525.0,1739.0,True
1778,504.0,1739.0,True
1779,462.0,1739.0,False
1780,441.0,1739.0,True
1781,399.0,1739.0,False
1782,672.0,1739.0,False
1783,420.0,1739.0,False
1784,378.0,1739.0,False
1785,525.0,1739.0,False
1786,420.0,1739.0,True
1787,357.0,1739.0,True
1788,336.0,1739.0,False
1789,672.0,1739.0,True
1790,210.0,1739.0,True
1791,210.0,1739.0,False
1792,231.0,1739.0,True
1793,231.0,1739.0,False
1794,210.0,1739.0,True
1795,210.0,1739.0,False
1796,231.0,1739.0,True
1797,231.0,1739.0,True
1798,210.0,1739.0,True
1799,210.0,1739.0,True
1800,210.0,1739.0,True
1801,546.0,1739.0,True
1802,336.0,1739.0,True
1803,483.0,1739.0,False
1804,651.0,1739.0,True
1805,630.0,1739.0,False
1806,630.0,1739.0,False
1807,693.0,1739.0,True
1808,651.0,1739.0,True
1809,701.0,1739.0,True
1810,378.0,1739.0,False
1811,630.0,1739.0,False
1812,772.0,1739.0,False
1813,755.0,1739.0,True
1814,630.0,1739.0,False
1815,763.0,1739.0,True
1816,741.0,1739.0,True
1817,843.0,1739.0,False
1818,887.0,1739.0,False
1819,700.0,1739.0,True
1820,765.0,1739.0,True
1821,781.0,1739.0,False
1822,693.0,1739.0,True
1823,630.0,1739.0,True
1824,441.0,1739.0,True
1825,504.0,1739.0,True
1826,357.0,1739.0,True
1827,483.0,1739.0,False
1828,441.0,1739.0,True
1829,441.0,1739.0,True
1830,588.0,1739.0,False
1831,525.0,1739.0,True
1832,504.0,1739.0,True
1833,441.0,1739.0,True
1834,609.0,1739.0,True
1835,399.0,1739.0,True
1836,525.0,1739.0,True
1837,483.0,1739.0,True
1838,483.0,1739.0,True
1839,546.0,1739.0,True
1840,693.0,1739.0,True
1841,462.0,1739.0,True
1842,462.0,1739.0,False
1843,525.0,1739.0,False
1844,588.0,1739.0,True
1845,567.0,1739.0,True
1846,546.0,1739.0,True
1847,483.0,1739.0,True
1848,525.0,1739.0,True
1849,546.0,1739.0,True
1850,525.0,1739.0,False
1851,504.0,1739.0,True
1852,567.0,1739.0,True
1853,651.0,1739.0,True
1854,441.0,1739.0,True
1855,651.0,1739.0,True
1856,630.0,1739.0,False
1857,420.0,1739.0,True
1858,588.0,1739.0,True
1859,420.0,1739.0,True
1860,399.0,1739.0,True
1861,483.0,1739.0,True
1862,651.0,1739.0,True
1863,567.0,1739.0,True
1864,462.0,1739.0,True
1865,462.0,1739.0,True
1866,525.0,1739.0,True
1867,672.0,1739.0,True
1868,672.0,1739.0,True
1869,525.0,1739.0,True
1870,525.0,1739.0,True
1871,546.0,1739.0,True
1872,630.0,1739.0,True
1873,525.0,1739.0,True
1874,462.0,1739.0,True
1875,567.0,1739.0,False
1876,525.0,1739.0,True
1877,630.0,1739.0,False
1878,504.0,1739.0,True
1879,546.0,1739.0,True
1880,462.0,1739.0,True
1881,672.0,1739.0,True
1882,483.0,1739.0,True
1883,693.0,1739.0,True
1884,630.0,1739.0,True
1885,588.0,1739.0,True
1886,546.0,1739.0,True
1887,504.0,1739.0,False
1888,546.0,1739.0,True
1889,525.0,1739.0,True
1890,525.0,1739.0,True
1891,462.0,1739.0,True
1892,462.0,1739.0,True
1893,546.0,1739.0,True
1894,357.0,1739.0,True
1895,525.0,1739.0,True
1896,462.0,1739.0,True
1897,420.0,1739.0,False
1898,525.0,1739.0,True
1899,399.0,1739.0,True
1900,546.0,1739.0,True
1901,378.0,1739.0,True
1902,588.0,1739.0,True
1903,504.0,1739.0,True
1904,651.0,1739.0,False
1905,630.0,1739.0,False
1906,462.0,1739.0,True
1907,462.0,1739.0,True
1908,462.0,1739.0,False
1909,630.0,1739.0,True
1910,546.0,1739.0,False
1911,378.0,1739.0,False
1912,504.0,1739.0,True
1913,567.0,1739.0,True
1914,504.0,1739.0,True
1915,546.0,1739.0,True
1916,504.0,1739.0,True
1917,525.0,1739.0,True
1918,525.0,1739.0,False
1919,504.0,1739.0,False
1920,441.0,1739.0,True
1921,651.0,1739.0,True
1922,504.0,1739.0,True
1923,483.0,1739.0,True
1924,504.0,1739.0,False
1925,630.0,1739.0,False
1926,588.0,1739.0,False
1927,525.0,1739.0,False
1928,462.0,1739.0,False
1929,651.0,1739.0,True
1930,525.0,1739.0,False
1931,483.0,1739.0,True
1932,525.0,1739.0,True
1933,441.0,1739.0,True
1934,630.0,1739.0,True
1935,672.0,1739.0,False
1936,525.0,1739.0,True
1937,462.0,1739.0,True
1938,462.0,1739.0,False
1939,483.0,1739.0,True
1940,462.0,1739.0,False
1941,462.0,1739.0,False
1942,588.0,1739.0,True
1943,420.0,1739.0,True
1944,441.0,1739.0,True
1945,546.0,1739.0,False
1946,630.0,1739.0,False
1947,504.0,1739.0,True
1948,504.0,1739.0,True
1949,609.0,1739.0,False
1950,483.0,1739.0,True
1951,399.0,1739.0,True
1952,567.0,1739.0,False
1953,609.0,1739.0,False
1954,567.0,1739.0,True
1955,357.0,1739.0,True
1956,483.0,1739.0,False
1957,462.0,1739.0,True
1958,504.0,1739.0,True
1959,525.0,1739.0,False
1960,609.0,1739.0,True
1961,630.0,1739.0,True
1962,630.0,1739.0,True
1963,588.0,1739.0,False
1964,504.0,1739.0,True
1965,462.0,1739.0,True
1966,525.0,1739.0,True
1967,462.0,1739.0,True
1968,462.0,1739.0,True
1969,462.0,1739.0,True
1970,525.0,1739.0,True
1971,483.0,1739.0,True
1972,441.0,1739.0,True
1973,504.0,1739.0,True
1974,525.0,1739.0,False
1975,525.0,1739.0,True
1976,525.0,1739.0,True
1977,672.0,1739.0,False
1978,504.0,1739.0,True
1979,651.0,1739.0,True
1980,504.0,1739.0,False
1981,546.0,1739.0,True
1982,525.0,1739.0,True
1983,462.0,1739.0,True
1984,525.0,1739.0,True
1985,441.0,1739.0,True
1986,483.0,1739.0,True
1987,462.0,1739.0,True
1988,462.0,1739.0,True
1989,420.0,1739.0,False
1990,588.0,1739.0,False
1991,609.0,1739.0,False
1992,399.0,1739.0,True
1993,546.0,1739.0,False
1994,609.0,1739.0,True
1995,504.0,1739.0,True
1996,546.0,1739.0,True
1997,525.0,1739.0,True
1998,420.0,1739.0,True
1999,399.0,1739.0,True
