0,0.0,0.0,True
1,189.0,189.0,True
2,378.0,378.0,True
3,357.0,378.0,False
4,273.0,378.0,True
5,399.0,399.0,True
6,252.0,399.0,False
7,546.0,546.0,True
8,399.0,546.0,True
9,420.0,546.0,True
10,462.0,546.0,False
11,399.0,546.0,False
12,483.0,546.0,True
13,567.0,567.0,True
14,378.0,567.0,True
15,378.0,567.0,False
16,378.0,567.0,True
17,378.0,567.0,True
18,315.0,567.0,True
19,420.0,567.0,True
20,441.0,567.0,True
21,420.0,567.0,False
22,546.0,567.0,True
23,546.0,567.0,False
24,546.0,567.0,True
25,441.0,567.0,True
26,735.0,735.0,False
27,462.0,735.0,True
28,399.0,735.0,False
29,567.0,735.0,True
30,588.0,735.0,False
31,546.0,735.0,True
32,504.0,735.0,False
33,672.0,735.0,True
34,567.0,735.0,False
35,525.0,735.0,True
36,525.0,735.0,False
37,462.0,735.0,True
38,483.0,735.0,False
39,399.0,735.0,True
40,483.0,735.0,False
41,504.0,735.0,False
42,672.0,735.0,False
43,462.0,735.0,False
44,378.0,735.0,True
45,546.0,735.0,True
46,420.0,735.0,False
47,504.0,735.0,True
48,525.0,735.0,False
49,315.0,735.0,True
50,672.0,735.0,True
51,504.0,735.0,False
52,672.0,735.0,False
53,399.0,735.0,False
54,462.0,735.0,True
55,252.0,735.0,True
56,273.0,735.0,False
57,294.0,735.0,False
58,336.0,735.0,True
59,483.0,735.0,True
60,588.0,735.0,True
61,567.0,735.0,True
62,399.0,735.0,False
63,357.0,735.0,True
64,630.0,735.0,True
65,588.0,735.0,True
66,525.0,735.0,True
67,672.0,735.0,True
68,420.0,735.0,False
69,336.0,735.0,True
70,672.0,735.0,True
71,483.0,735.0,False
72,714.0,735.0,True
73,441.0,735.0,True
74,525.0,735.0,True
75,525.0,735.0,True
76,462.0,735.0,True
77,525.0,735.0,True
78,525.0,735.0,True
79,525.0,735.0,True
80,546.0,735.0,True
81,630.0,735.0,True
82,504.0,735.0,True
83,630.0,735.0,True
84,546.0,735.0,True
85,525.0,735.0,False
86,546.0,735.0,True
87,609.0,735.0,True
88,525.0,735.0,False
89,441.0,735.0,True
90,462.0,735.0,False
91,294.0,735.0,False
92,399.0,735.0,True
93,273.0,735.0,True
94,399.0,735.0,False
95,567.0,735.0,True
96,252.0,735.0,True
97,357.0,735.0,True
98,588.0,735.0,True
99,357.0,735.0,False
100,168.0,735.0,True
101,630.0,735.0,False
102,315.0,735.0,True
103,546.0,735.0,False
104,315.0,735.0,True
105,483.0,735.0,True
106,462.0,735.0,True
107,441.0,735.0,False
108,588.0,735.0,True
109,420.0,735.0,True
110,483.0,735.0,False
111,420.0,735.0,True
112,504.0,735.0,True
113,441.0,735.0,True
114,630.0,735.0,True
115,651.0,735.0,False
116,672.0,735.0,True
117,525.0,735.0,True
118,483.0,735.0,True
119,651.0,735.0,True
120,567.0,735.0,True
121,630.0,735.0,False
122,672.0,735.0,False
123,672.0,735.0,True
124,651.0,735.0,True
125,357.0,735.0,False
126,462.0,735.0,True
127,420.0,735.0,True
128,357.0,735.0,True
129,462.0,735.0,True
130,378.0,735.0,True
131,630.0,735.0,True
132,399.0,735.0,True
133,609.0,735.0,True
134,399.0,735.0,True
135,420.0,735.0,True
136,399.0,735.0,True
137,399.0,735.0,False
138,399.0,735.0,False
139,420.0,735.0,True
140,420.0,735.0,True
141,462.0,735.0,True
142,420.0,735.0,True
143,420.0,735.0,False
144,399.0,735.0,True
145,609.0,735.0,True
146,630.0,735.0,True
147,651.0,735.0,True
148,630.0,735.0,False
149,567.0,735.0,False
150,651.0,735.0,False
151,651.0,735.0,True
152,672.0,735.0,True
153,630.0,735.0,False
154,630.0,735.0,False
155,651.0,735.0,True
156,630.0,735.0,True
157,441.0,735.0,False
158,651.0,735.0,True
159,378.0,735.0,True
160,546.0,735.0,True
161,588.0,735.0,True
162,399.0,735.0,False
163,378.0,735.0,True
164,546.0,735.0,False
165,713.0,735.0,True
166,765.0,765.0,False
167,786.0,786.0,False
168,462.0,786.0,False
169,682.0,786.0,False
170,806.0,806.0,True
171,462.0,806.0,False
172,651.0,806.0,True
173,763.0,806.0,False
174,441.0,806.0,True
175,546.0,806.0,False
176,525.0,806.0,True
177,651.0,806.0,True
178,735.0,806.0,False
179,651.0,806.0,True
180,714.0,806.0,True
181,714.0,806.0,False
182,735.0,806.0,True
183,714.0,806.0,True
184,714.0,806.0,False
185,651.0,806.0,False
186,378.0,806.0,False
187,693.0,806.0,True
188,693.0,806.0,True
189,672.0,806.0,False
190,672.0,806.0,True
191,672.0,806.0,True
192,546.0,806.0,False
193,399.0,806.0,False
194,714.0,806.0,False
195,567.0,806.0,False
196,651.0,806.0,False
197,693.0,806.0,True
198,588.0,806.0,False
199,693.0,806.0,False
200,672.0,806.0,False
201,693.0,806.0,False
202,651.0,806.0,True
203,651.0,806.0,True
204,651.0,806.0,True
205,672.0,806.0,False
206,504.0,806.0,True
207,609.0,806.0,True
208,651.0,806.0,False
209,609.0,806.0,True
210,588.0,806.0,True
211,651.0,806.0,False
212,525.0,806.0,True
213,672.0,806.0,True
214,630.0,806.0,False
215,609.0,806.0,True
216,504.0,806.0,True
217,630.0,806.0,True
218,693.0,806.0,True
219,630.0,806.0,False
220,693.0,806.0,False
221,630.0,806.0,False
222,651.0,806.0,True
223,693.0,806.0,False
224,630.0,806.0,True
225,651.0,806.0,True
226,651.0,806.0,True
227,693.0,806.0,True
228,672.0,806.0,True
229,630.0,806.0,True
230,693.0,806.0,True
231,525.0,806.0,True
232,651.0,806.0,True
233,672.0,806.0,True
234,693.0,806.0,True
235,735.0,806.0,False
236,630.0,806.0,True
237,651.0,806.0,True
238,630.0,806.0,True
239,504.0,806.0,True
240,672.0,806.0,True
241,504.0,806.0,True
242,588.0,806.0,True
243,651.0,806.0,True
244,441.0,806.0,False
245,609.0,806.0,True
246,630.0,806.0,False
247,672.0,806.0,True
248,630.0,806.0,True
249,672.0,806.0,True
250,672.0,806.0,False
251,693.0,806.0,True
252,714.0,806.0,True
253,672.0,806.0,True
254,651.0,806.0,True
255,630.0,806.0,True
256,714.0,806.0,True
257,567.0,806.0,True
258,693.0,806.0,False
259,735.0,806.0,True
260,651.0,806.0,False
261,672.0,806.0,True
262,672.0,806.0,False
263,693.0,806.0,False
264,672.0,806.0,False
265,672.0,806.0,True
266,672.0,806.0,True
267,735.0,806.0,False
268,693.0,806.0,True
269,672.0,806.0,True
270,735.0,806.0,True
271,693.0,806.0,True
272,630.0,806.0,True
273,651.0,806.0,True
274,651.0,806.0,False
275,714.0,806.0,True
276,672.0,806.0,True
277,672.0,806.0,False
278,651.0,806.0,True
279,651.0,806.0,True
280,630.0,806.0,True
281,714.0,806.0,True
282,462.0,806.0,True
283,441.0,806.0,True
284,441.0,806.0,True
285,420.0,806.0,True
286,420.0,806.0,True
287,441.0,806.0,False
288,462.0,806.0,True
289,525.0,806.0,True
290,672.0,806.0,True
291,630.0,806.0,True
292,735.0,806.0,True
293,693.0,806.0,True
294,672.0,806.0,True
295,630.0,806.0,True
296,651.0,806.0,True
297,651.0,806.0,True
298,693.0,806.0,True
299,714.0,806.0,True
300,672.0,806.0,True
301,609.0,806.0,True
302,735.0,806.0,True
303,651.0,806.0,False
304,651.0,806.0,True
305,672.0,806.0,True
306,693.0,806.0,True
307,651.0,806.0,True
308,651.0,806.0,True
309,483.0,806.0,False
310,441.0,806.0,True
311,714.0,806.0,True
312,399.0,806.0,True
313,672.0,806.0,True
314,504.0,806.0,True
315,693.0,806.0,True
316,714.0,806.0,True
317,399.0,806.0,True
318,693.0,806.0,False
319,651.0,806.0,True
320,672.0,806.0,False
321,672.0,806.0,True
322,609.0,806.0,True
323,651.0,806.0,True
324,588.0,806.0,False
325,630.0,806.0,True
326,693.0,806.0,False
327,672.0,806.0,True
328,714.0,806.0,True
329,693.0,806.0,True
330,651.0,806.0,True
331,651.0,806.0,True
332,693.0,806.0,True
333,693.0,806.0,True
334,651.0,806.0,True
335,672.0,806.0,False
336,756.0,806.0,True
337,693.0,806.0,True
338,693.0,806.0,True
339,672.0,806.0,True
340,714.0,806.0,True
341,483.0,806.0,True
342,609.0,806.0,True
343,630.0,806.0,True
344,630.0,806.0,True
345,672.0,806.0,True
346,693.0,806.0,True
347,693.0,806.0,True
348,693.0,806.0,False
349,672.0,806.0,True
350,672.0,806.0,False
351,672.0,806.0,True
352,672.0,806.0,True
353,651.0,806.0,True
354,651.0,806.0,True
355,651.0,806.0,True
356,672.0,806.0,False
357,714.0,806.0,True
358,777.0,806.0,True
359,651.0,806.0,False
360,693.0,806.0,True
361,651.0,806.0,True
362,42.0,806.0,False
363,735.0,806.0,False
364,693.0,806.0,True
365,693.0,806.0,True
366,714.0,806.0,True
367,441.0,806.0,True
368,609.0,806.0,False
369,651.0,806.0,True
370,651.0,806.0,False
371,651.0,806.0,False
372,651.0,806.0,False
373,630.0,806.0,True
374,756.0,806.0,True
375,693.0,806.0,True
376,672.0,806.0,False
377,588.0,806.0,True
378,609.0,806.0,False
379,693.0,806.0,False
380,672.0,806.0,False
381,462.0,806.0,True
382,357.0,806.0,False
383,651.0,806.0,True
384,651.0,806.0,True
385,756.0,806.0,True
386,714.0,806.0,False
387,693.0,806.0,False
388,672.0,806.0,True
389,756.0,806.0,False
390,693.0,806.0,True
391,651.0,806.0,False
392,651.0,806.0,True
393,714.0,806.0,True
394,693.0,806.0,True
395,609.0,806.0,True
396,525.0,806.0,True
397,651.0,806.0,True
398,630.0,806.0,False
399,651.0,806.0,False
400,630.0,806.0,True
401,693.0,806.0,True
402,693.0,806.0,False
403,651.0,806.0,True
404,630.0,806.0,True
405,651.0,806.0,True
406,651.0,806.0,False
407,441.0,806.0,True
408,504.0,806.0,False
409,483.0,806.0,False
410,567.0,806.0,True
411,420.0,806.0,True
412,399.0,806.0,True
413,651.0,806.0,True
414,336.0,806.0,False
415,630.0,806.0,True
416,462.0,806.0,False
417,693.0,806.0,True
418,672.0,806.0,False
419,735.0,806.0,False
420,630.0,806.0,False
421,546.0,806.0,True
422,672.0,806.0,True
423,672.0,806.0,True
424,735.0,806.0,True
425,693.0,806.0,True
426,756.0,806.0,False
427,693.0,806.0,False
428,735.0,806.0,True
429,693.0,806.0,True
430,714.0,806.0,False
431,714.0,806.0,True
432,651.0,806.0,False
433,651.0,806.0,True
434,693.0,806.0,True
435,693.0,806.0,True
436,693.0,806.0,True
437,756.0,806.0,True
438,693.0,806.0,False
439,672.0,806.0,True
440,672.0,806.0,False
441,714.0,806.0,True
442,735.0,806.0,False
443,735.0,806.0,True
444,735.0,806.0,True
445,714.0,806.0,False
446,735.0,806.0,True
447,714.0,806.0,True
448,693.0,806.0,False
449,714.0,806.0,True
450,714.0,806.0,True
451,693.0,806.0,True
452,714.0,806.0,False
453,672.0,806.0,True
454,714.0,806.0,False
455,651.0,806.0,True
456,651.0,806.0,True
457,672.0,806.0,False
458,651.0,806.0,True
459,693.0,806.0,True
460,651.0,806.0,True
461,651.0,806.0,True
462,756.0,806.0,True
463,693.0,806.0,True
464,735.0,806.0,False
465,672.0,806.0,False
466,703.0,806.0,False
467,693.0,806.0,True
468,672.0,806.0,False
469,714.0,806.0,True
470,651.0,806.0,True
471,672.0,806.0,True
472,651.0,806.0,True
473,693.0,806.0,False
474,693.0,806.0,False
475,795.0,806.0,True
476,588.0,806.0,False
477,525.0,806.0,False
478,692.0,806.0,False
479,651.0,806.0,True
480,702.0,806.0,True
481,588.0,806.0,False
482,504.0,806.0,False
483,546.0,806.0,False
484,734.0,806.0,True
485,546.0,806.0,True
486,609.0,806.0,True
487,723.0,806.0,True
488,817.0,817.0,False
489,682.0,817.0,False
490,732.0,817.0,True
491,504.0,817.0,True
492,567.0,817.0,True
493,546.0,817.0,False
494,336.0,817.0,False
495,504.0,817.0,True
496,399.0,817.0,False
497,483.0,817.0,False
498,420.0,817.0,False
499,693.0,817.0,False
500,504.0,817.0,False
501,609.0,817.0,True
502,231.0,817.0,False
503,525.0,817.0,True
504,546.0,817.0,False
505,399.0,817.0,False
506,630.0,817.0,False
507,525.0,817.0,True
508,504.0,817.0,True
509,525.0,817.0,False
510,378.0,817.0,True
511,462.0,817.0,True
512,441.0,817.0,False
513,504.0,817.0,True
514,504.0,817.0,True
515,462.0,817.0,True
516,567.0,817.0,True
517,651.0,817.0,True
518,651.0,817.0,True
519,714.0,817.0,True
520,672.0,817.0,True
521,777.0,817.0,True
522,672.0,817.0,True
523,693.0,817.0,True
524,693.0,817.0,True
525,693.0,817.0,False
526,672.0,817.0,False
527,714.0,817.0,True
528,693.0,817.0,True
529,714.0,817.0,True
530,735.0,817.0,True
531,777.0,817.0,False
532,693.0,817.0,False
533,630.0,817.0,True
534,672.0,817.0,True
535,756.0,817.0,True
536,693.0,817.0,False
537,672.0,817.0,False
538,733.0,817.0,True
539,693.0,817.0,True
540,609.0,817.0,False
541,672.0,817.0,False
542,756.0,817.0,False
543,525.0,817.0,False
544,651.0,817.0,True
545,714.0,817.0,False
546,651.0,817.0,False
547,630.0,817.0,False
548,735.0,817.0,False
549,672.0,817.0,False
550,651.0,817.0,True
551,693.0,817.0,False
552,651.0,817.0,False
553,630.0,817.0,False
554,567.0,817.0,False
555,714.0,817.0,False
556,672.0,817.0,False
557,651.0,817.0,True
558,672.0,817.0,False
559,609.0,817.0,False
560,714.0,817.0,True
561,651.0,817.0,False
562,651.0,817.0,False
563,672.0,817.0,False
564,714.0,817.0,False
565,462.0,817.0,False
566,714.0,817.0,True
567,693.0,817.0,False
568,693.0,817.0,True
569,693.0,817.0,True
570,672.0,817.0,True
571,672.0,817.0,False
572,651.0,817.0,True
573,693.0,817.0,True
574,651.0,817.0,True
575,462.0,817.0,False
576,714.0,817.0,False
577,630.0,817.0,True
578,651.0,817.0,False
579,672.0,817.0,False
580,672.0,817.0,False
581,693.0,817.0,False
582,714.0,817.0,True
583,756.0,817.0,True
584,630.0,817.0,True
585,630.0,817.0,True
586,672.0,817.0,True
587,483.0,817.0,False
588,693.0,817.0,True
589,693.0,817.0,True
590,630.0,817.0,False
591,651.0,817.0,False
592,672.0,817.0,True
593,672.0,817.0,True
594,672.0,817.0,True
595,693.0,817.0,True
596,693.0,817.0,False
597,714.0,817.0,True
598,693.0,817.0,False
599,420.0,817.0,True
600,504.0,817.0,True
601,483.0,817.0,False
602,525.0,817.0,True
603,651.0,817.0,True
604,441.0,817.0,True
605,399.0,817.0,False
606,462.0,817.0,True
607,546.0,817.0,True
608,399.0,817.0,True
609,567.0,817.0,True
610,399.0,817.0,False
611,315.0,817.0,True
612,231.0,817.0,False
613,378.0,817.0,True
614,378.0,817.0,False
615,399.0,817.0,False
616,357.0,817.0,True
617,504.0,817.0,True
618,420.0,817.0,True
619,546.0,817.0,False
620,546.0,817.0,True
621,651.0,817.0,True
622,693.0,817.0,False
623,525.0,817.0,False
624,651.0,817.0,True
625,672.0,817.0,True
626,567.0,817.0,False
627,651.0,817.0,False
628,693.0,817.0,True
629,672.0,817.0,True
630,609.0,817.0,False
631,693.0,817.0,True
632,630.0,817.0,True
633,672.0,817.0,False
634,630.0,817.0,False
635,651.0,817.0,True
636,630.0,817.0,True
637,651.0,817.0,True
638,630.0,817.0,True
639,693.0,817.0,True
640,630.0,817.0,False
641,714.0,817.0,True
642,672.0,817.0,True
643,693.0,817.0,True
644,651.0,817.0,False
645,630.0,817.0,True
646,630.0,817.0,False
647,672.0,817.0,False
648,651.0,817.0,False
649,651.0,817.0,True
650,651.0,817.0,False
651,588.0,817.0,False
652,702.0,817.0,False
653,731.0,817.0,False
654,630.0,817.0,False
655,651.0,817.0,True
656,808.0,817.0,True
657,525.0,817.0,False
658,693.0,817.0,False
659,745.0,817.0,True
660,714.0,817.0,False
661,672.0,817.0,False
662,504.0,817.0,False
663,651.0,817.0,False
664,703.0,817.0,True
665,745.0,817.0,True
666,672.0,817.0,True
667,714.0,817.0,False
668,504.0,817.0,False
669,756.0,817.0,False
670,693.0,817.0,True
671,609.0,817.0,False
672,504.0,817.0,True
673,651.0,817.0,True
674,504.0,817.0,True
675,504.0,817.0,True
676,672.0,817.0,False
677,504.0,817.0,True
678,462.0,817.0,True
679,525.0,817.0,False
680,504.0,817.0,True
681,420.0,817.0,False
682,588.0,817.0,False
683,525.0,817.0,False
684,525.0,817.0,False
685,546.0,817.0,True
686,630.0,817.0,False
687,483.0,817.0,False
688,462.0,817.0,True
689,630.0,817.0,True
690,420.0,817.0,True
691,441.0,817.0,True
692,525.0,817.0,True
693,462.0,817.0,True
694,546.0,817.0,False
695,672.0,817.0,True
696,525.0,817.0,True
697,420.0,817.0,False
698,441.0,817.0,True
699,462.0,817.0,True
700,378.0,817.0,True
701,399.0,817.0,True
702,399.0,817.0,True
703,420.0,817.0,True
704,441.0,817.0,True
705,504.0,817.0,False
706,546.0,817.0,True
707,609.0,817.0,True
708,525.0,817.0,True
709,546.0,817.0,True
710,525.0,817.0,False
711,504.0,817.0,True
712,420.0,817.0,True
713,357.0,817.0,False
714,630.0,817.0,False
715,525.0,817.0,True
716,378.0,817.0,True
717,483.0,817.0,False
718,525.0,817.0,True
719,525.0,817.0,True
720,588.0,817.0,True
721,525.0,817.0,True
722,525.0,817.0,True
723,525.0,817.0,True
724,525.0,817.0,True
725,546.0,817.0,False
726,504.0,817.0,True
727,546.0,817.0,False
728,420.0,817.0,True
729,651.0,817.0,False
730,504.0,817.0,True
731,462.0,817.0,False
732,336.0,817.0,False
733,525.0,817.0,False
734,462.0,817.0,True
735,504.0,817.0,True
736,525.0,817.0,True
737,630.0,817.0,False
738,588.0,817.0,True
739,525.0,817.0,False
740,588.0,817.0,True
741,567.0,817.0,True
742,441.0,817.0,True
743,525.0,817.0,True
744,462.0,817.0,False
745,441.0,817.0,True
746,588.0,817.0,True
747,525.0,817.0,True
748,483.0,817.0,False
749,378.0,817.0,True
750,525.0,817.0,False
751,525.0,817.0,True
752,630.0,817.0,True
753,546.0,817.0,True
754,462.0,817.0,True
755,546.0,817.0,True
756,672.0,817.0,True
757,567.0,817.0,True
758,462.0,817.0,True
759,399.0,817.0,True
760,588.0,817.0,False
761,462.0,817.0,False
762,588.0,817.0,True
763,525.0,817.0,True
764,399.0,817.0,False
765,504.0,817.0,True
766,462.0,817.0,False
767,546.0,817.0,True
768,252.0,817.0,True
769,651.0,817.0,True
770,630.0,817.0,True
771,651.0,817.0,True
772,651.0,817.0,False
773,672.0,817.0,True
774,609.0,817.0,False
775,672.0,817.0,False
776,672.0,817.0,True
777,651.0,817.0,True
778,672.0,817.0,True
779,672.0,817.0,False
780,672.0,817.0,True
781,714.0,817.0,True
782,651.0,817.0,True
783,672.0,817.0,True
784,672.0,817.0,False
785,651.0,817.0,True
786,714.0,817.0,False
787,672.0,817.0,True
788,651.0,817.0,True
789,693.0,817.0,True
790,672.0,817.0,True
791,630.0,817.0,False
792,630.0,817.0,False
793,672.0,817.0,True
794,609.0,817.0,True
795,630.0,817.0,False
796,441.0,817.0,False
797,168.0,817.0,True
798,189.0,817.0,True
799,651.0,817.0,True
800,651.0,817.0,False
801,588.0,817.0,True
802,672.0,817.0,False
803,735.0,817.0,True
804,693.0,817.0,False
805,672.0,817.0,True
806,714.0,817.0,True
807,609.0,817.0,False
808,525.0,817.0,True
809,273.0,817.0,False
810,672.0,817.0,False
811,735.0,817.0,False
812,504.0,817.0,False
813,609.0,817.0,False
814,483.0,817.0,False
815,693.0,817.0,False
816,315.0,817.0,False
817,714.0,817.0,True
818,735.0,817.0,False
819,336.0,817.0,True
820,609.0,817.0,False
821,714.0,817.0,False
822,672.0,817.0,False
823,525.0,817.0,True
824,567.0,817.0,False
825,210.0,817.0,True
826,651.0,817.0,False
827,315.0,817.0,True
828,441.0,817.0,True
829,252.0,817.0,False
830,399.0,817.0,False
831,651.0,817.0,True
832,504.0,817.0,False
833,651.0,817.0,False
834,735.0,817.0,True
835,672.0,817.0,True
836,693.0,817.0,False
837,693.0,817.0,False
838,588.0,817.0,True
839,609.0,817.0,False
840,441.0,817.0,True
841,609.0,817.0,True
842,588.0,817.0,True
843,357.0,817.0,True
844,399.0,817.0,True
845,399.0,817.0,True
846,378.0,817.0,False
847,609.0,817.0,True
848,399.0,817.0,True
849,294.0,817.0,False
850,504.0,817.0,True
851,357.0,817.0,False
852,252.0,817.0,False
853,315.0,817.0,True
854,378.0,817.0,True
855,420.0,817.0,True
856,483.0,817.0,False
857,525.0,817.0,True
858,357.0,817.0,True
859,588.0,817.0,True
860,441.0,817.0,True
861,420.0,817.0,True
862,504.0,817.0,True
863,525.0,817.0,True
864,462.0,817.0,False
865,525.0,817.0,True
866,504.0,817.0,True
867,504.0,817.0,True
868,462.0,817.0,True
869,399.0,817.0,True
870,399.0,817.0,False
871,420.0,817.0,True
872,336.0,817.0,False
873,504.0,817.0,False
874,567.0,817.0,False
875,399.0,817.0,True
876,546.0,817.0,False
877,567.0,817.0,False
878,462.0,817.0,True
879,378.0,817.0,True
880,567.0,817.0,True
881,441.0,817.0,True
882,588.0,817.0,True
883,630.0,817.0,False
884,609.0,817.0,True
885,609.0,817.0,True
886,546.0,817.0,True
887,462.0,817.0,False
888,462.0,817.0,False
889,399.0,817.0,False
890,441.0,817.0,True
891,399.0,817.0,True
892,357.0,817.0,True
893,441.0,817.0,True
894,441.0,817.0,False
895,546.0,817.0,True
896,420.0,817.0,False
897,462.0,817.0,True
898,462.0,817.0,False
899,420.0,817.0,True
900,630.0,817.0,True
901,504.0,817.0,True
902,378.0,817.0,True
903,630.0,817.0,True
904,630.0,817.0,True
905,630.0,817.0,False
906,630.0,817.0,False
907,630.0,817.0,False
908,630.0,817.0,False
909,630.0,817.0,False
910,630.0,817.0,False
911,504.0,817.0,True
912,630.0,817.0,True
913,609.0,817.0,False
914,378.0,817.0,False
915,630.0,817.0,True
916,630.0,817.0,True
917,630.0,817.0,True
918,630.0,817.0,True
919,630.0,817.0,False
920,651.0,817.0,True
921,630.0,817.0,True
922,651.0,817.0,False
923,525.0,817.0,False
924,630.0,817.0,True
925,651.0,817.0,True
926,672.0,817.0,True
927,798.0,817.0,False
928,714.0,817.0,True
929,504.0,817.0,False
930,630.0,817.0,True
931,693.0,817.0,False
932,651.0,817.0,True
933,651.0,817.0,True
934,630.0,817.0,True
935,672.0,817.0,True
936,630.0,817.0,False
937,651.0,817.0,False
938,630.0,817.0,True
939,672.0,817.0,False
940,651.0,817.0,False
941,630.0,817.0,True
942,735.0,817.0,False
943,609.0,817.0,True
944,420.0,817.0,True
945,441.0,817.0,False
946,420.0,817.0,True
947,525.0,817.0,True
948,399.0,817.0,True
949,441.0,817.0,False
950,420.0,817.0,True
951,378.0,817.0,True
952,630.0,817.0,True
953,693.0,817.0,True
954,693.0,817.0,True
955,714.0,817.0,True
956,651.0,817.0,True
957,756.0,817.0,True
958,651.0,817.0,False
959,735.0,817.0,False
960,504.0,817.0,True
961,672.0,817.0,True
962,651.0,817.0,False
963,777.0,817.0,False
964,651.0,817.0,False
965,693.0,817.0,True
966,693.0,817.0,False
967,693.0,817.0,True
968,693.0,817.0,True
969,693.0,817.0,False
970,693.0,817.0,False
971,714.0,817.0,True
972,630.0,817.0,True
973,651.0,817.0,True
974,525.0,817.0,True
975,483.0,817.0,True
976,483.0,817.0,True
977,399.0,817.0,False
978,420.0,817.0,True
979,420.0,817.0,True
980,546.0,817.0,False
981,630.0,817.0,True
982,399.0,817.0,True
983,420.0,817.0,True
984,525.0,817.0,True
985,462.0,817.0,False
986,525.0,817.0,True
987,504.0,817.0,True
988,462.0,817.0,True
989,504.0,817.0,True
990,441.0,817.0,False
991,399.0,817.0,False
992,462.0,817.0,True
993,420.0,817.0,False
994,420.0,817.0,False
995,525.0,817.0,True
996,462.0,817.0,False
997,441.0,817.0,True
998,525.0,817.0,False
999,525.0,817.0,True
1000,483.0,817.0,True
1001,525.0,817.0,True
1002,504.0,817.0,True
1003,525.0,817.0,True
1004,630.0,817.0,False
1005,315.0,817.0,True
1006,441.0,817.0,True
1007,504.0,817.0,True
1008,525.0,817.0,True
1009,546.0,817.0,True
1010,441.0,817.0,False
1011,357.0,817.0,True
1012,546.0,817.0,True
1013,441.0,817.0,True
1014,525.0,817.0,True
1015,546.0,817.0,True
1016,336.0,817.0,True
1017,525.0,817.0,True
1018,525.0,817.0,True
1019,420.0,817.0,True
1020,483.0,817.0,True
1021,504.0,817.0,True
1022,567.0,817.0,True
1023,483.0,817.0,True
1024,462.0,817.0,False
1025,672.0,817.0,True
1026,567.0,817.0,True
1027,546.0,817.0,True
1028,462.0,817.0,False
1029,231.0,817.0,True
1030,378.0,817.0,True
1031,189.0,817.0,True
1032,462.0,817.0,True
1033,630.0,817.0,True
1034,42.0,817.0,False
1035,525.0,817.0,False
1036,672.0,817.0,False
1037,609.0,817.0,False
1038,630.0,817.0,True
1039,441.0,817.0,False
1040,651.0,817.0,False
1041,504.0,817.0,False
1042,693.0,817.0,True
1043,588.0,817.0,False
1044,441.0,817.0,False
1045,609.0,817.0,False
1046,399.0,817.0,True
1047,525.0,817.0,True
1048,693.0,817.0,True
1049,693.0,817.0,False
1050,504.0,817.0,True
1051,462.0,817.0,True
1052,567.0,817.0,True
1053,399.0,817.0,True
1054,399.0,817.0,True
1055,504.0,817.0,True
1056,420.0,817.0,True
1057,504.0,817.0,False
1058,525.0,817.0,True
1059,672.0,817.0,True
1060,630.0,817.0,False
1061,525.0,817.0,True
1062,525.0,817.0,True
1063,252.0,817.0,False
1064,399.0,817.0,True
1065,588.0,817.0,False
1066,546.0,817.0,False
1067,525.0,817.0,True
1068,546.0,817.0,True
1069,525.0,817.0,True
1070,441.0,817.0,True
1071,630.0,817.0,True
1072,525.0,817.0,True
1073,525.0,817.0,False
1074,525.0,817.0,False
1075,525.0,817.0,True
1076,630.0,817.0,True
1077,462.0,817.0,True
1078,357.0,817.0,True
1079,651.0,817.0,True
1080,546.0,817.0,False
1081,483.0,817.0,False
1082,441.0,817.0,True
1083,630.0,817.0,False
1084,462.0,817.0,True
1085,420.0,817.0,False
1086,630.0,817.0,True
1087,462.0,817.0,False
1088,672.0,817.0,True
1089,630.0,817.0,True
1090,525.0,817.0,False
1091,504.0,817.0,False
1092,504.0,817.0,True
1093,462.0,817.0,False
1094,399.0,817.0,True
1095,399.0,817.0,True
1096,462.0,817.0,True
1097,525.0,817.0,True
1098,525.0,817.0,True
1099,462.0,817.0,True
1100,651.0,817.0,True
1101,588.0,817.0,True
1102,420.0,817.0,False
1103,399.0,817.0,False
1104,504.0,817.0,True
1105,420.0,817.0,True
1106,441.0,817.0,True
1107,525.0,817.0,False
1108,504.0,817.0,False
1109,231.0,817.0,False
1110,462.0,817.0,False
1111,630.0,817.0,False
1112,546.0,817.0,False
1113,525.0,817.0,True
1114,651.0,817.0,True
1115,588.0,817.0,True
1116,399.0,817.0,True
1117,504.0,817.0,True
1118,525.0,817.0,True
1119,336.0,817.0,False
1120,483.0,817.0,True
1121,420.0,817.0,True
1122,504.0,817.0,True
1123,525.0,817.0,True
1124,546.0,817.0,False
1125,399.0,817.0,False
1126,630.0,817.0,False
1127,504.0,817.0,True
1128,483.0,817.0,True
1129,399.0,817.0,True
1130,567.0,817.0,True
1131,630.0,817.0,True
1132,462.0,817.0,True
1133,588.0,817.0,False
1134,546.0,817.0,True
1135,651.0,817.0,True
1136,546.0,817.0,True
1137,441.0,817.0,False
1138,441.0,817.0,False
1139,651.0,817.0,False
1140,672.0,817.0,False
1141,567.0,817.0,True
1142,588.0,817.0,False
1143,546.0,817.0,False
1144,399.0,817.0,True
1145,483.0,817.0,True
1146,420.0,817.0,False
1147,420.0,817.0,True
1148,441.0,817.0,True
1149,672.0,817.0,True
1150,651.0,817.0,False
1151,630.0,817.0,True
1152,672.0,817.0,False
1153,672.0,817.0,True
1154,651.0,817.0,True
1155,672.0,817.0,True
1156,651.0,817.0,True
1157,672.0,817.0,False
1158,609.0,817.0,True
1159,651.0,817.0,True
1160,504.0,817.0,False
1161,231.0,817.0,True
1162,378.0,817.0,False
1163,336.0,817.0,True
1164,504.0,817.0,False
1165,378.0,817.0,True
1166,588.0,817.0,True
1167,651.0,817.0,True
1168,609.0,817.0,True
1169,651.0,817.0,False
1170,546.0,817.0,True
1171,672.0,817.0,False
1172,483.0,817.0,False
1173,714.0,817.0,True
1174,714.0,817.0,True
1175,546.0,817.0,False
1176,630.0,817.0,False
1177,630.0,817.0,True
1178,504.0,817.0,True
1179,399.0,817.0,True
1180,462.0,817.0,True
1181,546.0,817.0,True
1182,588.0,817.0,False
1183,420.0,817.0,True
1184,399.0,817.0,False
1185,630.0,817.0,True
1186,525.0,817.0,True
1187,588.0,817.0,False
1188,525.0,817.0,True
1189,441.0,817.0,True
1190,399.0,817.0,True
1191,567.0,817.0,True
1192,504.0,817.0,True
1193,672.0,817.0,True
1194,630.0,817.0,False
1195,630.0,817.0,False
1196,672.0,817.0,False
1197,546.0,817.0,False
1198,651.0,817.0,False
1199,693.0,817.0,True
1200,672.0,817.0,True
1201,651.0,817.0,True
1202,735.0,817.0,True
1203,693.0,817.0,True
1204,651.0,817.0,False
1205,714.0,817.0,False
1206,693.0,817.0,True
1207,651.0,817.0,False
1208,609.0,817.0,True
1209,735.0,817.0,False
1210,693.0,817.0,False
1211,399.0,817.0,True
1212,546.0,817.0,True
1213,399.0,817.0,True
1214,483.0,817.0,True
1215,525.0,817.0,True
1216,567.0,817.0,True
1217,441.0,817.0,True
1218,504.0,817.0,False
1219,609.0,817.0,True
1220,420.0,817.0,True
1221,420.0,817.0,True
1222,462.0,817.0,True
1223,441.0,817.0,False
1224,441.0,817.0,True
1225,441.0,817.0,False
1226,441.0,817.0,True
1227,525.0,817.0,True
1228,672.0,817.0,True
1229,504.0,817.0,True
1230,525.0,817.0,True
1231,525.0,817.0,False
1232,525.0,817.0,True
1233,462.0,817.0,False
1234,546.0,817.0,True
1235,672.0,817.0,True
1236,630.0,817.0,True
1237,588.0,817.0,False
1238,483.0,817.0,True
1239,525.0,817.0,True
1240,441.0,817.0,False
1241,462.0,817.0,True
1242,525.0,817.0,True
1243,504.0,817.0,True
1244,546.0,817.0,True
1245,546.0,817.0,False
1246,546.0,817.0,True
1247,504.0,817.0,False
1248,483.0,817.0,True
1249,567.0,817.0,True
1250,525.0,817.0,True
1251,525.0,817.0,True
1252,525.0,817.0,True
1253,441.0,817.0,True
1254,588.0,817.0,True
1255,462.0,817.0,True
1256,525.0,817.0,False
1257,504.0,817.0,True
1258,462.0,817.0,True
1259,546.0,817.0,True
1260,399.0,817.0,True
1261,630.0,817.0,True
1262,483.0,817.0,True
1263,504.0,817.0,True
1264,462.0,817.0,True
1265,420.0,817.0,True
1266,441.0,817.0,True
1267,546.0,817.0,False
1268,525.0,817.0,True
1269,567.0,817.0,False
1270,525.0,817.0,True
1271,378.0,817.0,False
1272,567.0,817.0,False
1273,546.0,817.0,True
1274,567.0,817.0,True
1275,609.0,817.0,False
1276,462.0,817.0,True
1277,567.0,817.0,True
1278,441.0,817.0,True
1279,462.0,817.0,True
1280,672.0,817.0,False
1281,588.0,817.0,True
1282,504.0,817.0,True
1283,483.0,817.0,True
1284,546.0,817.0,True
1285,504.0,817.0,False
1286,462.0,817.0,False
1287,588.0,817.0,False
1288,462.0,817.0,True
1289,357.0,817.0,True
1290,672.0,817.0,True
1291,525.0,817.0,True
1292,525.0,817.0,False
1293,630.0,817.0,True
1294,504.0,817.0,True
1295,525.0,817.0,True
1296,462.0,817.0,True
1297,588.0,817.0,True
1298,504.0,817.0,True
1299,525.0,817.0,False
1300,525.0,817.0,True
1301,231.0,817.0,True
1302,483.0,817.0,True
1303,546.0,817.0,True
1304,735.0,817.0,False
1305,651.0,817.0,True
1306,651.0,817.0,False
1307,672.0,817.0,True
1308,630.0,817.0,False
1309,357.0,817.0,False
1310,798.0,817.0,False
1311,735.0,817.0,True
1312,693.0,817.0,True
1313,672.0,817.0,True
1314,714.0,817.0,True
1315,672.0,817.0,False
1316,630.0,817.0,True
1317,693.0,817.0,False
1318,714.0,817.0,True
1319,651.0,817.0,False
1320,714.0,817.0,True
1321,651.0,817.0,False
1322,651.0,817.0,False
1323,630.0,817.0,False
1324,651.0,817.0,True
1325,693.0,817.0,True
1326,630.0,817.0,False
1327,651.0,817.0,False
1328,651.0,817.0,True
1329,693.0,817.0,False
1330,714.0,817.0,False
1331,651.0,817.0,False
1332,714.0,817.0,True
1333,651.0,817.0,False
1334,651.0,817.0,False
1335,714.0,817.0,False
1336,672.0,817.0,False
1337,651.0,817.0,False
1338,672.0,817.0,False
1339,651.0,817.0,False
1340,651.0,817.0,False
1341,651.0,817.0,False
1342,693.0,817.0,False
1343,714.0,817.0,True
1344,714.0,817.0,False
1345,609.0,817.0,False
1346,651.0,817.0,False
1347,630.0,817.0,False
1348,798.0,817.0,False
1349,714.0,817.0,False
1350,672.0,817.0,True
1351,693.0,817.0,True
1352,693.0,817.0,True
1353,630.0,817.0,False
1354,588.0,817.0,True
1355,682.0,817.0,True
1356,609.0,817.0,True
1357,630.0,817.0,True
1358,546.0,817.0,True
1359,672.0,817.0,True
1360,525.0,817.0,True
1361,546.0,817.0,True
1362,588.0,817.0,True
1363,504.0,817.0,True
1364,462.0,817.0,True
1365,420.0,817.0,False
1366,525.0,817.0,True
1367,525.0,817.0,False
1368,588.0,817.0,True
1369,504.0,817.0,True
1370,420.0,817.0,True
1371,462.0,817.0,False
1372,420.0,817.0,False
1373,441.0,817.0,True
1374,378.0,817.0,False
1375,462.0,817.0,True
1376,504.0,817.0,False
1377,525.0,817.0,True
1378,483.0,817.0,True
1379,525.0,817.0,True
1380,525.0,817.0,True
1381,504.0,817.0,True
1382,462.0,817.0,True
1383,525.0,817.0,False
1384,420.0,817.0,True
1385,441.0,817.0,True
1386,462.0,817.0,True
1387,441.0,817.0,True
1388,525.0,817.0,True
1389,399.0,817.0,True
1390,357.0,817.0,False
1391,441.0,817.0,False
1392,462.0,817.0,False
1393,399.0,817.0,True
1394,525.0,817.0,True
1395,441.0,817.0,True
1396,420.0,817.0,True
1397,441.0,817.0,False
1398,546.0,817.0,True
1399,441.0,817.0,False
1400,399.0,817.0,True
1401,546.0,817.0,True
1402,378.0,817.0,False
1403,483.0,817.0,True
1404,504.0,817.0,True
1405,462.0,817.0,False
1406,630.0,817.0,True
1407,504.0,817.0,True
1408,588.0,817.0,True
1409,546.0,817.0,False
1410,462.0,817.0,True
1411,588.0,817.0,True
1412,567.0,817.0,False
1413,420.0,817.0,True
1414,504.0,817.0,True
1415,378.0,817.0,False
1416,546.0,817.0,True
1417,588.0,817.0,False
1418,483.0,817.0,False
1419,609.0,817.0,False
1420,546.0,817.0,False
1421,441.0,817.0,True
1422,525.0,817.0,True
1423,504.0,817.0,True
1424,483.0,817.0,True
1425,357.0,817.0,False
1426,609.0,817.0,True
1427,588.0,817.0,False
1428,483.0,817.0,True
1429,525.0,817.0,True
1430,525.0,817.0,True
1431,525.0,817.0,True
1432,504.0,817.0,False
1433,525.0,817.0,True
1434,504.0,817.0,False
1435,483.0,817.0,True
1436,588.0,817.0,False
1437,399.0,817.0,False
1438,546.0,817.0,True
1439,483.0,817.0,True
1440,504.0,817.0,True
1441,441.0,817.0,True
1442,441.0,817.0,True
1443,399.0,817.0,True
1444,672.0,817.0,True
1445,504.0,817.0,True
1446,483.0,817.0,True
1447,525.0,817.0,True
1448,693.0,817.0,True
1449,672.0,817.0,True
1450,693.0,817.0,True
1451,672.0,817.0,True
1452,672.0,817.0,True
1453,630.0,817.0,False
1454,504.0,817.0,False
1455,693.0,817.0,True
1456,546.0,817.0,True
1457,672.0,817.0,True
1458,525.0,817.0,True
1459,462.0,817.0,False
1460,525.0,817.0,False
1461,525.0,817.0,False
1462,672.0,817.0,True
1463,504.0,817.0,True
1464,546.0,817.0,False
1465,357.0,817.0,True
1466,462.0,817.0,True
1467,609.0,817.0,True
1468,672.0,817.0,True
1469,483.0,817.0,True
1470,462.0,817.0,False
1471,441.0,817.0,False
1472,420.0,817.0,True
1473,651.0,817.0,True
1474,546.0,817.0,False
1475,336.0,817.0,True
1476,525.0,817.0,True
1477,504.0,817.0,True
1478,567.0,817.0,False
1479,672.0,817.0,True
1480,504.0,817.0,False
1481,525.0,817.0,False
1482,525.0,817.0,True
1483,525.0,817.0,True
1484,504.0,817.0,True
1485,504.0,817.0,True
1486,420.0,817.0,True
1487,546.0,817.0,True
1488,546.0,817.0,True
1489,336.0,817.0,True
1490,567.0,817.0,False
1491,399.0,817.0,False
1492,525.0,817.0,True
1493,441.0,817.0,True
1494,420.0,817.0,True
1495,399.0,817.0,True
1496,399.0,817.0,True
1497,378.0,817.0,True
1498,504.0,817.0,True
1499,399.0,817.0,True
1500,462.0,817.0,True
1501,525.0,817.0,True
1502,483.0,817.0,True
1503,483.0,817.0,True
1504,483.0,817.0,True
1505,336.0,817.0,True
1506,441.0,817.0,True
1507,441.0,817.0,True
1508,504.0,817.0,True
1509,378.0,817.0,False
1510,420.0,817.0,True
1511,462.0,817.0,True
1512,441.0,817.0,True
1513,399.0,817.0,True
1514,483.0,817.0,False
1515,483.0,817.0,True
1516,441.0,817.0,True
1517,315.0,817.0,True
1518,420.0,817.0,True
1519,399.0,817.0,False
1520,420.0,817.0,True
1521,399.0,817.0,False
1522,462.0,817.0,False
1523,420.0,817.0,True
1524,399.0,817.0,True
1525,399.0,817.0,True
1526,420.0,817.0,True
1527,399.0,817.0,True
1528,462.0,817.0,True
1529,399.0,817.0,False
1530,399.0,817.0,True
1531,420.0,817.0,True
1532,378.0,817.0,False
1533,399.0,817.0,True
1534,336.0,817.0,True
1535,462.0,817.0,True
1536,420.0,817.0,True
1537,420.0,817.0,True
1538,504.0,817.0,True
1539,399.0,817.0,True
1540,399.0,817.0,False
1541,420.0,817.0,True
1542,441.0,817.0,True
1543,462.0,817.0,False
1544,483.0,817.0,True
1545,420.0,817.0,True
1546,441.0,817.0,True
1547,441.0,817.0,True
1548,462.0,817.0,True
1549,399.0,817.0,False
1550,441.0,817.0,True
1551,483.0,817.0,True
1552,483.0,817.0,True
1553,357.0,817.0,True
1554,399.0,817.0,True
1555,441.0,817.0,True
1556,462.0,817.0,True
1557,420.0,817.0,True
1558,399.0,817.0,True
1559,441.0,817.0,False
1560,420.0,817.0,True
1561,462.0,817.0,True
1562,357.0,817.0,True
1563,441.0,817.0,False
1564,504.0,817.0,True
1565,420.0,817.0,True
1566,441.0,817.0,False
1567,399.0,817.0,True
1568,399.0,817.0,True
1569,483.0,817.0,True
1570,483.0,817.0,True
1571,483.0,817.0,True
1572,546.0,817.0,True
1573,525.0,817.0,True
1574,483.0,817.0,True
1575,441.0,817.0,False
1576,420.0,817.0,False
1577,483.0,817.0,False
1578,399.0,817.0,True
1579,462.0,817.0,True
1580,462.0,817.0,True
1581,420.0,817.0,True
1582,378.0,817.0,True
1583,399.0,817.0,False
1584,525.0,817.0,True
1585,420.0,817.0,False
1586,483.0,817.0,True
1587,504.0,817.0,True
1588,399.0,817.0,True
1589,420.0,817.0,True
1590,399.0,817.0,True
1591,399.0,817.0,True
1592,357.0,817.0,True
1593,462.0,817.0,True
1594,504.0,817.0,True
1595,378.0,817.0,True
1596,399.0,817.0,True
1597,525.0,817.0,False
1598,420.0,817.0,True
1599,441.0,817.0,False
1600,399.0,817.0,True
1601,399.0,817.0,True
1602,420.0,817.0,True
1603,525.0,817.0,True
1604,483.0,817.0,False
1605,567.0,817.0,True
1606,462.0,817.0,True
1607,462.0,817.0,True
1608,399.0,817.0,False
1609,483.0,817.0,True
1610,357.0,817.0,False
1611,378.0,817.0,True
1612,357.0,817.0,True
1613,420.0,817.0,True
1614,399.0,817.0,False
1615,378.0,817.0,False
1616,525.0,817.0,True
1617,399.0,817.0,True
1618,399.0,817.0,True
1619,420.0,817.0,True
1620,483.0,817.0,True
1621,483.0,817.0,True
1622,441.0,817.0,True
1623,546.0,817.0,True
1624,462.0,817.0,True
1625,399.0,817.0,True
1626,441.0,817.0,True
1627,378.0,817.0,True
1628,399.0,817.0,True
1629,399.0,817.0,True
1630,441.0,817.0,True
1631,546.0,817.0,True
1632,420.0,817.0,True
1633,399.0,817.0,True
1634,336.0,817.0,False
1635,483.0,817.0,True
1636,420.0,817.0,True
1637,420.0,817.0,False
1638,420.0,817.0,False
1639,336.0,817.0,True
1640,441.0,817.0,False
1641,420.0,817.0,False
1642,420.0,817.0,True
1643,378.0,817.0,True
1644,378.0,817.0,True
1645,504.0,817.0,False
1646,420.0,817.0,True
1647,399.0,817.0,True
1648,483.0,817.0,True
1649,315.0,817.0,True
1650,462.0,817.0,True
1651,483.0,817.0,True
1652,357.0,817.0,True
1653,378.0,817.0,True
1654,483.0,817.0,True
1655,378.0,817.0,False
1656,483.0,817.0,True
1657,399.0,817.0,False
1658,462.0,817.0,True
1659,399.0,817.0,True
1660,420.0,817.0,True
1661,399.0,817.0,False
1662,525.0,817.0,True
1663,483.0,817.0,True
1664,420.0,817.0,True
1665,462.0,817.0,False
1666,378.0,817.0,True
1667,357.0,817.0,False
1668,378.0,817.0,False
1669,441.0,817.0,True
1670,420.0,817.0,True
1671,378.0,817.0,False
1672,441.0,817.0,False
1673,504.0,817.0,False
1674,378.0,817.0,False
1675,357.0,817.0,True
1676,399.0,817.0,True
1677,483.0,817.0,False
1678,378.0,817.0,False
1679,441.0,817.0,True
1680,420.0,817.0,True
1681,420.0,817.0,True
1682,420.0,817.0,True
1683,420.0,817.0,True
1684,378.0,817.0,True
1685,399.0,817.0,True
1686,420.0,817.0,True
1687,399.0,817.0,True
1688,420.0,817.0,True
1689,462.0,817.0,True
1690,504.0,817.0,True
1691,378.0,817.0,False
1692,399.0,817.0,True
1693,420.0,817.0,True
1694,378.0,817.0,True
1695,483.0,817.0,False
1696,462.0,817.0,True
1697,462.0,817.0,True
1698,420.0,817.0,True
1699,525.0,817.0,True
1700,504.0,817.0,False
1701,420.0,817.0,True
1702,462.0,817.0,True
1703,399.0,817.0,True
1704,420.0,817.0,True
1705,336.0,817.0,True
1706,462.0,817.0,True
1707,420.0,817.0,True
1708,378.0,817.0,True
1709,336.0,817.0,True
1710,336.0,817.0,True
1711,462.0,817.0,False
1712,378.0,817.0,True
1713,399.0,817.0,True
1714,441.0,817.0,True
1715,315.0,817.0,True
1716,483.0,817.0,True
1717,546.0,817.0,True
1718,399.0,817.0,True
1719,441.0,817.0,True
1720,420.0,817.0,True
1721,420.0,817.0,True
1722,441.0,817.0,True
1723,315.0,817.0,True
1724,462.0,817.0,True
1725,504.0,817.0,True
1726,462.0,817.0,True
1727,357.0,817.0,True
1728,420.0,817.0,True
1729,441.0,817.0,True
1730,399.0,817.0,True
1731,399.0,817.0,False
1732,336.0,817.0,True
1733,357.0,817.0,True
1734,462.0,817.0,True
1735,483.0,817.0,True
1736,525.0,817.0,True
1737,441.0,817.0,True
1738,462.0,817.0,True
1739,378.0,817.0,True
1740,420.0,817.0,True
1741,504.0,817.0,False
1742,399.0,817.0,True
1743,441.0,817.0,False
1744,420.0,817.0,True
1745,462.0,817.0,True
1746,462.0,817.0,False
1747,462.0,817.0,True
1748,462.0,817.0,True
1749,462.0,817.0,False
1750,378.0,817.0,False
1751,420.0,817.0,False
1752,504.0,817.0,True
1753,441.0,817.0,True
1754,399.0,817.0,True
1755,462.0,817.0,True
1756,420.0,817.0,False
1757,462.0,817.0,True
1758,525.0,817.0,True
1759,336.0,817.0,True
1760,441.0,817.0,True
1761,420.0,817.0,False
1762,483.0,817.0,True
1763,567.0,817.0,True
1764,399.0,817.0,True
1765,336.0,817.0,True
1766,399.0,817.0,True
1767,357.0,817.0,True
1768,462.0,817.0,False
1769,336.0,817.0,True
1770,420.0,817.0,True
1771,441.0,817.0,True
1772,420.0,817.0,True
1773,588.0,817.0,True
1774,441.0,817.0,True
1775,441.0,817.0,True
1776,462.0,817.0,True
1777,525.0,817.0,False
1778,399.0,817.0,True
1779,399.0,817.0,True
1780,462.0,817.0,True
1781,462.0,817.0,True
1782,441.0,817.0,True
1783,504.0,817.0,True
1784,441.0,817.0,True
1785,441.0,817.0,False
1786,441.0,817.0,True
1787,441.0,817.0,True
1788,399.0,817.0,True
1789,462.0,817.0,True
1790,378.0,817.0,True
1791,399.0,817.0,True
1792,378.0,817.0,False
1793,525.0,817.0,True
1794,441.0,817.0,True
1795,399.0,817.0,True
1796,399.0,817.0,False
1797,399.0,817.0,False
1798,483.0,817.0,True
1799,441.0,817.0,True
1800,378.0,817.0,True
1801,420.0,817.0,True
1802,399.0,817.0,True
1803,378.0,817.0,True
1804,420.0,817.0,False
1805,504.0,817.0,False
1806,462.0,817.0,False
1807,462.0,817.0,True
1808,441.0,817.0,True
1809,420.0,817.0,True
1810,504.0,817.0,False
1811,378.0,817.0,False
1812,441.0,817.0,False
1813,462.0,817.0,True
1814,399.0,817.0,True
1815,483.0,817.0,True
1816,336.0,817.0,False
1817,399.0,817.0,True
1818,441.0,817.0,True
1819,399.0,817.0,True
1820,525.0,817.0,False
1821,462.0,817.0,False
1822,483.0,817.0,False
1823,441.0,817.0,False
1824,399.0,817.0,True
1825,420.0,817.0,True
1826,399.0,817.0,True
1827,399.0,817.0,True
1828,483.0,817.0,True
1829,378.0,817.0,True
1830,483.0,817.0,False
1831,504.0,817.0,True
1832,525.0,817.0,True
1833,525.0,817.0,True
1834,483.0,817.0,False
1835,399.0,817.0,True
1836,399.0,817.0,False
1837,504.0,817.0,False
1838,420.0,817.0,True
1839,483.0,817.0,True
1840,420.0,817.0,True
1841,441.0,817.0,True
1842,399.0,817.0,True
1843,378.0,817.0,True
1844,441.0,817.0,True
1845,357.0,817.0,False
1846,441.0,817.0,True
1847,399.0,817.0,True
1848,588.0,817.0,True
1849,483.0,817.0,True
1850,399.0,817.0,True
1851,357.0,817.0,True
1852,441.0,817.0,True
1853,420.0,817.0,False
1854,420.0,817.0,True
1855,462.0,817.0,True
1856,462.0,817.0,True
1857,357.0,817.0,False
1858,420.0,817.0,True
1859,441.0,817.0,False
1860,441.0,817.0,True
1861,441.0,817.0,False
1862,462.0,817.0,True
1863,504.0,817.0,True
1864,336.0,817.0,False
1865,420.0,817.0,False
1866,483.0,817.0,False
1867,483.0,817.0,True
1868,525.0,817.0,True
1869,420.0,817.0,True
1870,504.0,817.0,True
1871,420.0,817.0,True
1872,399.0,817.0,True
1873,420.0,817.0,True
1874,462.0,817.0,True
1875,441.0,817.0,True
1876,420.0,817.0,True
1877,399.0,817.0,True
1878,420.0,817.0,False
1879,462.0,817.0,True
1880,441.0,817.0,True
1881,441.0,817.0,True
1882,399.0,817.0,True
1883,462.0,817.0,False
1884,399.0,817.0,True
1885,525.0,817.0,True
1886,357.0,817.0,True
1887,504.0,817.0,True
1888,504.0,817.0,True
1889,399.0,817.0,True
1890,420.0,817.0,True
1891,483.0,817.0,True
1892,420.0,817.0,True
1893,399.0,817.0,True
1894,399.0,817.0,True
1895,441.0,817.0,True
1896,441.0,817.0,True
1897,399.0,817.0,True
1898,441.0,817.0,True
1899,357.0,817.0,True
1900,462.0,817.0,True
1901,504.0,817.0,False
1902,441.0,817.0,True
1903,441.0,817.0,False
1904,399.0,817.0,True
1905,378.0,817.0,False
1906,357.0,817.0,True
1907,420.0,817.0,False
1908,420.0,817.0,True
1909,462.0,817.0,True
1910,441.0,817.0,True
1911,441.0,817.0,True
1912,462.0,817.0,True
1913,483.0,817.0,False
1914,504.0,817.0,True
1915,462.0,817.0,True
1916,378.0,817.0,False
1917,504.0,817.0,False
1918,399.0,817.0,True
1919,357.0,817.0,True
1920,420.0,817.0,True
1921,399.0,817.0,True
1922,378.0,817.0,False
1923,399.0,817.0,True
1924,462.0,817.0,True
1925,483.0,817.0,False
1926,462.0,817.0,True
1927,462.0,817.0,False
1928,441.0,817.0,True
1929,462.0,817.0,False
1930,420.0,817.0,True
1931,483.0,817.0,True
1932,399.0,817.0,True
1933,357.0,817.0,True
1934,462.0,817.0,True
1935,546.0,817.0,True
1936,462.0,817.0,True
1937,462.0,817.0,True
1938,441.0,817.0,True
1939,504.0,817.0,True
1940,462.0,817.0,True
1941,504.0,817.0,True
1942,357.0,817.0,True
1943,462.0,817.0,True
1944,420.0,817.0,True
1945,420.0,817.0,False
1946,420.0,817.0,True
1947,462.0,817.0,True
1948,378.0,817.0,True
1949,483.0,817.0,True
1950,399.0,817.0,True
1951,399.0,817.0,True
1952,483.0,817.0,False
1953,357.0,817.0,True
1954,399.0,817.0,True
1955,357.0,817.0,False
1956,336.0,817.0,True
1957,441.0,817.0,True
1958,357.0,817.0,True
1959,441.0,817.0,True
1960,357.0,817.0,True
1961,441.0,817.0,True
1962,462.0,817.0,True
1963,378.0,817.0,True
1964,462.0,817.0,True
1965,357.0,817.0,True
1966,504.0,817.0,True
1967,441.0,817.0,True
1968,441.0,817.0,True
1969,441.0,817.0,False
1970,483.0,817.0,True
1971,357.0,817.0,True
1972,378.0,817.0,True
1973,441.0,817.0,True
1974,378.0,817.0,True
1975,420.0,817.0,True
1976,504.0,817.0,True
1977,378.0,817.0,True
1978,441.0,817.0,True
1979,420.0,817.0,True
1980,462.0,817.0,True
1981,336.0,817.0,True
1982,462.0,817.0,True
1983,399.0,817.0,True
1984,441.0,817.0,True
1985,420.0,817.0,True
1986,315.0,817.0,True
1987,399.0,817.0,False
1988,357.0,817.0,True
1989,441.0,817.0,True
1990,420.0,817.0,True
1991,399.0,817.0,True
1992,462.0,817.0,True
1993,609.0,817.0,True
1994,420.0,817.0,True
1995,378.0,817.0,False
1996,504.0,817.0,True
1997,462.0,817.0,False
1998,483.0,817.0,True
1999,378.0,817.0,True
