0,189.0,189.0,True
1,399.0,399.0,True
2,315.0,399.0,False
3,420.0,420.0,True
4,630.0,630.0,True
5,546.0,630.0,False
6,525.0,630.0,True
7,504.0,630.0,True
8,378.0,630.0,True
9,441.0,630.0,False
10,273.0,630.0,False
11,504.0,630.0,True
12,525.0,630.0,False
13,483.0,630.0,False
14,462.0,630.0,False
15,525.0,630.0,False
16,651.0,651.0,True
17,609.0,651.0,True
18,462.0,651.0,True
19,546.0,651.0,True
20,378.0,651.0,True
21,399.0,651.0,False
22,441.0,651.0,True
23,525.0,651.0,True
24,462.0,651.0,True
25,504.0,651.0,True
26,588.0,651.0,False
27,420.0,651.0,True
28,504.0,651.0,False
29,525.0,651.0,True
30,441.0,651.0,True
31,504.0,651.0,True
32,609.0,651.0,True
33,399.0,651.0,True
34,420.0,651.0,True
35,525.0,651.0,False
36,252.0,651.0,True
37,399.0,651.0,True
38,462.0,651.0,True
39,420.0,651.0,False
40,399.0,651.0,True
41,378.0,651.0,True
42,378.0,651.0,True
43,483.0,651.0,True
44,546.0,651.0,True
45,441.0,651.0,True
46,525.0,651.0,True
47,441.0,651.0,True
48,504.0,651.0,True
49,378.0,651.0,False
50,441.0,651.0,True
51,378.0,651.0,True
52,420.0,651.0,False
53,504.0,651.0,True
54,399.0,651.0,True
55,462.0,651.0,True
56,546.0,651.0,True
57,567.0,651.0,True
58,630.0,651.0,True
59,588.0,651.0,True
60,504.0,651.0,True
61,504.0,651.0,False
62,441.0,651.0,False
63,399.0,651.0,False
64,441.0,651.0,True
65,588.0,651.0,True
66,525.0,651.0,False
67,420.0,651.0,True
68,525.0,651.0,True
69,462.0,651.0,True
70,588.0,651.0,True
71,609.0,651.0,True
72,588.0,651.0,True
73,504.0,651.0,True
74,588.0,651.0,True
75,462.0,651.0,True
76,546.0,651.0,True
77,462.0,651.0,False
78,546.0,651.0,True
79,525.0,651.0,True
80,567.0,651.0,True
81,420.0,651.0,True
82,672.0,672.0,True
83,525.0,672.0,False
84,147.0,672.0,False
85,420.0,672.0,False
86,651.0,672.0,False
87,756.0,756.0,False
88,483.0,756.0,False
89,294.0,756.0,False
90,630.0,756.0,False
91,588.0,756.0,False
92,651.0,756.0,False
93,693.0,756.0,True
94,672.0,756.0,False
95,672.0,756.0,False
96,609.0,756.0,True
97,630.0,756.0,True
98,546.0,756.0,False
99,546.0,756.0,True
100,420.0,756.0,True
101,483.0,756.0,True
102,441.0,756.0,True
103,399.0,756.0,False
104,462.0,756.0,True
105,567.0,756.0,True
106,630.0,756.0,True
107,546.0,756.0,False
108,525.0,756.0,True
109,546.0,756.0,True
110,273.0,756.0,False
111,504.0,756.0,True
112,420.0,756.0,False
113,462.0,756.0,False
114,567.0,756.0,False
115,525.0,756.0,True
116,525.0,756.0,False
117,504.0,756.0,False
118,504.0,756.0,True
119,441.0,756.0,True
120,651.0,756.0,True
121,651.0,756.0,False
122,651.0,756.0,True
123,504.0,756.0,True
124,651.0,756.0,True
125,630.0,756.0,True
126,672.0,756.0,True
127,651.0,756.0,False
128,672.0,756.0,False
129,630.0,756.0,True
130,630.0,756.0,True
131,651.0,756.0,True
132,630.0,756.0,True
133,672.0,756.0,True
134,483.0,756.0,False
135,546.0,756.0,False
136,609.0,756.0,True
137,672.0,756.0,True
138,651.0,756.0,True
139,672.0,756.0,True
140,651.0,756.0,True
141,630.0,756.0,True
142,693.0,756.0,True
143,630.0,756.0,True
144,651.0,756.0,False
145,630.0,756.0,True
146,672.0,756.0,True
147,630.0,756.0,True
148,609.0,756.0,False
149,462.0,756.0,False
150,630.0,756.0,True
151,651.0,756.0,True
152,651.0,756.0,True
153,651.0,756.0,False
154,651.0,756.0,True
155,672.0,756.0,False
156,672.0,756.0,True
157,693.0,756.0,False
158,651.0,756.0,True
159,630.0,756.0,True
160,693.0,756.0,False
161,630.0,756.0,True
162,504.0,756.0,True
163,672.0,756.0,True
164,630.0,756.0,True
165,672.0,756.0,True
166,672.0,756.0,True
167,672.0,756.0,False
168,399.0,756.0,True
169,546.0,756.0,True
170,651.0,756.0,True
171,378.0,756.0,True
172,630.0,756.0,True
173,672.0,756.0,False
174,630.0,756.0,False
175,651.0,756.0,True
176,651.0,756.0,True
177,651.0,756.0,True
178,672.0,756.0,True
179,630.0,756.0,True
180,714.0,756.0,False
181,777.0,777.0,True
182,651.0,777.0,True
183,651.0,777.0,True
184,672.0,777.0,True
185,651.0,777.0,True
186,399.0,777.0,False
187,315.0,777.0,True
188,609.0,777.0,True
189,546.0,777.0,True
190,651.0,777.0,True
191,735.0,777.0,True
192,756.0,777.0,True
193,651.0,777.0,True
194,651.0,777.0,True
195,693.0,777.0,True
196,714.0,777.0,True
197,735.0,777.0,False
198,756.0,777.0,True
199,504.0,777.0,False
200,672.0,777.0,False
201,651.0,777.0,True
202,651.0,777.0,True
203,651.0,777.0,True
204,588.0,777.0,False
205,693.0,777.0,True
206,672.0,777.0,True
207,546.0,777.0,True
208,651.0,777.0,True
209,693.0,777.0,False
210,714.0,777.0,False
211,693.0,777.0,True
212,693.0,777.0,True
213,693.0,777.0,False
214,630.0,777.0,False
215,609.0,777.0,True
216,672.0,777.0,True
217,651.0,777.0,True
218,682.0,777.0,False
219,651.0,777.0,False
220,682.0,777.0,False
221,651.0,777.0,False
222,525.0,777.0,True
223,546.0,777.0,True
224,630.0,777.0,False
225,630.0,777.0,False
226,399.0,777.0,True
227,525.0,777.0,True
228,682.0,777.0,True
229,630.0,777.0,True
230,693.0,777.0,False
231,735.0,777.0,True
232,693.0,777.0,False
233,630.0,777.0,True
234,693.0,777.0,True
235,693.0,777.0,True
236,693.0,777.0,True
237,672.0,777.0,False
238,672.0,777.0,True
239,630.0,777.0,True
240,672.0,777.0,True
241,693.0,777.0,False
242,651.0,777.0,True
243,672.0,777.0,True
244,630.0,777.0,False
245,651.0,777.0,True
246,693.0,777.0,True
247,672.0,777.0,True
248,672.0,777.0,True
249,672.0,777.0,False
250,672.0,777.0,True
251,693.0,777.0,True
252,651.0,777.0,False
253,672.0,777.0,True
254,672.0,777.0,True
255,693.0,777.0,True
256,777.0,777.0,True
257,651.0,777.0,True
258,672.0,777.0,True
259,672.0,777.0,True
260,651.0,777.0,False
261,651.0,777.0,True
262,693.0,777.0,True
263,651.0,777.0,True
264,672.0,777.0,False
265,651.0,777.0,True
266,672.0,777.0,True
267,651.0,777.0,True
268,651.0,777.0,True
269,672.0,777.0,True
270,693.0,777.0,False
271,630.0,777.0,False
272,714.0,777.0,True
273,651.0,777.0,True
274,693.0,777.0,True
275,672.0,777.0,True
276,693.0,777.0,True
277,651.0,777.0,True
278,672.0,777.0,True
279,672.0,777.0,True
280,693.0,777.0,False
281,693.0,777.0,True
282,651.0,777.0,False
283,672.0,777.0,False
284,672.0,777.0,True
285,714.0,777.0,True
286,693.0,777.0,True
287,672.0,777.0,False
288,693.0,777.0,True
289,672.0,777.0,False
290,714.0,777.0,True
291,693.0,777.0,False
292,693.0,777.0,False
293,714.0,777.0,False
294,672.0,777.0,True
295,798.0,798.0,True
296,651.0,798.0,True
297,693.0,798.0,True
298,651.0,798.0,True
299,651.0,798.0,False
300,693.0,798.0,True
301,714.0,798.0,True
302,651.0,798.0,True
303,483.0,798.0,False
304,672.0,798.0,True
305,672.0,798.0,True
306,672.0,798.0,True
307,714.0,798.0,False
308,735.0,798.0,True
309,714.0,798.0,True
310,651.0,798.0,True
311,672.0,798.0,True
312,630.0,798.0,True
313,672.0,798.0,True
314,777.0,798.0,True
315,693.0,798.0,True
316,714.0,798.0,False
317,714.0,798.0,False
318,672.0,798.0,True
319,651.0,798.0,True
320,630.0,798.0,True
321,588.0,798.0,True
322,651.0,798.0,False
323,735.0,798.0,False
324,630.0,798.0,True
325,651.0,798.0,False
326,672.0,798.0,True
327,672.0,798.0,False
328,672.0,798.0,True
329,672.0,798.0,False
330,672.0,798.0,False
331,693.0,798.0,True
332,672.0,798.0,False
333,693.0,798.0,True
334,672.0,798.0,False
335,651.0,798.0,False
336,630.0,798.0,True
337,399.0,798.0,False
338,672.0,798.0,True
339,756.0,798.0,False
340,651.0,798.0,True
341,630.0,798.0,False
342,693.0,798.0,True
343,693.0,798.0,False
344,672.0,798.0,True
345,693.0,798.0,True
346,693.0,798.0,True
347,693.0,798.0,False
348,630.0,798.0,True
349,651.0,798.0,True
350,651.0,798.0,True
351,672.0,798.0,True
352,672.0,798.0,True
353,672.0,798.0,True
354,651.0,798.0,True
355,651.0,798.0,True
356,651.0,798.0,True
357,630.0,798.0,True
358,693.0,798.0,True
359,693.0,798.0,False
360,756.0,798.0,False
361,693.0,798.0,False
362,714.0,798.0,False
363,693.0,798.0,True
364,672.0,798.0,True
365,672.0,798.0,True
366,651.0,798.0,True
367,525.0,798.0,True
368,672.0,798.0,True
369,693.0,798.0,True
370,546.0,798.0,False
371,714.0,798.0,True
372,609.0,798.0,True
373,672.0,798.0,True
374,567.0,798.0,False
375,651.0,798.0,False
376,672.0,798.0,True
377,672.0,798.0,True
378,672.0,798.0,False
379,651.0,798.0,False
380,525.0,798.0,True
381,651.0,798.0,True
382,651.0,798.0,True
383,651.0,798.0,True
384,651.0,798.0,True
385,588.0,798.0,True
386,630.0,798.0,False
387,651.0,798.0,False
388,567.0,798.0,True
389,661.0,798.0,True
390,609.0,798.0,True
391,651.0,798.0,True
392,734.0,798.0,True
393,682.0,798.0,True
394,724.0,798.0,False
395,1268.0,1268.0,True
396,828.0,1268.0,False
397,806.0,1268.0,False
398,630.0,1268.0,True
399,630.0,1268.0,True
400,735.0,1268.0,True
401,756.0,1268.0,False
402,651.0,1268.0,True
403,630.0,1268.0,True
404,504.0,1268.0,False
405,630.0,1268.0,False
406,651.0,1268.0,True
407,693.0,1268.0,True
408,672.0,1268.0,True
409,672.0,1268.0,False
410,630.0,1268.0,False
411,693.0,1268.0,False
412,672.0,1268.0,True
413,651.0,1268.0,True
414,651.0,1268.0,False
415,651.0,1268.0,False
416,672.0,1268.0,True
417,420.0,1268.0,False
418,651.0,1268.0,True
419,483.0,1268.0,False
420,609.0,1268.0,True
421,609.0,1268.0,True
422,651.0,1268.0,True
423,357.0,1268.0,True
424,651.0,1268.0,True
425,693.0,1268.0,True
426,630.0,1268.0,True
427,693.0,1268.0,True
428,651.0,1268.0,False
429,682.0,1268.0,True
430,693.0,1268.0,True
431,735.0,1268.0,True
432,630.0,1268.0,False
433,651.0,1268.0,False
434,672.0,1268.0,True
435,714.0,1268.0,False
436,588.0,1268.0,False
437,630.0,1268.0,True
438,609.0,1268.0,True
439,294.0,1268.0,True
440,588.0,1268.0,False
441,651.0,1268.0,True
442,441.0,1268.0,False
443,630.0,1268.0,True
444,693.0,1268.0,False
445,567.0,1268.0,True
446,630.0,1268.0,True
447,651.0,1268.0,False
448,462.0,1268.0,False
449,630.0,1268.0,False
450,567.0,1268.0,False
451,714.0,1268.0,True
452,672.0,1268.0,True
453,735.0,1268.0,False
454,714.0,1268.0,False
455,693.0,1268.0,True
456,714.0,1268.0,True
457,651.0,1268.0,True
458,651.0,1268.0,True
459,651.0,1268.0,True
460,651.0,1268.0,True
461,630.0,1268.0,False
462,651.0,1268.0,True
463,672.0,1268.0,False
464,693.0,1268.0,True
465,672.0,1268.0,True
466,672.0,1268.0,True
467,546.0,1268.0,False
468,609.0,1268.0,True
469,651.0,1268.0,False
470,651.0,1268.0,True
471,630.0,1268.0,True
472,735.0,1268.0,True
473,672.0,1268.0,True
474,693.0,1268.0,True
475,672.0,1268.0,False
476,672.0,1268.0,False
477,672.0,1268.0,True
478,630.0,1268.0,False
479,651.0,1268.0,False
480,672.0,1268.0,False
481,693.0,1268.0,True
482,693.0,1268.0,False
483,693.0,1268.0,True
484,651.0,1268.0,True
485,672.0,1268.0,True
486,672.0,1268.0,True
487,630.0,1268.0,True
488,651.0,1268.0,True
489,630.0,1268.0,False
490,651.0,1268.0,True
491,672.0,1268.0,False
492,630.0,1268.0,False
493,693.0,1268.0,True
494,672.0,1268.0,True
495,693.0,1268.0,True
496,651.0,1268.0,False
497,693.0,1268.0,False
498,672.0,1268.0,False
499,672.0,1268.0,False
500,714.0,1268.0,True
501,714.0,1268.0,False
502,672.0,1268.0,True
503,693.0,1268.0,False
504,651.0,1268.0,True
505,651.0,1268.0,True
506,651.0,1268.0,False
507,630.0,1268.0,False
508,672.0,1268.0,True
509,651.0,1268.0,False
510,693.0,1268.0,False
511,462.0,1268.0,True
512,357.0,1268.0,True
513,336.0,1268.0,True
514,630.0,1268.0,True
515,651.0,1268.0,True
516,651.0,1268.0,False
517,630.0,1268.0,False
518,588.0,1268.0,True
519,693.0,1268.0,True
520,651.0,1268.0,True
521,714.0,1268.0,False
522,672.0,1268.0,False
523,672.0,1268.0,False
524,651.0,1268.0,True
525,735.0,1268.0,True
526,630.0,1268.0,True
527,630.0,1268.0,True
528,651.0,1268.0,True
529,672.0,1268.0,False
530,399.0,1268.0,True
531,609.0,1268.0,True
532,672.0,1268.0,True
533,640.0,1268.0,True
534,567.0,1268.0,True
535,640.0,1268.0,True
536,672.0,1268.0,True
537,609.0,1268.0,True
538,651.0,1268.0,False
539,630.0,1268.0,False
540,672.0,1268.0,True
541,672.0,1268.0,True
542,651.0,1268.0,True
543,651.0,1268.0,True
544,630.0,1268.0,True
545,630.0,1268.0,False
546,630.0,1268.0,False
547,630.0,1268.0,True
548,630.0,1268.0,False
549,630.0,1268.0,True
550,504.0,1268.0,True
551,609.0,1268.0,True
552,630.0,1268.0,True
553,651.0,1268.0,False
554,504.0,1268.0,True
555,651.0,1268.0,False
556,315.0,1268.0,True
557,546.0,1268.0,False
558,630.0,1268.0,False
559,672.0,1268.0,False
560,651.0,1268.0,False
561,630.0,1268.0,True
562,672.0,1268.0,True
563,630.0,1268.0,False
564,693.0,1268.0,True
565,672.0,1268.0,True
566,703.0,1268.0,True
567,630.0,1268.0,False
568,672.0,1268.0,True
569,651.0,1268.0,True
570,630.0,1268.0,False
571,399.0,1268.0,False
572,399.0,1268.0,True
573,483.0,1268.0,False
574,546.0,1268.0,True
575,630.0,1268.0,False
576,630.0,1268.0,True
577,672.0,1268.0,False
578,735.0,1268.0,True
579,692.0,1268.0,True
580,672.0,1268.0,True
581,651.0,1268.0,True
582,357.0,1268.0,False
583,651.0,1268.0,True
584,588.0,1268.0,True
585,714.0,1268.0,True
586,525.0,1268.0,False
587,651.0,1268.0,True
588,651.0,1268.0,True
589,588.0,1268.0,False
590,630.0,1268.0,True
591,672.0,1268.0,False
592,672.0,1268.0,False
593,672.0,1268.0,False
594,651.0,1268.0,False
595,672.0,1268.0,False
596,420.0,1268.0,False
597,651.0,1268.0,False
598,567.0,1268.0,False
599,525.0,1268.0,False
600,651.0,1268.0,True
601,714.0,1268.0,True
602,420.0,1268.0,True
603,378.0,1268.0,True
604,504.0,1268.0,False
605,546.0,1268.0,True
606,399.0,1268.0,True
607,189.0,1268.0,True
608,189.0,1268.0,True
609,189.0,1268.0,True
610,399.0,1268.0,True
611,189.0,1268.0,False
612,189.0,1268.0,True
613,189.0,1268.0,True
614,210.0,1268.0,True
615,441.0,1268.0,True
616,399.0,1268.0,True
617,546.0,1268.0,True
618,504.0,1268.0,False
619,420.0,1268.0,True
620,483.0,1268.0,True
621,399.0,1268.0,False
622,588.0,1268.0,True
623,399.0,1268.0,True
624,609.0,1268.0,True
625,441.0,1268.0,True
626,504.0,1268.0,True
627,336.0,1268.0,False
628,525.0,1268.0,True
629,462.0,1268.0,True
630,588.0,1268.0,True
631,483.0,1268.0,True
632,588.0,1268.0,True
633,609.0,1268.0,True
634,630.0,1268.0,False
635,483.0,1268.0,True
636,399.0,1268.0,True
637,504.0,1268.0,True
638,441.0,1268.0,True
639,672.0,1268.0,True
640,609.0,1268.0,True
641,357.0,1268.0,False
642,546.0,1268.0,True
643,609.0,1268.0,True
644,651.0,1268.0,True
645,651.0,1268.0,False
646,693.0,1268.0,False
647,567.0,1268.0,False
648,693.0,1268.0,False
649,525.0,1268.0,False
650,441.0,1268.0,True
651,504.0,1268.0,True
652,441.0,1268.0,True
653,693.0,1268.0,True
654,630.0,1268.0,True
655,504.0,1268.0,True
656,609.0,1268.0,True
657,315.0,1268.0,True
658,588.0,1268.0,True
659,273.0,1268.0,True
660,399.0,1268.0,True
661,609.0,1268.0,False
662,630.0,1268.0,True
663,378.0,1268.0,True
664,672.0,1268.0,True
665,693.0,1268.0,True
666,777.0,1268.0,False
667,672.0,1268.0,True
668,672.0,1268.0,True
669,651.0,1268.0,True
670,672.0,1268.0,True
671,714.0,1268.0,True
672,714.0,1268.0,True
673,630.0,1268.0,True
674,672.0,1268.0,True
675,651.0,1268.0,True
676,693.0,1268.0,True
677,672.0,1268.0,True
678,763.0,1268.0,True
679,723.0,1268.0,True
680,732.0,1268.0,True
681,838.0,1268.0,True
682,462.0,1268.0,True
683,764.0,1268.0,True
684,609.0,1268.0,True
685,462.0,1268.0,True
686,567.0,1268.0,True
687,609.0,1268.0,True
688,525.0,1268.0,True
689,441.0,1268.0,True
690,714.0,1268.0,True
691,588.0,1268.0,False
692,693.0,1268.0,True
693,483.0,1268.0,True
694,357.0,1268.0,False
695,609.0,1268.0,False
696,546.0,1268.0,False
697,671.0,1268.0,False
698,630.0,1268.0,True
699,651.0,1268.0,True
700,630.0,1268.0,True
701,693.0,1268.0,False
702,714.0,1268.0,False
703,714.0,1268.0,True
704,714.0,1268.0,True
705,714.0,1268.0,True
706,630.0,1268.0,False
707,651.0,1268.0,False
708,714.0,1268.0,True
709,630.0,1268.0,False
710,651.0,1268.0,True
711,714.0,1268.0,True
712,630.0,1268.0,True
713,651.0,1268.0,True
714,651.0,1268.0,True
715,714.0,1268.0,True
716,756.0,1268.0,False
717,651.0,1268.0,True
718,525.0,1268.0,False
719,735.0,1268.0,True
720,672.0,1268.0,True
721,651.0,1268.0,True
722,714.0,1268.0,False
723,588.0,1268.0,False
724,672.0,1268.0,False
725,693.0,1268.0,True
726,651.0,1268.0,True
727,651.0,1268.0,True
728,693.0,1268.0,True
729,693.0,1268.0,True
730,651.0,1268.0,False
731,630.0,1268.0,True
732,693.0,1268.0,True
733,672.0,1268.0,True
734,672.0,1268.0,False
735,588.0,1268.0,False
736,735.0,1268.0,True
737,651.0,1268.0,True
738,672.0,1268.0,True
739,672.0,1268.0,False
740,714.0,1268.0,True
741,756.0,1268.0,True
742,630.0,1268.0,True
743,672.0,1268.0,True
744,693.0,1268.0,True
745,588.0,1268.0,False
746,651.0,1268.0,True
747,693.0,1268.0,True
748,672.0,1268.0,False
749,672.0,1268.0,True
750,651.0,1268.0,True
751,714.0,1268.0,True
752,672.0,1268.0,True
753,651.0,1268.0,True
754,630.0,1268.0,True
755,693.0,1268.0,True
756,588.0,1268.0,True
757,714.0,1268.0,False
758,672.0,1268.0,False
759,735.0,1268.0,False
760,693.0,1268.0,True
761,651.0,1268.0,True
762,651.0,1268.0,True
763,630.0,1268.0,True
764,714.0,1268.0,False
765,693.0,1268.0,True
766,630.0,1268.0,True
767,651.0,1268.0,True
768,672.0,1268.0,True
769,672.0,1268.0,True
770,609.0,1268.0,False
771,651.0,1268.0,True
772,441.0,1268.0,True
773,525.0,1268.0,True
774,525.0,1268.0,True
775,651.0,1268.0,True
776,630.0,1268.0,True
777,546.0,1268.0,True
778,630.0,1268.0,True
779,504.0,1268.0,False
780,462.0,1268.0,True
781,462.0,1268.0,True
782,357.0,1268.0,True
783,525.0,1268.0,True
784,630.0,1268.0,False
785,630.0,1268.0,True
786,378.0,1268.0,True
787,525.0,1268.0,True
788,525.0,1268.0,True
789,525.0,1268.0,True
790,336.0,1268.0,False
791,525.0,1268.0,True
792,441.0,1268.0,False
793,504.0,1268.0,True
794,441.0,1268.0,True
795,525.0,1268.0,True
796,378.0,1268.0,True
797,609.0,1268.0,True
798,672.0,1268.0,False
799,630.0,1268.0,False
800,483.0,1268.0,True
801,651.0,1268.0,True
802,483.0,1268.0,False
803,588.0,1268.0,False
804,504.0,1268.0,True
805,525.0,1268.0,False
806,462.0,1268.0,True
807,462.0,1268.0,True
808,588.0,1268.0,False
809,357.0,1268.0,True
810,504.0,1268.0,False
811,441.0,1268.0,True
812,504.0,1268.0,True
813,630.0,1268.0,True
814,525.0,1268.0,True
815,525.0,1268.0,True
816,441.0,1268.0,True
817,315.0,1268.0,True
818,609.0,1268.0,True
819,462.0,1268.0,False
820,525.0,1268.0,True
821,525.0,1268.0,True
822,378.0,1268.0,True
823,252.0,1268.0,False
824,462.0,1268.0,True
825,651.0,1268.0,True
826,609.0,1268.0,False
827,714.0,1268.0,True
828,588.0,1268.0,True
829,546.0,1268.0,False
830,651.0,1268.0,True
831,651.0,1268.0,False
832,693.0,1268.0,False
833,651.0,1268.0,False
834,651.0,1268.0,True
835,692.0,1268.0,True
836,837.0,1268.0,True
837,1306.0,1306.0,True
838,776.0,1306.0,True
839,776.0,1306.0,False
840,681.0,1306.0,False
841,950.0,1306.0,False
842,724.0,1306.0,True
843,765.0,1306.0,False
844,807.0,1306.0,False
845,733.0,1306.0,False
846,672.0,1306.0,False
847,859.0,1306.0,False
848,868.0,1306.0,True
849,681.0,1306.0,True
850,856.0,1306.0,False
851,796.0,1306.0,False
852,950.0,1306.0,False
853,504.0,1306.0,False
854,807.0,1306.0,True
855,786.0,1306.0,False
856,682.0,1306.0,False
857,105.0,1306.0,False
858,744.0,1306.0,True
859,826.0,1306.0,False
860,920.0,1306.0,False
861,816.0,1306.0,True
862,672.0,1306.0,False
863,723.0,1306.0,True
864,682.0,1306.0,False
865,765.0,1306.0,False
866,837.0,1306.0,True
867,661.0,1306.0,False
868,887.0,1306.0,False
869,672.0,1306.0,True
870,651.0,1306.0,True
871,462.0,1306.0,True
872,504.0,1306.0,True
873,441.0,1306.0,False
874,399.0,1306.0,True
875,588.0,1306.0,False
876,462.0,1306.0,False
877,588.0,1306.0,True
878,546.0,1306.0,True
879,609.0,1306.0,False
880,546.0,1306.0,False
881,672.0,1306.0,True
882,630.0,1306.0,True
883,693.0,1306.0,True
884,714.0,1306.0,False
885,630.0,1306.0,False
886,714.0,1306.0,True
887,693.0,1306.0,True
888,630.0,1306.0,True
889,651.0,1306.0,True
890,462.0,1306.0,True
891,609.0,1306.0,True
892,693.0,1306.0,True
893,609.0,1306.0,False
894,756.0,1306.0,False
895,672.0,1306.0,False
896,651.0,1306.0,False
897,693.0,1306.0,False
898,672.0,1306.0,False
899,504.0,1306.0,False
900,693.0,1306.0,True
901,714.0,1306.0,True
902,651.0,1306.0,False
903,756.0,1306.0,True
904,630.0,1306.0,False
905,724.0,1306.0,True
906,651.0,1306.0,False
907,714.0,1306.0,True
908,420.0,1306.0,False
909,567.0,1306.0,True
910,777.0,1306.0,False
911,672.0,1306.0,True
912,672.0,1306.0,False
913,693.0,1306.0,False
914,630.0,1306.0,False
915,651.0,1306.0,True
916,672.0,1306.0,False
917,630.0,1306.0,True
918,630.0,1306.0,False
919,567.0,1306.0,False
920,630.0,1306.0,False
921,630.0,1306.0,False
922,651.0,1306.0,True
923,630.0,1306.0,True
924,672.0,1306.0,False
925,735.0,1306.0,True
926,651.0,1306.0,True
927,651.0,1306.0,True
928,714.0,1306.0,False
929,357.0,1306.0,True
930,630.0,1306.0,False
931,651.0,1306.0,False
932,756.0,1306.0,True
933,693.0,1306.0,True
934,735.0,1306.0,False
935,672.0,1306.0,True
936,504.0,1306.0,True
937,672.0,1306.0,True
938,735.0,1306.0,True
939,504.0,1306.0,False
940,630.0,1306.0,False
941,651.0,1306.0,True
942,672.0,1306.0,False
943,462.0,1306.0,False
944,693.0,1306.0,False
945,651.0,1306.0,True
946,693.0,1306.0,True
947,546.0,1306.0,True
948,399.0,1306.0,False
949,420.0,1306.0,False
950,378.0,1306.0,False
951,462.0,1306.0,True
952,399.0,1306.0,True
953,672.0,1306.0,True
954,525.0,1306.0,True
955,588.0,1306.0,False
956,630.0,1306.0,True
957,609.0,1306.0,True
958,693.0,1306.0,True
959,651.0,1306.0,True
960,651.0,1306.0,True
961,630.0,1306.0,True
962,672.0,1306.0,True
963,672.0,1306.0,False
964,504.0,1306.0,False
965,567.0,1306.0,False
966,693.0,1306.0,False
967,399.0,1306.0,False
968,672.0,1306.0,False
969,714.0,1306.0,True
970,588.0,1306.0,True
971,189.0,1306.0,False
972,546.0,1306.0,True
973,378.0,1306.0,True
974,441.0,1306.0,False
975,588.0,1306.0,True
976,609.0,1306.0,False
977,588.0,1306.0,True
978,525.0,1306.0,True
979,441.0,1306.0,True
980,546.0,1306.0,True
981,441.0,1306.0,True
982,378.0,1306.0,True
983,336.0,1306.0,True
984,462.0,1306.0,False
985,441.0,1306.0,True
986,609.0,1306.0,True
987,420.0,1306.0,False
988,357.0,1306.0,True
989,504.0,1306.0,True
990,504.0,1306.0,True
991,483.0,1306.0,True
992,504.0,1306.0,True
993,462.0,1306.0,True
994,504.0,1306.0,False
995,525.0,1306.0,False
996,651.0,1306.0,False
997,546.0,1306.0,True
998,378.0,1306.0,True
999,462.0,1306.0,True
1000,546.0,1306.0,False
1001,693.0,1306.0,True
1002,735.0,1306.0,True
1003,693.0,1306.0,False
1004,672.0,1306.0,False
1005,252.0,1306.0,True
1006,693.0,1306.0,True
1007,525.0,1306.0,False
1008,714.0,1306.0,True
1009,693.0,1306.0,False
1010,630.0,1306.0,True
1011,567.0,1306.0,True
1012,693.0,1306.0,False
1013,546.0,1306.0,True
1014,630.0,1306.0,False
1015,651.0,1306.0,True
1016,651.0,1306.0,True
1017,525.0,1306.0,False
1018,735.0,1306.0,False
1019,630.0,1306.0,False
1020,630.0,1306.0,False
1021,546.0,1306.0,True
1022,630.0,1306.0,True
1023,609.0,1306.0,False
1024,441.0,1306.0,True
1025,483.0,1306.0,True
1026,357.0,1306.0,False
1027,378.0,1306.0,False
1028,441.0,1306.0,False
1029,483.0,1306.0,False
1030,504.0,1306.0,True
1031,315.0,1306.0,True
1032,441.0,1306.0,True
1033,189.0,1306.0,True
1034,210.0,1306.0,False
1035,336.0,1306.0,True
1036,609.0,1306.0,True
1037,462.0,1306.0,False
1038,399.0,1306.0,True
1039,630.0,1306.0,True
1040,441.0,1306.0,True
1041,546.0,1306.0,True
1042,588.0,1306.0,False
1043,420.0,1306.0,True
1044,399.0,1306.0,False
1045,420.0,1306.0,True
1046,504.0,1306.0,True
1047,525.0,1306.0,True
1048,378.0,1306.0,True
1049,399.0,1306.0,True
1050,609.0,1306.0,False
1051,546.0,1306.0,True
1052,441.0,1306.0,False
1053,525.0,1306.0,True
1054,525.0,1306.0,True
1055,651.0,1306.0,True
1056,609.0,1306.0,False
1057,630.0,1306.0,True
1058,567.0,1306.0,True
1059,525.0,1306.0,False
1060,462.0,1306.0,True
1061,546.0,1306.0,True
1062,567.0,1306.0,True
1063,483.0,1306.0,False
1064,546.0,1306.0,False
1065,567.0,1306.0,True
1066,525.0,1306.0,True
1067,630.0,1306.0,True
1068,567.0,1306.0,True
1069,588.0,1306.0,True
1070,651.0,1306.0,True
1071,609.0,1306.0,False
1072,441.0,1306.0,True
1073,420.0,1306.0,True
1074,483.0,1306.0,True
1075,525.0,1306.0,True
1076,609.0,1306.0,True
1077,504.0,1306.0,True
1078,525.0,1306.0,True
1079,483.0,1306.0,True
1080,504.0,1306.0,False
1081,420.0,1306.0,False
1082,441.0,1306.0,True
1083,441.0,1306.0,True
1084,588.0,1306.0,True
1085,504.0,1306.0,True
1086,483.0,1306.0,True
1087,420.0,1306.0,False
1088,399.0,1306.0,True
1089,525.0,1306.0,False
1090,504.0,1306.0,False
1091,462.0,1306.0,False
1092,483.0,1306.0,True
1093,546.0,1306.0,True
1094,672.0,1306.0,True
1095,252.0,1306.0,False
1096,378.0,1306.0,True
1097,315.0,1306.0,True
1098,210.0,1306.0,True
1099,399.0,1306.0,True
1100,420.0,1306.0,True
1101,336.0,1306.0,True
1102,609.0,1306.0,True
1103,609.0,1306.0,True
1104,525.0,1306.0,True
1105,567.0,1306.0,True
1106,525.0,1306.0,True
1107,504.0,1306.0,True
1108,651.0,1306.0,False
1109,651.0,1306.0,False
1110,504.0,1306.0,True
1111,672.0,1306.0,False
1112,630.0,1306.0,False
1113,630.0,1306.0,False
1114,651.0,1306.0,True
1115,567.0,1306.0,False
1116,693.0,1306.0,True
1117,714.0,1306.0,False
1118,441.0,1306.0,True
1119,525.0,1306.0,True
1120,441.0,1306.0,True
1121,399.0,1306.0,True
1122,567.0,1306.0,True
1123,609.0,1306.0,True
1124,420.0,1306.0,False
1125,672.0,1306.0,True
1126,483.0,1306.0,False
1127,609.0,1306.0,True
1128,672.0,1306.0,False
1129,651.0,1306.0,True
1130,504.0,1306.0,True
1131,504.0,1306.0,True
1132,525.0,1306.0,False
1133,357.0,1306.0,True
1134,546.0,1306.0,True
1135,525.0,1306.0,False
1136,525.0,1306.0,True
1137,504.0,1306.0,True
1138,420.0,1306.0,False
1139,525.0,1306.0,False
1140,504.0,1306.0,False
1141,546.0,1306.0,True
1142,399.0,1306.0,True
1143,462.0,1306.0,True
1144,546.0,1306.0,False
1145,588.0,1306.0,False
1146,504.0,1306.0,False
1147,336.0,1306.0,True
1148,630.0,1306.0,False
1149,462.0,1306.0,False
1150,336.0,1306.0,False
1151,588.0,1306.0,True
1152,420.0,1306.0,False
1153,420.0,1306.0,True
1154,525.0,1306.0,False
1155,399.0,1306.0,False
1156,525.0,1306.0,False
1157,651.0,1306.0,False
1158,420.0,1306.0,False
1159,672.0,1306.0,True
1160,525.0,1306.0,False
1161,567.0,1306.0,True
1162,399.0,1306.0,False
1163,399.0,1306.0,True
1164,504.0,1306.0,True
1165,483.0,1306.0,True
1166,630.0,1306.0,True
1167,546.0,1306.0,False
1168,714.0,1306.0,True
1169,630.0,1306.0,False
1170,609.0,1306.0,True
1171,588.0,1306.0,True
1172,483.0,1306.0,False
1173,357.0,1306.0,True
1174,525.0,1306.0,False
1175,609.0,1306.0,False
1176,651.0,1306.0,True
1177,735.0,1306.0,True
1178,672.0,1306.0,True
1179,399.0,1306.0,False
1180,525.0,1306.0,True
1181,462.0,1306.0,True
1182,630.0,1306.0,False
1183,546.0,1306.0,True
1184,483.0,1306.0,False
1185,462.0,1306.0,True
1186,609.0,1306.0,False
1187,609.0,1306.0,False
1188,483.0,1306.0,True
1189,525.0,1306.0,False
1190,420.0,1306.0,True
1191,504.0,1306.0,False
1192,525.0,1306.0,True
1193,609.0,1306.0,True
1194,525.0,1306.0,True
1195,651.0,1306.0,True
1196,630.0,1306.0,True
1197,651.0,1306.0,False
1198,651.0,1306.0,False
1199,504.0,1306.0,True
1200,504.0,1306.0,False
1201,525.0,1306.0,True
1202,525.0,1306.0,True
1203,504.0,1306.0,True
1204,546.0,1306.0,True
1205,504.0,1306.0,True
1206,504.0,1306.0,False
1207,462.0,1306.0,True
1208,399.0,1306.0,True
1209,504.0,1306.0,False
1210,504.0,1306.0,True
1211,441.0,1306.0,True
1212,399.0,1306.0,True
1213,462.0,1306.0,True
1214,273.0,1306.0,True
1215,420.0,1306.0,False
1216,462.0,1306.0,True
1217,525.0,1306.0,False
1218,357.0,1306.0,True
1219,462.0,1306.0,False
1220,420.0,1306.0,False
1221,504.0,1306.0,False
1222,609.0,1306.0,False
1223,504.0,1306.0,True
1224,525.0,1306.0,True
1225,588.0,1306.0,True
1226,504.0,1306.0,False
1227,462.0,1306.0,False
1228,672.0,1306.0,True
1229,525.0,1306.0,False
1230,294.0,1306.0,False
1231,462.0,1306.0,True
1232,378.0,1306.0,True
1233,357.0,1306.0,True
1234,567.0,1306.0,True
1235,462.0,1306.0,True
1236,504.0,1306.0,True
1237,546.0,1306.0,False
1238,609.0,1306.0,True
1239,420.0,1306.0,False
1240,504.0,1306.0,True
1241,672.0,1306.0,True
1242,462.0,1306.0,False
1243,420.0,1306.0,False
1244,420.0,1306.0,False
1245,546.0,1306.0,False
1246,462.0,1306.0,True
1247,441.0,1306.0,False
1248,462.0,1306.0,True
1249,672.0,1306.0,True
1250,399.0,1306.0,True
1251,462.0,1306.0,False
1252,504.0,1306.0,True
1253,525.0,1306.0,True
1254,378.0,1306.0,True
1255,546.0,1306.0,True
1256,609.0,1306.0,True
1257,483.0,1306.0,True
1258,315.0,1306.0,True
1259,420.0,1306.0,False
1260,420.0,1306.0,True
1261,588.0,1306.0,True
1262,441.0,1306.0,False
1263,567.0,1306.0,True
1264,420.0,1306.0,False
1265,483.0,1306.0,True
1266,630.0,1306.0,False
1267,399.0,1306.0,True
1268,399.0,1306.0,True
1269,441.0,1306.0,True
1270,399.0,1306.0,True
1271,651.0,1306.0,True
1272,630.0,1306.0,False
1273,693.0,1306.0,False
1274,630.0,1306.0,False
1275,651.0,1306.0,True
1276,651.0,1306.0,False
1277,546.0,1306.0,True
1278,525.0,1306.0,False
1279,546.0,1306.0,True
1280,357.0,1306.0,False
1281,399.0,1306.0,False
1282,336.0,1306.0,False
1283,315.0,1306.0,True
1284,399.0,1306.0,True
1285,672.0,1306.0,False
1286,525.0,1306.0,False
1287,378.0,1306.0,True
1288,609.0,1306.0,True
1289,588.0,1306.0,True
1290,546.0,1306.0,True
1291,546.0,1306.0,True
1292,399.0,1306.0,True
1293,420.0,1306.0,True
1294,546.0,1306.0,True
1295,357.0,1306.0,True
1296,462.0,1306.0,True
1297,588.0,1306.0,False
1298,336.0,1306.0,False
1299,462.0,1306.0,True
1300,231.0,1306.0,False
1301,504.0,1306.0,False
1302,525.0,1306.0,False
1303,483.0,1306.0,True
1304,399.0,1306.0,True
1305,483.0,1306.0,False
1306,546.0,1306.0,False
1307,357.0,1306.0,True
1308,504.0,1306.0,True
1309,462.0,1306.0,False
1310,525.0,1306.0,True
1311,525.0,1306.0,True
1312,399.0,1306.0,True
1313,462.0,1306.0,False
1314,525.0,1306.0,True
1315,483.0,1306.0,True
1316,525.0,1306.0,False
1317,462.0,1306.0,True
1318,525.0,1306.0,True
1319,672.0,1306.0,True
1320,525.0,1306.0,True
1321,462.0,1306.0,True
1322,483.0,1306.0,False
1323,357.0,1306.0,True
1324,630.0,1306.0,False
1325,504.0,1306.0,False
1326,399.0,1306.0,True
1327,525.0,1306.0,True
1328,546.0,1306.0,True
1329,525.0,1306.0,False
1330,630.0,1306.0,True
1331,525.0,1306.0,True
1332,462.0,1306.0,False
1333,525.0,1306.0,True
1334,399.0,1306.0,True
1335,672.0,1306.0,True
1336,693.0,1306.0,True
1337,588.0,1306.0,False
1338,777.0,1306.0,False
1339,588.0,1306.0,False
1340,546.0,1306.0,True
1341,714.0,1306.0,True
1342,609.0,1306.0,False
1343,651.0,1306.0,False
1344,693.0,1306.0,False
1345,735.0,1306.0,False
1346,651.0,1306.0,False
1347,567.0,1306.0,True
1348,609.0,1306.0,True
1349,609.0,1306.0,True
1350,651.0,1306.0,True
1351,714.0,1306.0,False
1352,609.0,1306.0,True
1353,483.0,1306.0,True
1354,504.0,1306.0,True
1355,651.0,1306.0,False
1356,735.0,1306.0,True
1357,693.0,1306.0,True
1358,588.0,1306.0,True
1359,735.0,1306.0,True
1360,315.0,1306.0,False
1361,399.0,1306.0,True
1362,525.0,1306.0,True
1363,567.0,1306.0,True
1364,336.0,1306.0,False
1365,504.0,1306.0,True
1366,546.0,1306.0,False
1367,525.0,1306.0,True
1368,504.0,1306.0,True
1369,504.0,1306.0,True
1370,588.0,1306.0,False
1371,525.0,1306.0,True
1372,462.0,1306.0,False
1373,504.0,1306.0,True
1374,588.0,1306.0,False
1375,588.0,1306.0,False
1376,546.0,1306.0,True
1377,525.0,1306.0,True
1378,546.0,1306.0,True
1379,609.0,1306.0,True
1380,336.0,1306.0,True
1381,336.0,1306.0,True
1382,483.0,1306.0,True
1383,441.0,1306.0,True
1384,525.0,1306.0,True
1385,462.0,1306.0,True
1386,504.0,1306.0,True
1387,504.0,1306.0,False
1388,504.0,1306.0,True
1389,588.0,1306.0,True
1390,546.0,1306.0,True
1391,546.0,1306.0,True
1392,525.0,1306.0,True
1393,462.0,1306.0,True
1394,504.0,1306.0,False
1395,462.0,1306.0,False
1396,504.0,1306.0,False
1397,609.0,1306.0,True
1398,504.0,1306.0,True
1399,462.0,1306.0,False
1400,336.0,1306.0,False
1401,378.0,1306.0,True
1402,672.0,1306.0,True
1403,525.0,1306.0,True
1404,525.0,1306.0,True
1405,399.0,1306.0,True
1406,546.0,1306.0,False
1407,567.0,1306.0,True
1408,588.0,1306.0,True
1409,441.0,1306.0,True
1410,693.0,1306.0,False
1411,546.0,1306.0,False
1412,504.0,1306.0,False
1413,567.0,1306.0,False
1414,588.0,1306.0,True
1415,567.0,1306.0,True
1416,567.0,1306.0,False
1417,525.0,1306.0,True
1418,483.0,1306.0,True
1419,630.0,1306.0,True
1420,546.0,1306.0,True
1421,609.0,1306.0,True
1422,420.0,1306.0,True
1423,651.0,1306.0,True
1424,630.0,1306.0,True
1425,735.0,1306.0,False
1426,672.0,1306.0,True
1427,693.0,1306.0,True
1428,588.0,1306.0,True
1429,651.0,1306.0,True
1430,672.0,1306.0,False
1431,714.0,1306.0,True
1432,693.0,1306.0,True
1433,672.0,1306.0,False
1434,630.0,1306.0,False
1435,378.0,1306.0,False
1436,672.0,1306.0,False
1437,651.0,1306.0,False
1438,651.0,1306.0,False
1439,651.0,1306.0,False
1440,483.0,1306.0,True
1441,336.0,1306.0,True
1442,525.0,1306.0,False
1443,525.0,1306.0,True
1444,525.0,1306.0,True
1445,546.0,1306.0,False
1446,504.0,1306.0,True
1447,525.0,1306.0,True
1448,357.0,1306.0,True
1449,525.0,1306.0,True
1450,504.0,1306.0,True
1451,462.0,1306.0,False
1452,441.0,1306.0,True
1453,462.0,1306.0,True
1454,378.0,1306.0,True
1455,651.0,1306.0,True
1456,756.0,1306.0,True
1457,672.0,1306.0,True
1458,399.0,1306.0,True
1459,420.0,1306.0,False
1460,588.0,1306.0,True
1461,609.0,1306.0,False
1462,462.0,1306.0,True
1463,357.0,1306.0,False
1464,588.0,1306.0,False
1465,504.0,1306.0,True
1466,462.0,1306.0,False
1467,546.0,1306.0,True
1468,588.0,1306.0,True
1469,609.0,1306.0,True
1470,630.0,1306.0,False
1471,546.0,1306.0,False
1472,588.0,1306.0,True
1473,441.0,1306.0,True
1474,420.0,1306.0,True
1475,504.0,1306.0,False
1476,399.0,1306.0,True
1477,462.0,1306.0,True
1478,672.0,1306.0,False
1479,420.0,1306.0,True
1480,651.0,1306.0,True
1481,441.0,1306.0,True
1482,546.0,1306.0,True
1483,462.0,1306.0,False
1484,630.0,1306.0,False
1485,420.0,1306.0,True
1486,462.0,1306.0,True
1487,609.0,1306.0,True
1488,483.0,1306.0,True
1489,651.0,1306.0,False
1490,483.0,1306.0,True
1491,672.0,1306.0,True
1492,714.0,1306.0,False
1493,651.0,1306.0,False
1494,672.0,1306.0,False
1495,672.0,1306.0,True
1496,672.0,1306.0,True
1497,609.0,1306.0,False
1498,714.0,1306.0,True
1499,672.0,1306.0,True
1500,693.0,1306.0,True
1501,609.0,1306.0,False
1502,567.0,1306.0,False
1503,609.0,1306.0,False
1504,609.0,1306.0,False
1505,630.0,1306.0,True
1506,693.0,1306.0,False
1507,672.0,1306.0,False
1508,672.0,1306.0,False
1509,336.0,1306.0,False
1510,672.0,1306.0,True
1511,630.0,1306.0,False
1512,672.0,1306.0,False
1513,441.0,1306.0,True
1514,651.0,1306.0,True
1515,420.0,1306.0,True
1516,441.0,1306.0,True
1517,693.0,1306.0,False
1518,630.0,1306.0,True
1519,651.0,1306.0,True
1520,462.0,1306.0,False
1521,651.0,1306.0,False
1522,672.0,1306.0,False
1523,693.0,1306.0,True
1524,651.0,1306.0,False
1525,609.0,1306.0,False
1526,756.0,1306.0,False
1527,672.0,1306.0,False
1528,420.0,1306.0,True
1529,441.0,1306.0,True
1530,609.0,1306.0,True
1531,399.0,1306.0,False
1532,546.0,1306.0,False
1533,546.0,1306.0,False
1534,546.0,1306.0,True
1535,630.0,1306.0,True
1536,399.0,1306.0,False
1537,546.0,1306.0,True
1538,651.0,1306.0,True
1539,672.0,1306.0,True
1540,630.0,1306.0,False
1541,630.0,1306.0,False
1542,546.0,1306.0,True
1543,693.0,1306.0,True
1544,651.0,1306.0,False
1545,693.0,1306.0,True
1546,609.0,1306.0,True
1547,630.0,1306.0,True
1548,672.0,1306.0,False
1549,651.0,1306.0,True
1550,588.0,1306.0,True
1551,336.0,1306.0,True
1552,672.0,1306.0,True
1553,672.0,1306.0,True
1554,714.0,1306.0,True
1555,504.0,1306.0,True
1556,630.0,1306.0,False
1557,315.0,1306.0,False
1558,483.0,1306.0,True
1559,420.0,1306.0,False
1560,651.0,1306.0,True
1561,630.0,1306.0,False
1562,462.0,1306.0,False
1563,609.0,1306.0,False
1564,315.0,1306.0,True
1565,315.0,1306.0,True
1566,378.0,1306.0,True
1567,420.0,1306.0,True
1568,273.0,1306.0,False
1569,525.0,1306.0,True
1570,462.0,1306.0,False
1571,546.0,1306.0,True
1572,462.0,1306.0,True
1573,462.0,1306.0,True
1574,420.0,1306.0,False
1575,504.0,1306.0,True
1576,588.0,1306.0,True
1577,525.0,1306.0,True
1578,588.0,1306.0,True
1579,462.0,1306.0,True
1580,525.0,1306.0,True
1581,462.0,1306.0,True
1582,525.0,1306.0,True
1583,378.0,1306.0,True
1584,525.0,1306.0,True
1585,504.0,1306.0,False
1586,546.0,1306.0,True
1587,399.0,1306.0,False
1588,525.0,1306.0,True
1589,483.0,1306.0,True
1590,483.0,1306.0,True
1591,525.0,1306.0,True
1592,630.0,1306.0,True
1593,546.0,1306.0,True
1594,588.0,1306.0,False
1595,420.0,1306.0,True
1596,357.0,1306.0,True
1597,462.0,1306.0,True
1598,420.0,1306.0,True
1599,483.0,1306.0,True
1600,315.0,1306.0,True
1601,567.0,1306.0,False
1602,483.0,1306.0,False
1603,420.0,1306.0,True
1604,588.0,1306.0,True
1605,273.0,1306.0,False
1606,525.0,1306.0,True
1607,567.0,1306.0,True
1608,399.0,1306.0,True
1609,462.0,1306.0,True
1610,567.0,1306.0,True
1611,588.0,1306.0,True
1612,504.0,1306.0,True
1613,546.0,1306.0,True
1614,567.0,1306.0,True
1615,378.0,1306.0,True
1616,420.0,1306.0,True
1617,546.0,1306.0,False
1618,399.0,1306.0,False
1619,462.0,1306.0,False
1620,525.0,1306.0,True
1621,525.0,1306.0,True
1622,651.0,1306.0,True
1623,651.0,1306.0,False
1624,651.0,1306.0,True
1625,651.0,1306.0,True
1626,735.0,1306.0,False
1627,672.0,1306.0,True
1628,756.0,1306.0,True
1629,651.0,1306.0,False
1630,630.0,1306.0,True
1631,651.0,1306.0,False
1632,693.0,1306.0,False
1633,651.0,1306.0,True
1634,630.0,1306.0,True
1635,630.0,1306.0,True
1636,483.0,1306.0,True
1637,378.0,1306.0,True
1638,441.0,1306.0,True
1639,378.0,1306.0,True
1640,420.0,1306.0,True
1641,420.0,1306.0,True
1642,441.0,1306.0,False
1643,420.0,1306.0,True
1644,441.0,1306.0,False
1645,483.0,1306.0,True
1646,420.0,1306.0,False
1647,483.0,1306.0,False
1648,399.0,1306.0,True
1649,462.0,1306.0,True
1650,672.0,1306.0,True
1651,630.0,1306.0,True
1652,294.0,1306.0,True
1653,546.0,1306.0,True
1654,483.0,1306.0,True
1655,525.0,1306.0,True
1656,462.0,1306.0,True
1657,525.0,1306.0,True
1658,441.0,1306.0,True
1659,399.0,1306.0,True
1660,672.0,1306.0,False
1661,483.0,1306.0,True
1662,546.0,1306.0,True
1663,378.0,1306.0,False
1664,504.0,1306.0,True
1665,441.0,1306.0,True
1666,630.0,1306.0,False
1667,462.0,1306.0,True
1668,504.0,1306.0,False
1669,294.0,1306.0,True
1670,378.0,1306.0,False
1671,399.0,1306.0,True
1672,399.0,1306.0,True
1673,399.0,1306.0,False
1674,420.0,1306.0,False
1675,399.0,1306.0,True
1676,462.0,1306.0,False
1677,504.0,1306.0,True
1678,336.0,1306.0,True
1679,525.0,1306.0,True
1680,546.0,1306.0,True
1681,672.0,1306.0,True
1682,504.0,1306.0,True
1683,420.0,1306.0,True
1684,504.0,1306.0,True
1685,609.0,1306.0,True
1686,525.0,1306.0,True
1687,525.0,1306.0,True
1688,504.0,1306.0,False
1689,357.0,1306.0,True
1690,546.0,1306.0,True
1691,315.0,1306.0,True
1692,504.0,1306.0,True
1693,504.0,1306.0,True
1694,504.0,1306.0,False
1695,399.0,1306.0,False
1696,441.0,1306.0,False
1697,399.0,1306.0,True
1698,504.0,1306.0,True
1699,504.0,1306.0,False
1700,630.0,1306.0,False
1701,462.0,1306.0,False
1702,525.0,1306.0,True
1703,609.0,1306.0,False
1704,420.0,1306.0,True
1705,546.0,1306.0,True
1706,399.0,1306.0,False
1707,420.0,1306.0,False
1708,525.0,1306.0,True
1709,546.0,1306.0,True
1710,462.0,1306.0,True
1711,462.0,1306.0,True
1712,546.0,1306.0,True
1713,546.0,1306.0,True
1714,588.0,1306.0,True
1715,525.0,1306.0,True
1716,651.0,1306.0,True
1717,462.0,1306.0,True
1718,525.0,1306.0,True
1719,588.0,1306.0,False
1720,462.0,1306.0,True
1721,504.0,1306.0,True
1722,546.0,1306.0,True
1723,504.0,1306.0,True
1724,462.0,1306.0,False
1725,672.0,1306.0,False
1726,630.0,1306.0,True
1727,588.0,1306.0,True
1728,525.0,1306.0,False
1729,462.0,1306.0,False
1730,462.0,1306.0,True
1731,483.0,1306.0,True
1732,504.0,1306.0,True
1733,441.0,1306.0,False
1734,672.0,1306.0,True
1735,546.0,1306.0,False
1736,609.0,1306.0,True
1737,630.0,1306.0,True
1738,483.0,1306.0,True
1739,567.0,1306.0,False
1740,399.0,1306.0,False
1741,441.0,1306.0,False
1742,546.0,1306.0,True
1743,462.0,1306.0,False
1744,462.0,1306.0,False
1745,462.0,1306.0,True
1746,525.0,1306.0,True
1747,399.0,1306.0,True
1748,462.0,1306.0,True
1749,399.0,1306.0,False
1750,525.0,1306.0,True
1751,504.0,1306.0,True
1752,630.0,1306.0,True
1753,609.0,1306.0,True
1754,672.0,1306.0,True
1755,420.0,1306.0,True
1756,357.0,1306.0,False
1757,546.0,1306.0,False
1758,462.0,1306.0,True
1759,546.0,1306.0,True
1760,462.0,1306.0,False
1761,525.0,1306.0,True
1762,462.0,1306.0,True
1763,441.0,1306.0,True
1764,546.0,1306.0,True
1765,483.0,1306.0,False
1766,546.0,1306.0,True
1767,336.0,1306.0,True
1768,588.0,1306.0,True
1769,630.0,1306.0,True
1770,525.0,1306.0,True
1771,609.0,1306.0,True
1772,525.0,1306.0,True
1773,504.0,1306.0,True
1774,504.0,1306.0,True
1775,441.0,1306.0,True
1776,672.0,1306.0,True
1777,546.0,1306.0,False
1778,462.0,1306.0,True
1779,546.0,1306.0,True
1780,483.0,1306.0,True
1781,504.0,1306.0,False
1782,525.0,1306.0,True
1783,567.0,1306.0,False
1784,630.0,1306.0,True
1785,462.0,1306.0,False
1786,546.0,1306.0,True
1787,630.0,1306.0,True
1788,525.0,1306.0,True
1789,462.0,1306.0,True
1790,630.0,1306.0,True
1791,567.0,1306.0,True
1792,462.0,1306.0,False
1793,525.0,1306.0,False
1794,567.0,1306.0,True
1795,546.0,1306.0,True
1796,672.0,1306.0,False
1797,693.0,1306.0,True
1798,609.0,1306.0,True
1799,588.0,1306.0,False
1800,609.0,1306.0,False
1801,630.0,1306.0,True
1802,651.0,1306.0,False
1803,609.0,1306.0,True
1804,525.0,1306.0,False
1805,525.0,1306.0,True
1806,525.0,1306.0,True
1807,546.0,1306.0,False
1808,546.0,1306.0,False
1809,399.0,1306.0,False
1810,399.0,1306.0,True
1811,525.0,1306.0,True
1812,483.0,1306.0,True
1813,651.0,1306.0,True
1814,567.0,1306.0,False
1815,672.0,1306.0,True
1816,651.0,1306.0,False
1817,651.0,1306.0,True
1818,504.0,1306.0,True
1819,672.0,1306.0,True
1820,672.0,1306.0,False
1821,672.0,1306.0,False
1822,525.0,1306.0,True
1823,462.0,1306.0,False
1824,672.0,1306.0,False
1825,630.0,1306.0,True
1826,546.0,1306.0,True
1827,462.0,1306.0,False
1828,504.0,1306.0,False
1829,672.0,1306.0,False
1830,546.0,1306.0,False
1831,546.0,1306.0,False
1832,462.0,1306.0,False
1833,441.0,1306.0,True
1834,441.0,1306.0,True
1835,504.0,1306.0,True
1836,420.0,1306.0,False
1837,672.0,1306.0,True
1838,525.0,1306.0,True
1839,525.0,1306.0,True
1840,378.0,1306.0,True
1841,588.0,1306.0,True
1842,420.0,1306.0,True
1843,462.0,1306.0,True
1844,336.0,1306.0,True
1845,420.0,1306.0,True
1846,420.0,1306.0,True
1847,378.0,1306.0,False
1848,357.0,1306.0,False
1849,399.0,1306.0,True
1850,420.0,1306.0,True
1851,273.0,1306.0,True
1852,525.0,1306.0,True
1853,546.0,1306.0,True
1854,441.0,1306.0,False
1855,483.0,1306.0,True
1856,483.0,1306.0,True
1857,441.0,1306.0,True
1858,462.0,1306.0,False
1859,420.0,1306.0,True
1860,630.0,1306.0,True
1861,399.0,1306.0,True
1862,462.0,1306.0,True
1863,525.0,1306.0,True
1864,525.0,1306.0,True
1865,462.0,1306.0,False
1866,504.0,1306.0,True
1867,546.0,1306.0,True
1868,504.0,1306.0,True
1869,399.0,1306.0,True
1870,357.0,1306.0,True
1871,546.0,1306.0,True
1872,462.0,1306.0,True
1873,567.0,1306.0,True
1874,462.0,1306.0,True
1875,588.0,1306.0,True
1876,525.0,1306.0,True
1877,609.0,1306.0,True
1878,525.0,1306.0,True
1879,336.0,1306.0,True
1880,525.0,1306.0,True
1881,546.0,1306.0,False
1882,504.0,1306.0,True
1883,525.0,1306.0,False
1884,462.0,1306.0,False
1885,462.0,1306.0,True
1886,546.0,1306.0,True
1887,504.0,1306.0,True
1888,462.0,1306.0,True
1889,630.0,1306.0,False
1890,462.0,1306.0,True
1891,525.0,1306.0,True
1892,588.0,1306.0,True
1893,462.0,1306.0,False
1894,462.0,1306.0,True
1895,399.0,1306.0,True
1896,756.0,1306.0,True
1897,567.0,1306.0,True
1898,630.0,1306.0,True
1899,651.0,1306.0,False
1900,609.0,1306.0,True
1901,714.0,1306.0,True
1902,399.0,1306.0,True
1903,504.0,1306.0,True
1904,420.0,1306.0,True
1905,546.0,1306.0,True
1906,462.0,1306.0,False
1907,504.0,1306.0,True
1908,504.0,1306.0,True
1909,525.0,1306.0,True
1910,357.0,1306.0,True
1911,546.0,1306.0,True
1912,630.0,1306.0,False
1913,546.0,1306.0,True
1914,483.0,1306.0,True
1915,546.0,1306.0,True
1916,462.0,1306.0,False
1917,525.0,1306.0,False
1918,504.0,1306.0,True
1919,525.0,1306.0,True
1920,357.0,1306.0,True
1921,567.0,1306.0,True
1922,546.0,1306.0,True
1923,525.0,1306.0,True
1924,546.0,1306.0,True
1925,735.0,1306.0,False
1926,399.0,1306.0,False
1927,441.0,1306.0,False
1928,483.0,1306.0,False
1929,609.0,1306.0,False
1930,630.0,1306.0,True
1931,441.0,1306.0,True
1932,525.0,1306.0,True
1933,546.0,1306.0,False
1934,441.0,1306.0,True
1935,588.0,1306.0,False
1936,399.0,1306.0,False
1937,609.0,1306.0,True
1938,399.0,1306.0,False
1939,420.0,1306.0,False
1940,441.0,1306.0,False
1941,525.0,1306.0,False
1942,672.0,1306.0,True
1943,651.0,1306.0,False
1944,630.0,1306.0,False
1945,525.0,1306.0,False
1946,462.0,1306.0,False
1947,441.0,1306.0,False
1948,483.0,1306.0,False
1949,588.0,1306.0,True
1950,525.0,1306.0,False
1951,420.0,1306.0,False
1952,399.0,1306.0,True
1953,651.0,1306.0,True
1954,651.0,1306.0,True
1955,630.0,1306.0,True
1956,483.0,1306.0,True
1957,462.0,1306.0,True
1958,651.0,1306.0,True
1959,651.0,1306.0,False
1960,651.0,1306.0,True
1961,630.0,1306.0,True
1962,651.0,1306.0,False
1963,651.0,1306.0,True
1964,630.0,1306.0,False
1965,681.0,1306.0,True
1966,661.0,1306.0,True
1967,630.0,1306.0,True
1968,651.0,1306.0,False
1969,693.0,1306.0,True
1970,630.0,1306.0,True
1971,651.0,1306.0,True
1972,630.0,1306.0,True
1973,504.0,1306.0,False
1974,651.0,1306.0,True
1975,672.0,1306.0,True
1976,672.0,1306.0,True
1977,713.0,1306.0,True
1978,724.0,1306.0,True
1979,661.0,1306.0,True
1980,640.0,1306.0,False
1981,713.0,1306.0,True
1982,703.0,1306.0,True
1983,797.0,1306.0,True
1984,651.0,1306.0,False
1985,682.0,1306.0,False
1986,630.0,1306.0,False
1987,672.0,1306.0,True
1988,630.0,1306.0,True
1989,661.0,1306.0,True
1990,630.0,1306.0,True
1991,630.0,1306.0,True
1992,693.0,1306.0,True
1993,567.0,1306.0,True
1994,651.0,1306.0,False
1995,693.0,1306.0,True
1996,630.0,1306.0,True
1997,630.0,1306.0,False
1998,693.0,1306.0,False
1999,672.0,1306.0,True
