0,0.0,0.0,True
1,0.0,0.0,True
2,0.0,0.0,True
3,0.0,0.0,True
4,0.0,0.0,True
5,189.0,189.0,True
6,189.0,189.0,True
7,231.0,231.0,True
8,357.0,357.0,True
9,336.0,357.0,True
10,525.0,525.0,True
11,504.0,525.0,False
12,483.0,525.0,False
13,504.0,525.0,True
14,504.0,525.0,True
15,399.0,525.0,True
16,315.0,525.0,False
17,525.0,525.0,True
18,630.0,630.0,False
19,525.0,630.0,False
20,504.0,630.0,False
21,462.0,630.0,True
22,399.0,630.0,True
23,441.0,630.0,False
24,525.0,630.0,True
25,546.0,630.0,False
26,504.0,630.0,False
27,504.0,630.0,True
28,399.0,630.0,True
29,504.0,630.0,True
30,399.0,630.0,True
31,420.0,630.0,True
32,399.0,630.0,False
33,441.0,630.0,True
34,420.0,630.0,False
35,336.0,630.0,False
36,441.0,630.0,False
37,420.0,630.0,True
38,420.0,630.0,False
39,420.0,630.0,False
40,315.0,630.0,True
41,420.0,630.0,True
42,714.0,714.0,True
43,609.0,714.0,False
44,609.0,714.0,False
45,630.0,714.0,True
46,546.0,714.0,False
47,399.0,714.0,True
48,546.0,714.0,False
49,525.0,714.0,False
50,672.0,714.0,False
51,420.0,714.0,True
52,525.0,714.0,True
53,462.0,714.0,False
54,609.0,714.0,False
55,693.0,714.0,False
56,651.0,714.0,False
57,714.0,714.0,False
58,756.0,756.0,False
59,672.0,756.0,False
60,651.0,756.0,False
61,630.0,756.0,False
62,714.0,756.0,False
63,357.0,756.0,False
64,651.0,756.0,False
65,651.0,756.0,False
66,399.0,756.0,False
67,651.0,756.0,True
68,714.0,756.0,True
69,714.0,756.0,True
70,630.0,756.0,False
71,567.0,756.0,True
72,630.0,756.0,True
73,504.0,756.0,True
74,483.0,756.0,True
75,336.0,756.0,True
76,399.0,756.0,True
77,504.0,756.0,True
78,441.0,756.0,True
79,483.0,756.0,True
80,189.0,756.0,False
81,504.0,756.0,False
82,357.0,756.0,False
83,420.0,756.0,False
84,546.0,756.0,False
85,525.0,756.0,False
86,546.0,756.0,False
87,672.0,756.0,False
88,504.0,756.0,True
89,546.0,756.0,True
90,336.0,756.0,False
91,420.0,756.0,True
92,630.0,756.0,False
93,441.0,756.0,True
94,399.0,756.0,True
95,231.0,756.0,False
96,546.0,756.0,True
97,525.0,756.0,False
98,483.0,756.0,True
99,462.0,756.0,True
100,462.0,756.0,True
101,399.0,756.0,True
102,609.0,756.0,True
103,567.0,756.0,True
104,546.0,756.0,False
105,672.0,756.0,True
106,672.0,756.0,True
107,651.0,756.0,False
108,483.0,756.0,False
109,672.0,756.0,True
110,441.0,756.0,True
111,714.0,756.0,False
112,714.0,756.0,True
113,693.0,756.0,False
114,672.0,756.0,False
115,609.0,756.0,False
116,714.0,756.0,False
117,714.0,756.0,True
118,672.0,756.0,False
119,693.0,756.0,True
120,693.0,756.0,True
121,735.0,756.0,False
122,630.0,756.0,False
123,651.0,756.0,False
124,672.0,756.0,True
125,651.0,756.0,False
126,672.0,756.0,True
127,714.0,756.0,False
128,630.0,756.0,False
129,609.0,756.0,False
130,714.0,756.0,False
131,693.0,756.0,True
132,630.0,756.0,True
133,651.0,756.0,False
134,630.0,756.0,False
135,672.0,756.0,False
136,672.0,756.0,False
137,609.0,756.0,True
138,735.0,756.0,True
139,693.0,756.0,True
140,693.0,756.0,True
141,672.0,756.0,False
142,567.0,756.0,False
143,588.0,756.0,False
144,651.0,756.0,True
145,714.0,756.0,True
146,714.0,756.0,False
147,525.0,756.0,False
148,609.0,756.0,True
149,756.0,756.0,True
150,714.0,756.0,False
151,735.0,756.0,False
152,672.0,756.0,True
153,798.0,798.0,True
154,672.0,798.0,False
155,693.0,798.0,False
156,672.0,798.0,True
157,672.0,798.0,True
158,693.0,798.0,False
159,798.0,798.0,False
160,651.0,798.0,False
161,672.0,798.0,False
162,651.0,798.0,False
163,693.0,798.0,False
164,651.0,798.0,True
165,735.0,798.0,True
166,777.0,798.0,True
167,672.0,798.0,False
168,672.0,798.0,True
169,525.0,798.0,True
170,588.0,798.0,True
171,630.0,798.0,False
172,504.0,798.0,False
173,714.0,798.0,False
174,651.0,798.0,False
175,735.0,798.0,True
176,609.0,798.0,False
177,714.0,798.0,False
178,672.0,798.0,False
179,609.0,798.0,False
180,672.0,798.0,False
181,630.0,798.0,True
182,630.0,798.0,True
183,630.0,798.0,False
184,651.0,798.0,False
185,651.0,798.0,True
186,588.0,798.0,True
187,630.0,798.0,False
188,672.0,798.0,False
189,630.0,798.0,False
190,420.0,798.0,False
191,420.0,798.0,True
192,294.0,798.0,False
193,588.0,798.0,True
194,525.0,798.0,False
195,504.0,798.0,True
196,420.0,798.0,False
197,441.0,798.0,True
198,693.0,798.0,True
199,693.0,798.0,False
200,504.0,798.0,True
201,546.0,798.0,True
202,441.0,798.0,False
203,399.0,798.0,True
204,672.0,798.0,True
205,462.0,798.0,False
206,441.0,798.0,True
207,525.0,798.0,True
208,504.0,798.0,True
209,399.0,798.0,True
210,441.0,798.0,True
211,651.0,798.0,True
212,672.0,798.0,False
213,630.0,798.0,True
214,504.0,798.0,False
215,588.0,798.0,False
216,630.0,798.0,True
217,462.0,798.0,True
218,609.0,798.0,True
219,462.0,798.0,True
220,525.0,798.0,True
221,483.0,798.0,True
222,609.0,798.0,False
223,336.0,798.0,False
224,567.0,798.0,True
225,525.0,798.0,True
226,420.0,798.0,False
227,441.0,798.0,False
228,294.0,798.0,False
229,609.0,798.0,True
230,399.0,798.0,True
231,588.0,798.0,True
232,420.0,798.0,False
233,483.0,798.0,True
234,336.0,798.0,True
235,546.0,798.0,False
236,504.0,798.0,True
237,546.0,798.0,False
238,651.0,798.0,True
239,525.0,798.0,True
240,630.0,798.0,False
241,546.0,798.0,True
242,525.0,798.0,True
243,399.0,798.0,True
244,399.0,798.0,False
245,399.0,798.0,True
246,378.0,798.0,False
247,525.0,798.0,True
248,567.0,798.0,False
249,420.0,798.0,True
250,546.0,798.0,False
251,504.0,798.0,False
252,651.0,798.0,True
253,378.0,798.0,False
254,504.0,798.0,True
255,462.0,798.0,True
256,609.0,798.0,True
257,462.0,798.0,False
258,630.0,798.0,True
259,420.0,798.0,True
260,462.0,798.0,False
261,609.0,798.0,False
262,420.0,798.0,True
263,315.0,798.0,False
264,420.0,798.0,False
265,525.0,798.0,True
266,651.0,798.0,True
267,672.0,798.0,True
268,702.0,798.0,False
269,703.0,798.0,True
270,735.0,798.0,False
271,693.0,798.0,False
272,630.0,798.0,True
273,672.0,798.0,False
274,672.0,798.0,False
275,672.0,798.0,True
276,672.0,798.0,False
277,672.0,798.0,True
278,693.0,798.0,False
279,672.0,798.0,False
280,672.0,798.0,True
281,651.0,798.0,True
282,693.0,798.0,False
283,672.0,798.0,True
284,714.0,798.0,True
285,735.0,798.0,True
286,630.0,798.0,False
287,651.0,798.0,False
288,630.0,798.0,True
289,588.0,798.0,True
290,651.0,798.0,True
291,630.0,798.0,False
292,651.0,798.0,True
293,672.0,798.0,False
294,651.0,798.0,True
295,567.0,798.0,False
296,777.0,798.0,True
297,745.0,798.0,False
298,693.0,798.0,True
299,735.0,798.0,True
300,693.0,798.0,True
301,651.0,798.0,True
302,651.0,798.0,True
303,651.0,798.0,True
304,714.0,798.0,True
305,651.0,798.0,True
306,714.0,798.0,False
307,651.0,798.0,False
308,693.0,798.0,True
309,651.0,798.0,True
310,777.0,798.0,False
311,693.0,798.0,True
312,651.0,798.0,True
313,672.0,798.0,False
314,714.0,798.0,True
315,672.0,798.0,True
316,672.0,798.0,False
317,693.0,798.0,False
318,441.0,798.0,False
319,693.0,798.0,True
320,672.0,798.0,True
321,630.0,798.0,True
322,672.0,798.0,False
323,672.0,798.0,True
324,693.0,798.0,True
325,672.0,798.0,True
326,693.0,798.0,True
327,651.0,798.0,True
328,651.0,798.0,True
329,672.0,798.0,True
330,609.0,798.0,True
331,630.0,798.0,False
332,651.0,798.0,True
333,651.0,798.0,False
334,693.0,798.0,True
335,672.0,798.0,True
336,714.0,798.0,True
337,651.0,798.0,True
338,651.0,798.0,True
339,756.0,798.0,False
340,630.0,798.0,False
341,651.0,798.0,True
342,714.0,798.0,True
343,567.0,798.0,False
344,651.0,798.0,True
345,672.0,798.0,False
346,672.0,798.0,True
347,651.0,798.0,True
348,630.0,798.0,True
349,693.0,798.0,True
350,672.0,798.0,True
351,672.0,798.0,True
352,210.0,798.0,True
353,609.0,798.0,True
354,651.0,798.0,True
355,703.0,798.0,True
356,693.0,798.0,False
357,660.0,798.0,True
358,703.0,798.0,False
359,735.0,798.0,True
360,672.0,798.0,False
361,661.0,798.0,False
362,671.0,798.0,True
363,609.0,798.0,True
364,630.0,798.0,True
365,672.0,798.0,True
366,857.0,857.0,True
367,1198.0,1198.0,False
368,938.0,1198.0,True
369,1427.0,1427.0,True
370,1598.0,1598.0,False
371,967.0,1598.0,True
372,806.0,1598.0,False
373,1069.0,1598.0,True
374,1080.0,1598.0,False
375,967.0,1598.0,False
376,1099.0,1598.0,False
377,996.0,1598.0,False
378,735.0,1598.0,False
379,979.0,1598.0,True
380,420.0,1598.0,True
381,651.0,1598.0,False
382,504.0,1598.0,False
383,693.0,1598.0,False
384,640.0,1598.0,True
385,651.0,1598.0,False
386,630.0,1598.0,False
387,294.0,1598.0,True
388,462.0,1598.0,True
389,630.0,1598.0,True
390,462.0,1598.0,False
391,672.0,1598.0,True
392,504.0,1598.0,True
393,588.0,1598.0,True
394,651.0,1598.0,True
395,651.0,1598.0,True
396,672.0,1598.0,True
397,651.0,1598.0,False
398,630.0,1598.0,True
399,651.0,1598.0,True
400,651.0,1598.0,False
401,651.0,1598.0,True
402,609.0,1598.0,False
403,651.0,1598.0,True
404,693.0,1598.0,False
405,672.0,1598.0,True
406,735.0,1598.0,True
407,630.0,1598.0,True
408,609.0,1598.0,False
409,609.0,1598.0,True
410,588.0,1598.0,False
411,504.0,1598.0,False
412,441.0,1598.0,False
413,651.0,1598.0,True
414,672.0,1598.0,False
415,672.0,1598.0,False
416,693.0,1598.0,True
417,588.0,1598.0,True
418,588.0,1598.0,True
419,525.0,1598.0,True
420,504.0,1598.0,True
421,588.0,1598.0,False
422,483.0,1598.0,True
423,504.0,1598.0,False
424,525.0,1598.0,True
425,609.0,1598.0,True
426,672.0,1598.0,True
427,693.0,1598.0,True
428,483.0,1598.0,True
429,462.0,1598.0,True
430,546.0,1598.0,True
431,546.0,1598.0,True
432,525.0,1598.0,True
433,588.0,1598.0,True
434,525.0,1598.0,True
435,420.0,1598.0,False
436,399.0,1598.0,True
437,672.0,1598.0,True
438,672.0,1598.0,False
439,105.0,1598.0,False
440,693.0,1598.0,True
441,651.0,1598.0,False
442,630.0,1598.0,True
443,588.0,1598.0,True
444,546.0,1598.0,True
445,357.0,1598.0,False
446,651.0,1598.0,True
447,525.0,1598.0,True
448,336.0,1598.0,False
449,462.0,1598.0,False
450,651.0,1598.0,True
451,630.0,1598.0,False
452,651.0,1598.0,True
453,630.0,1598.0,True
454,672.0,1598.0,True
455,672.0,1598.0,False
456,609.0,1598.0,True
457,525.0,1598.0,True
458,651.0,1598.0,False
459,441.0,1598.0,False
460,630.0,1598.0,False
461,651.0,1598.0,True
462,609.0,1598.0,False
463,525.0,1598.0,True
464,462.0,1598.0,True
465,567.0,1598.0,True
466,609.0,1598.0,True
467,441.0,1598.0,True
468,672.0,1598.0,True
469,672.0,1598.0,True
470,672.0,1598.0,False
471,651.0,1598.0,False
472,441.0,1598.0,True
473,420.0,1598.0,True
474,231.0,1598.0,True
475,525.0,1598.0,True
476,546.0,1598.0,True
477,651.0,1598.0,True
478,567.0,1598.0,True
479,630.0,1598.0,True
480,399.0,1598.0,True
481,630.0,1598.0,True
482,399.0,1598.0,False
483,651.0,1598.0,True
484,588.0,1598.0,False
485,651.0,1598.0,False
486,420.0,1598.0,False
487,651.0,1598.0,True
488,609.0,1598.0,True
489,504.0,1598.0,False
490,609.0,1598.0,True
491,588.0,1598.0,True
492,714.0,1598.0,True
493,630.0,1598.0,True
494,672.0,1598.0,True
495,651.0,1598.0,True
496,462.0,1598.0,True
497,651.0,1598.0,True
498,630.0,1598.0,True
499,724.0,1598.0,True
500,651.0,1598.0,False
501,630.0,1598.0,False
502,651.0,1598.0,False
503,766.0,1598.0,False
504,630.0,1598.0,False
505,651.0,1598.0,False
506,630.0,1598.0,True
507,462.0,1598.0,False
508,651.0,1598.0,False
509,672.0,1598.0,True
510,651.0,1598.0,True
511,651.0,1598.0,True
512,651.0,1598.0,False
513,651.0,1598.0,True
514,714.0,1598.0,True
515,609.0,1598.0,True
516,672.0,1598.0,True
517,672.0,1598.0,True
518,588.0,1598.0,True
519,672.0,1598.0,False
520,651.0,1598.0,False
521,672.0,1598.0,True
522,630.0,1598.0,False
523,756.0,1598.0,False
524,630.0,1598.0,False
525,567.0,1598.0,False
526,714.0,1598.0,False
527,651.0,1598.0,True
528,714.0,1598.0,True
529,672.0,1598.0,False
530,693.0,1598.0,False
531,672.0,1598.0,True
532,693.0,1598.0,True
533,651.0,1598.0,True
534,651.0,1598.0,True
535,682.0,1598.0,True
536,672.0,1598.0,True
537,745.0,1598.0,False
538,713.0,1598.0,False
539,651.0,1598.0,False
540,735.0,1598.0,True
541,661.0,1598.0,True
542,588.0,1598.0,True
543,588.0,1598.0,True
544,483.0,1598.0,True
545,420.0,1598.0,True
546,399.0,1598.0,False
547,399.0,1598.0,False
548,315.0,1598.0,False
549,399.0,1598.0,True
550,294.0,1598.0,True
551,357.0,1598.0,True
552,399.0,1598.0,True
553,399.0,1598.0,True
554,525.0,1598.0,True
555,420.0,1598.0,False
556,504.0,1598.0,True
557,441.0,1598.0,False
558,378.0,1598.0,True
559,378.0,1598.0,True
560,399.0,1598.0,True
561,462.0,1598.0,True
562,357.0,1598.0,True
563,672.0,1598.0,True
564,714.0,1598.0,True
565,672.0,1598.0,True
566,693.0,1598.0,True
567,735.0,1598.0,True
568,693.0,1598.0,True
569,735.0,1598.0,False
570,777.0,1598.0,True
571,693.0,1598.0,False
572,735.0,1598.0,True
573,693.0,1598.0,True
574,798.0,1598.0,True
575,714.0,1598.0,True
576,672.0,1598.0,True
577,714.0,1598.0,True
578,630.0,1598.0,False
579,651.0,1598.0,True
580,714.0,1598.0,True
581,714.0,1598.0,True
582,399.0,1598.0,False
583,714.0,1598.0,False
584,714.0,1598.0,False
585,735.0,1598.0,True
586,714.0,1598.0,True
587,672.0,1598.0,False
588,735.0,1598.0,True
589,651.0,1598.0,True
590,714.0,1598.0,False
591,798.0,1598.0,True
592,672.0,1598.0,False
593,714.0,1598.0,False
594,651.0,1598.0,False
595,672.0,1598.0,True
596,714.0,1598.0,True
597,735.0,1598.0,True
598,672.0,1598.0,True
599,693.0,1598.0,True
600,777.0,1598.0,True
601,672.0,1598.0,True
602,735.0,1598.0,False
603,651.0,1598.0,True
604,672.0,1598.0,True
605,777.0,1598.0,False
606,714.0,1598.0,True
607,777.0,1598.0,False
608,714.0,1598.0,False
609,756.0,1598.0,False
610,714.0,1598.0,True
611,735.0,1598.0,True
612,765.0,1598.0,True
613,567.0,1598.0,False
614,907.0,1598.0,True
615,837.0,1598.0,False
616,897.0,1598.0,False
617,920.0,1598.0,False
618,672.0,1598.0,True
619,630.0,1598.0,True
620,756.0,1598.0,False
621,693.0,1598.0,True
622,878.0,1598.0,True
623,825.0,1598.0,False
624,899.0,1598.0,True
625,918.0,1598.0,True
626,867.0,1598.0,False
627,2302.0,2302.0,True
628,918.0,2302.0,False
629,916.0,2302.0,True
630,805.0,2302.0,False
631,967.0,2302.0,True
632,962.0,2302.0,True
633,948.0,2302.0,True
634,958.0,2302.0,True
635,525.0,2302.0,False
636,907.0,2302.0,False
637,807.0,2302.0,False
638,836.0,2302.0,False
639,796.0,2302.0,False
640,1011.0,2302.0,False
641,948.0,2302.0,True
642,993.0,2302.0,False
643,1167.0,2302.0,True
644,650.0,2302.0,False
645,712.0,2302.0,False
646,979.0,2302.0,False
647,1143.0,2302.0,False
648,1029.0,2302.0,False
649,825.0,2302.0,True
650,899.0,2302.0,True
651,838.0,2302.0,False
652,926.0,2302.0,False
653,827.0,2302.0,True
654,785.0,2302.0,True
655,875.0,2302.0,False
656,775.0,2302.0,True
657,1102.0,2302.0,False
658,956.0,2302.0,False
659,949.0,2302.0,True
660,693.0,2302.0,True
661,929.0,2302.0,True
662,775.0,2302.0,False
663,858.0,2302.0,False
664,887.0,2302.0,False
665,793.0,2302.0,True
666,671.0,2302.0,False
667,681.0,2302.0,True
668,878.0,2302.0,True
669,692.0,2302.0,True
670,796.0,2302.0,False
671,702.0,2302.0,True
672,858.0,2302.0,False
673,867.0,2302.0,False
674,723.0,2302.0,True
675,876.0,2302.0,True
676,848.0,2302.0,False
677,783.0,2302.0,False
678,773.0,2302.0,True
679,907.0,2302.0,False
680,764.0,2302.0,False
681,732.0,2302.0,False
682,763.0,2302.0,False
683,723.0,2302.0,False
684,867.0,2302.0,False
685,713.0,2302.0,False
686,814.0,2302.0,False
687,743.0,2302.0,False
688,744.0,2302.0,True
689,1455.0,2302.0,True
690,827.0,2302.0,False
691,734.0,2302.0,False
692,661.0,2302.0,True
693,795.0,2302.0,True
694,797.0,2302.0,False
695,588.0,2302.0,True
696,845.0,2302.0,True
697,744.0,2302.0,False
698,703.0,2302.0,True
699,745.0,2302.0,True
700,588.0,2302.0,True
701,650.0,2302.0,False
702,630.0,2302.0,True
703,504.0,2302.0,False
704,651.0,2302.0,False
705,630.0,2302.0,True
706,672.0,2302.0,False
707,693.0,2302.0,False
708,693.0,2302.0,False
709,651.0,2302.0,True
710,672.0,2302.0,False
711,651.0,2302.0,True
712,714.0,2302.0,False
713,630.0,2302.0,True
714,651.0,2302.0,False
715,693.0,2302.0,True
716,651.0,2302.0,True
717,609.0,2302.0,True
718,693.0,2302.0,True
719,840.0,2302.0,True
720,735.0,2302.0,True
721,588.0,2302.0,True
722,651.0,2302.0,False
723,735.0,2302.0,False
724,756.0,2302.0,False
725,693.0,2302.0,True
726,651.0,2302.0,True
727,714.0,2302.0,True
728,714.0,2302.0,True
729,672.0,2302.0,True
730,672.0,2302.0,False
731,588.0,2302.0,False
732,546.0,2302.0,True
733,630.0,2302.0,False
734,630.0,2302.0,False
735,756.0,2302.0,False
736,672.0,2302.0,True
737,588.0,2302.0,False
738,630.0,2302.0,True
739,420.0,2302.0,True
740,357.0,2302.0,False
741,504.0,2302.0,False
742,378.0,2302.0,False
743,504.0,2302.0,True
744,672.0,2302.0,True
745,420.0,2302.0,True
746,546.0,2302.0,True
747,630.0,2302.0,True
748,588.0,2302.0,True
749,504.0,2302.0,True
750,609.0,2302.0,True
751,588.0,2302.0,False
752,546.0,2302.0,True
753,525.0,2302.0,True
754,378.0,2302.0,False
755,609.0,2302.0,False
756,504.0,2302.0,False
757,504.0,2302.0,True
758,441.0,2302.0,False
759,525.0,2302.0,False
760,483.0,2302.0,False
761,525.0,2302.0,True
762,567.0,2302.0,False
763,588.0,2302.0,True
764,672.0,2302.0,True
765,672.0,2302.0,False
766,378.0,2302.0,False
767,504.0,2302.0,True
768,546.0,2302.0,False
769,378.0,2302.0,False
770,630.0,2302.0,True
771,357.0,2302.0,True
772,357.0,2302.0,True
773,651.0,2302.0,True
774,672.0,2302.0,True
775,672.0,2302.0,True
776,672.0,2302.0,True
777,462.0,2302.0,True
778,210.0,2302.0,False
779,399.0,2302.0,True
780,294.0,2302.0,False
781,189.0,2302.0,True
782,399.0,2302.0,True
783,315.0,2302.0,True
784,378.0,2302.0,True
785,420.0,2302.0,True
786,483.0,2302.0,True
787,651.0,2302.0,True
788,630.0,2302.0,True
789,420.0,2302.0,True
790,336.0,2302.0,True
791,483.0,2302.0,True
792,651.0,2302.0,False
793,630.0,2302.0,False
794,651.0,2302.0,True
795,588.0,2302.0,True
796,661.0,2302.0,True
797,231.0,2302.0,True
798,661.0,2302.0,False
799,672.0,2302.0,True
800,609.0,2302.0,True
801,640.0,2302.0,False
802,609.0,2302.0,True
803,252.0,2302.0,True
804,609.0,2302.0,True
805,399.0,2302.0,True
806,420.0,2302.0,True
807,399.0,2302.0,True
808,588.0,2302.0,False
809,588.0,2302.0,True
810,693.0,2302.0,True
811,693.0,2302.0,False
812,546.0,2302.0,True
813,546.0,2302.0,False
814,609.0,2302.0,True
815,693.0,2302.0,True
816,672.0,2302.0,True
817,672.0,2302.0,False
818,378.0,2302.0,True
819,441.0,2302.0,True
820,755.0,2302.0,True
821,588.0,2302.0,True
822,63.0,2302.0,True
823,147.0,2302.0,True
824,63.0,2302.0,True
825,84.0,2302.0,True
826,609.0,2302.0,True
827,525.0,2302.0,True
828,588.0,2302.0,True
829,462.0,2302.0,True
830,609.0,2302.0,False
831,588.0,2302.0,True
832,735.0,2302.0,True
833,546.0,2302.0,True
834,609.0,2302.0,False
835,672.0,2302.0,True
836,630.0,2302.0,True
837,630.0,2302.0,True
838,714.0,2302.0,True
839,630.0,2302.0,True
840,651.0,2302.0,False
841,609.0,2302.0,False
842,630.0,2302.0,False
843,651.0,2302.0,True
844,672.0,2302.0,False
845,672.0,2302.0,True
846,630.0,2302.0,False
847,672.0,2302.0,True
848,630.0,2302.0,True
849,693.0,2302.0,False
850,651.0,2302.0,True
851,630.0,2302.0,False
852,672.0,2302.0,True
853,525.0,2302.0,True
854,609.0,2302.0,True
855,546.0,2302.0,True
856,714.0,2302.0,True
857,420.0,2302.0,True
858,630.0,2302.0,True
859,672.0,2302.0,True
860,714.0,2302.0,True
861,630.0,2302.0,False
862,672.0,2302.0,True
863,525.0,2302.0,True
864,630.0,2302.0,True
865,525.0,2302.0,True
866,147.0,2302.0,False
867,378.0,2302.0,True
868,483.0,2302.0,True
869,546.0,2302.0,True
870,651.0,2302.0,True
871,462.0,2302.0,True
872,525.0,2302.0,True
873,462.0,2302.0,True
874,630.0,2302.0,False
875,525.0,2302.0,True
876,525.0,2302.0,True
877,525.0,2302.0,True
878,609.0,2302.0,False
879,567.0,2302.0,True
880,441.0,2302.0,True
881,693.0,2302.0,True
882,504.0,2302.0,False
883,441.0,2302.0,False
884,567.0,2302.0,True
885,420.0,2302.0,True
886,462.0,2302.0,False
887,651.0,2302.0,True
888,588.0,2302.0,False
889,630.0,2302.0,True
890,651.0,2302.0,True
891,651.0,2302.0,False
892,588.0,2302.0,True
893,630.0,2302.0,True
894,504.0,2302.0,True
895,651.0,2302.0,True
896,525.0,2302.0,True
897,609.0,2302.0,False
898,630.0,2302.0,True
899,651.0,2302.0,True
900,567.0,2302.0,True
901,546.0,2302.0,True
902,399.0,2302.0,True
903,420.0,2302.0,True
904,441.0,2302.0,True
905,609.0,2302.0,True
906,462.0,2302.0,False
907,672.0,2302.0,True
908,441.0,2302.0,False
909,420.0,2302.0,True
910,399.0,2302.0,False
911,546.0,2302.0,True
912,441.0,2302.0,True
913,504.0,2302.0,False
914,525.0,2302.0,False
915,483.0,2302.0,True
916,504.0,2302.0,True
917,441.0,2302.0,True
918,504.0,2302.0,True
919,441.0,2302.0,True
920,525.0,2302.0,True
921,525.0,2302.0,True
922,525.0,2302.0,True
923,588.0,2302.0,True
924,525.0,2302.0,True
925,672.0,2302.0,True
926,630.0,2302.0,False
927,441.0,2302.0,True
928,504.0,2302.0,True
929,504.0,2302.0,False
930,546.0,2302.0,True
931,483.0,2302.0,True
932,525.0,2302.0,False
933,462.0,2302.0,False
934,588.0,2302.0,True
935,357.0,2302.0,True
936,336.0,2302.0,True
937,399.0,2302.0,False
938,378.0,2302.0,False
939,399.0,2302.0,True
940,399.0,2302.0,True
941,420.0,2302.0,True
942,567.0,2302.0,True
943,630.0,2302.0,True
944,483.0,2302.0,True
945,462.0,2302.0,True
946,357.0,2302.0,False
947,336.0,2302.0,False
948,462.0,2302.0,False
949,588.0,2302.0,True
950,672.0,2302.0,False
951,818.0,2302.0,True
952,807.0,2302.0,False
953,723.0,2302.0,False
954,692.0,2302.0,False
955,713.0,2302.0,False
956,682.0,2302.0,True
957,651.0,2302.0,False
958,796.0,2302.0,True
959,888.0,2302.0,False
960,806.0,2302.0,False
961,816.0,2302.0,True
962,744.0,2302.0,False
963,1484.0,2302.0,True
964,483.0,2302.0,False
965,682.0,2302.0,False
966,609.0,2302.0,False
967,766.0,2302.0,True
968,630.0,2302.0,False
969,609.0,2302.0,True
970,630.0,2302.0,True
971,378.0,2302.0,False
972,672.0,2302.0,True
973,693.0,2302.0,True
974,714.0,2302.0,True
975,735.0,2302.0,False
976,693.0,2302.0,False
977,693.0,2302.0,False
978,672.0,2302.0,False
979,714.0,2302.0,True
980,651.0,2302.0,True
981,588.0,2302.0,False
982,777.0,2302.0,True
983,399.0,2302.0,False
984,420.0,2302.0,True
985,441.0,2302.0,True
986,420.0,2302.0,True
987,420.0,2302.0,True
988,420.0,2302.0,True
989,441.0,2302.0,True
990,420.0,2302.0,True
991,420.0,2302.0,True
992,420.0,2302.0,False
993,378.0,2302.0,True
994,420.0,2302.0,False
995,441.0,2302.0,False
996,420.0,2302.0,True
997,462.0,2302.0,True
998,231.0,2302.0,True
999,420.0,2302.0,True
1000,294.0,2302.0,True
1001,420.0,2302.0,False
1002,315.0,2302.0,True
1003,357.0,2302.0,True
1004,672.0,2302.0,False
1005,525.0,2302.0,True
1006,504.0,2302.0,True
1007,420.0,2302.0,True
1008,525.0,2302.0,True
1009,525.0,2302.0,True
1010,525.0,2302.0,True
1011,525.0,2302.0,True
1012,462.0,2302.0,True
1013,525.0,2302.0,True
1014,588.0,2302.0,True
1015,525.0,2302.0,False
1016,525.0,2302.0,True
1017,525.0,2302.0,True
1018,504.0,2302.0,True
1019,609.0,2302.0,True
1020,525.0,2302.0,True
1021,399.0,2302.0,True
1022,546.0,2302.0,True
1023,420.0,2302.0,True
1024,609.0,2302.0,True
1025,525.0,2302.0,True
1026,462.0,2302.0,True
1027,525.0,2302.0,True
1028,525.0,2302.0,True
1029,420.0,2302.0,True
1030,504.0,2302.0,True
1031,546.0,2302.0,False
1032,504.0,2302.0,False
1033,525.0,2302.0,True
1034,462.0,2302.0,True
1035,504.0,2302.0,True
1036,420.0,2302.0,False
1037,420.0,2302.0,True
1038,609.0,2302.0,False
1039,420.0,2302.0,True
1040,630.0,2302.0,True
1041,399.0,2302.0,True
1042,504.0,2302.0,True
1043,525.0,2302.0,True
1044,525.0,2302.0,True
1045,546.0,2302.0,False
1046,525.0,2302.0,True
1047,525.0,2302.0,True
1048,336.0,2302.0,False
1049,525.0,2302.0,True
1050,546.0,2302.0,True
1051,630.0,2302.0,True
1052,672.0,2302.0,False
1053,651.0,2302.0,True
1054,546.0,2302.0,True
1055,483.0,2302.0,True
1056,546.0,2302.0,True
1057,588.0,2302.0,True
1058,630.0,2302.0,True
1059,588.0,2302.0,True
1060,651.0,2302.0,True
1061,357.0,2302.0,True
1062,504.0,2302.0,True
1063,504.0,2302.0,False
1064,420.0,2302.0,True
1065,441.0,2302.0,True
1066,630.0,2302.0,True
1067,546.0,2302.0,False
1068,630.0,2302.0,False
1069,630.0,2302.0,False
1070,630.0,2302.0,False
1071,651.0,2302.0,True
1072,609.0,2302.0,True
1073,651.0,2302.0,True
1074,588.0,2302.0,False
1075,672.0,2302.0,True
1076,609.0,2302.0,False
1077,525.0,2302.0,False
1078,651.0,2302.0,True
1079,546.0,2302.0,True
1080,462.0,2302.0,True
1081,504.0,2302.0,True
1082,462.0,2302.0,True
1083,462.0,2302.0,True
1084,546.0,2302.0,False
1085,588.0,2302.0,True
1086,588.0,2302.0,True
1087,588.0,2302.0,True
1088,525.0,2302.0,True
1089,546.0,2302.0,True
1090,504.0,2302.0,True
1091,567.0,2302.0,True
1092,714.0,2302.0,True
1093,714.0,2302.0,False
1094,693.0,2302.0,True
1095,693.0,2302.0,True
1096,714.0,2302.0,True
1097,714.0,2302.0,True
1098,672.0,2302.0,False
1099,693.0,2302.0,True
1100,609.0,2302.0,True
1101,735.0,2302.0,True
1102,483.0,2302.0,True
1103,630.0,2302.0,False
1104,672.0,2302.0,True
1105,567.0,2302.0,False
1106,714.0,2302.0,True
1107,693.0,2302.0,True
1108,693.0,2302.0,False
1109,756.0,2302.0,True
1110,693.0,2302.0,True
1111,693.0,2302.0,True
1112,672.0,2302.0,True
1113,703.0,2302.0,True
1114,724.0,2302.0,False
1115,672.0,2302.0,False
1116,672.0,2302.0,True
1117,693.0,2302.0,True
1118,735.0,2302.0,True
1119,723.0,2302.0,False
1120,651.0,2302.0,False
1121,693.0,2302.0,True
1122,735.0,2302.0,True
1123,672.0,2302.0,True
1124,672.0,2302.0,True
1125,693.0,2302.0,False
1126,693.0,2302.0,True
1127,714.0,2302.0,True
1128,714.0,2302.0,True
1129,672.0,2302.0,True
1130,651.0,2302.0,False
1131,693.0,2302.0,True
1132,735.0,2302.0,True
1133,672.0,2302.0,True
1134,693.0,2302.0,False
1135,693.0,2302.0,True
1136,651.0,2302.0,True
1137,420.0,2302.0,True
1138,357.0,2302.0,True
1139,420.0,2302.0,True
1140,692.0,2302.0,True
1141,651.0,2302.0,True
1142,651.0,2302.0,False
1143,744.0,2302.0,False
1144,702.0,2302.0,True
1145,785.0,2302.0,True
1146,795.0,2302.0,True
1147,735.0,2302.0,True
1148,682.0,2302.0,True
1149,672.0,2302.0,True
1150,630.0,2302.0,False
1151,693.0,2302.0,True
1152,661.0,2302.0,False
1153,693.0,2302.0,True
1154,703.0,2302.0,True
1155,693.0,2302.0,True
1156,630.0,2302.0,False
1157,630.0,2302.0,True
1158,630.0,2302.0,False
1159,672.0,2302.0,False
1160,651.0,2302.0,True
1161,630.0,2302.0,False
1162,735.0,2302.0,False
1163,651.0,2302.0,False
1164,756.0,2302.0,True
1165,651.0,2302.0,False
1166,651.0,2302.0,True
1167,651.0,2302.0,True
1168,462.0,2302.0,True
1169,693.0,2302.0,False
1170,567.0,2302.0,True
1171,546.0,2302.0,False
1172,504.0,2302.0,False
1173,588.0,2302.0,False
1174,441.0,2302.0,False
1175,483.0,2302.0,False
1176,651.0,2302.0,True
1177,714.0,2302.0,True
1178,672.0,2302.0,True
1179,672.0,2302.0,True
1180,546.0,2302.0,True
1181,609.0,2302.0,True
1182,672.0,2302.0,True
1183,546.0,2302.0,True
1184,672.0,2302.0,False
1185,462.0,2302.0,True
1186,609.0,2302.0,True
1187,609.0,2302.0,True
1188,609.0,2302.0,False
1189,546.0,2302.0,True
1190,525.0,2302.0,True
1191,567.0,2302.0,True
1192,525.0,2302.0,True
1193,567.0,2302.0,True
1194,630.0,2302.0,False
1195,336.0,2302.0,False
1196,525.0,2302.0,True
1197,588.0,2302.0,True
1198,483.0,2302.0,False
1199,462.0,2302.0,True
1200,441.0,2302.0,True
1201,504.0,2302.0,True
1202,504.0,2302.0,True
1203,525.0,2302.0,True
1204,546.0,2302.0,False
1205,525.0,2302.0,True
1206,525.0,2302.0,True
1207,525.0,2302.0,True
1208,546.0,2302.0,False
1209,441.0,2302.0,True
1210,567.0,2302.0,True
1211,588.0,2302.0,True
1212,399.0,2302.0,True
1213,588.0,2302.0,True
1214,525.0,2302.0,False
1215,609.0,2302.0,False
1216,693.0,2302.0,True
1217,714.0,2302.0,True
1218,630.0,2302.0,False
1219,420.0,2302.0,True
1220,483.0,2302.0,True
1221,609.0,2302.0,True
1222,609.0,2302.0,True
1223,609.0,2302.0,False
1224,504.0,2302.0,True
1225,609.0,2302.0,True
1226,546.0,2302.0,True
1227,525.0,2302.0,True
1228,609.0,2302.0,True
1229,399.0,2302.0,True
1230,441.0,2302.0,True
1231,441.0,2302.0,True
1232,462.0,2302.0,True
1233,525.0,2302.0,True
1234,399.0,2302.0,True
1235,504.0,2302.0,True
1236,462.0,2302.0,True
1237,567.0,2302.0,False
1238,609.0,2302.0,True
1239,441.0,2302.0,False
1240,504.0,2302.0,False
1241,378.0,2302.0,True
1242,315.0,2302.0,False
1243,504.0,2302.0,True
1244,567.0,2302.0,True
1245,588.0,2302.0,True
1246,525.0,2302.0,False
1247,462.0,2302.0,True
1248,504.0,2302.0,True
1249,504.0,2302.0,True
1250,567.0,2302.0,False
1251,546.0,2302.0,True
1252,441.0,2302.0,False
1253,483.0,2302.0,True
1254,378.0,2302.0,True
1255,588.0,2302.0,True
1256,609.0,2302.0,False
1257,525.0,2302.0,False
1258,441.0,2302.0,True
1259,504.0,2302.0,True
1260,441.0,2302.0,True
1261,546.0,2302.0,False
1262,462.0,2302.0,False
1263,588.0,2302.0,False
1264,630.0,2302.0,True
1265,525.0,2302.0,True
1266,504.0,2302.0,True
1267,504.0,2302.0,True
1268,483.0,2302.0,True
1269,525.0,2302.0,False
1270,357.0,2302.0,True
1271,420.0,2302.0,True
1272,441.0,2302.0,True
1273,504.0,2302.0,False
1274,630.0,2302.0,True
1275,504.0,2302.0,False
1276,504.0,2302.0,True
1277,630.0,2302.0,True
1278,420.0,2302.0,True
1279,462.0,2302.0,True
1280,504.0,2302.0,True
1281,462.0,2302.0,True
1282,525.0,2302.0,True
1283,525.0,2302.0,True
1284,525.0,2302.0,True
1285,504.0,2302.0,True
1286,525.0,2302.0,True
1287,546.0,2302.0,True
1288,630.0,2302.0,False
1289,525.0,2302.0,True
1290,525.0,2302.0,True
1291,525.0,2302.0,True
1292,525.0,2302.0,True
1293,609.0,2302.0,True
1294,525.0,2302.0,True
1295,525.0,2302.0,False
1296,504.0,2302.0,True
1297,357.0,2302.0,True
1298,693.0,2302.0,True
1299,462.0,2302.0,False
1300,504.0,2302.0,True
1301,504.0,2302.0,True
1302,546.0,2302.0,False
1303,546.0,2302.0,True
1304,378.0,2302.0,False
1305,504.0,2302.0,True
1306,462.0,2302.0,False
1307,462.0,2302.0,True
1308,504.0,2302.0,True
1309,525.0,2302.0,False
1310,462.0,2302.0,True
1311,546.0,2302.0,True
1312,462.0,2302.0,True
1313,420.0,2302.0,True
1314,189.0,2302.0,False
1315,504.0,2302.0,True
1316,525.0,2302.0,True
1317,483.0,2302.0,True
1318,441.0,2302.0,False
1319,504.0,2302.0,False
1320,441.0,2302.0,False
1321,609.0,2302.0,True
1322,441.0,2302.0,True
1323,483.0,2302.0,True
1324,273.0,2302.0,False
1325,588.0,2302.0,True
1326,525.0,2302.0,False
1327,546.0,2302.0,False
1328,546.0,2302.0,False
1329,651.0,2302.0,True
1330,588.0,2302.0,False
1331,483.0,2302.0,True
1332,609.0,2302.0,False
1333,630.0,2302.0,False
1334,189.0,2302.0,False
1335,315.0,2302.0,True
1336,462.0,2302.0,True
1337,504.0,2302.0,True
1338,546.0,2302.0,True
1339,651.0,2302.0,True
1340,735.0,2302.0,True
1341,777.0,2302.0,False
1342,693.0,2302.0,True
1343,672.0,2302.0,True
1344,609.0,2302.0,False
1345,840.0,2302.0,True
1346,714.0,2302.0,True
1347,693.0,2302.0,True
1348,693.0,2302.0,False
1349,672.0,2302.0,True
1350,735.0,2302.0,False
1351,714.0,2302.0,False
1352,777.0,2302.0,True
1353,693.0,2302.0,False
1354,672.0,2302.0,True
1355,651.0,2302.0,True
1356,672.0,2302.0,True
1357,672.0,2302.0,True
1358,567.0,2302.0,True
1359,630.0,2302.0,True
1360,651.0,2302.0,True
1361,693.0,2302.0,True
1362,672.0,2302.0,True
1363,735.0,2302.0,True
1364,672.0,2302.0,True
1365,672.0,2302.0,True
1366,714.0,2302.0,True
1367,651.0,2302.0,True
1368,630.0,2302.0,False
1369,651.0,2302.0,False
1370,672.0,2302.0,True
1371,693.0,2302.0,False
1372,651.0,2302.0,False
1373,651.0,2302.0,False
1374,630.0,2302.0,False
1375,630.0,2302.0,True
1376,651.0,2302.0,True
1377,672.0,2302.0,True
1378,693.0,2302.0,False
1379,630.0,2302.0,True
1380,672.0,2302.0,False
1381,462.0,2302.0,True
1382,462.0,2302.0,False
1383,462.0,2302.0,True
1384,672.0,2302.0,True
1385,525.0,2302.0,True
1386,504.0,2302.0,False
1387,546.0,2302.0,True
1388,462.0,2302.0,False
1389,504.0,2302.0,False
1390,504.0,2302.0,False
1391,546.0,2302.0,False
1392,672.0,2302.0,False
1393,504.0,2302.0,True
1394,441.0,2302.0,True
1395,588.0,2302.0,True
1396,399.0,2302.0,True
1397,462.0,2302.0,True
1398,441.0,2302.0,False
1399,525.0,2302.0,True
1400,462.0,2302.0,False
1401,672.0,2302.0,False
1402,546.0,2302.0,True
1403,630.0,2302.0,True
1404,525.0,2302.0,True
1405,504.0,2302.0,True
1406,399.0,2302.0,False
1407,525.0,2302.0,True
1408,546.0,2302.0,True
1409,546.0,2302.0,True
1410,546.0,2302.0,True
1411,525.0,2302.0,False
1412,525.0,2302.0,True
1413,525.0,2302.0,True
1414,630.0,2302.0,True
1415,525.0,2302.0,True
1416,504.0,2302.0,True
1417,462.0,2302.0,True
1418,504.0,2302.0,False
1419,651.0,2302.0,True
1420,630.0,2302.0,True
1421,462.0,2302.0,True
1422,630.0,2302.0,True
1423,441.0,2302.0,True
1424,483.0,2302.0,True
1425,651.0,2302.0,True
1426,588.0,2302.0,True
1427,546.0,2302.0,False
1428,546.0,2302.0,True
1429,546.0,2302.0,True
1430,546.0,2302.0,True
1431,420.0,2302.0,False
1432,672.0,2302.0,True
1433,504.0,2302.0,True
1434,567.0,2302.0,True
1435,504.0,2302.0,True
1436,399.0,2302.0,True
1437,525.0,2302.0,True
1438,483.0,2302.0,True
1439,630.0,2302.0,False
1440,630.0,2302.0,True
1441,420.0,2302.0,False
1442,651.0,2302.0,False
1443,525.0,2302.0,False
1444,525.0,2302.0,True
1445,441.0,2302.0,True
1446,525.0,2302.0,True
1447,546.0,2302.0,True
1448,462.0,2302.0,True
1449,672.0,2302.0,False
1450,651.0,2302.0,True
1451,693.0,2302.0,True
1452,724.0,2302.0,False
1453,588.0,2302.0,True
1454,462.0,2302.0,True
1455,651.0,2302.0,True
1456,693.0,2302.0,True
1457,651.0,2302.0,True
1458,609.0,2302.0,True
1459,609.0,2302.0,True
1460,693.0,2302.0,True
1461,525.0,2302.0,False
1462,651.0,2302.0,True
1463,735.0,2302.0,True
1464,609.0,2302.0,False
1465,672.0,2302.0,False
1466,651.0,2302.0,True
1467,546.0,2302.0,True
1468,714.0,2302.0,True
1469,630.0,2302.0,False
1470,546.0,2302.0,True
1471,714.0,2302.0,True
1472,651.0,2302.0,True
1473,525.0,2302.0,False
1474,630.0,2302.0,True
1475,462.0,2302.0,False
1476,504.0,2302.0,False
1477,588.0,2302.0,True
1478,630.0,2302.0,False
1479,651.0,2302.0,True
1480,609.0,2302.0,False
1481,630.0,2302.0,False
1482,651.0,2302.0,True
1483,609.0,2302.0,True
1484,651.0,2302.0,True
1485,672.0,2302.0,True
1486,672.0,2302.0,True
1487,462.0,2302.0,True
1488,651.0,2302.0,True
1489,630.0,2302.0,False
1490,609.0,2302.0,False
1491,672.0,2302.0,True
1492,525.0,2302.0,False
1493,672.0,2302.0,False
1494,630.0,2302.0,True
1495,651.0,2302.0,True
1496,651.0,2302.0,True
1497,609.0,2302.0,True
1498,651.0,2302.0,True
1499,735.0,2302.0,True
1500,504.0,2302.0,True
1501,378.0,2302.0,True
1502,766.0,2302.0,True
1503,609.0,2302.0,True
1504,588.0,2302.0,True
1505,546.0,2302.0,True
1506,630.0,2302.0,True
1507,609.0,2302.0,False
1508,651.0,2302.0,True
1509,693.0,2302.0,True
1510,336.0,2302.0,False
1511,672.0,2302.0,True
1512,630.0,2302.0,True
1513,609.0,2302.0,False
1514,651.0,2302.0,True
1515,693.0,2302.0,True
1516,672.0,2302.0,True
1517,504.0,2302.0,True
1518,420.0,2302.0,False
1519,525.0,2302.0,True
1520,441.0,2302.0,True
1521,483.0,2302.0,True
1522,525.0,2302.0,True
1523,357.0,2302.0,True
1524,378.0,2302.0,True
1525,630.0,2302.0,True
1526,672.0,2302.0,True
1527,651.0,2302.0,True
1528,703.0,2302.0,True
1529,630.0,2302.0,True
1530,672.0,2302.0,True
1531,672.0,2302.0,True
1532,651.0,2302.0,False
1533,805.0,2302.0,True
1534,682.0,2302.0,False
1535,630.0,2302.0,True
1536,714.0,2302.0,True
1537,734.0,2302.0,True
1538,745.0,2302.0,False
1539,672.0,2302.0,True
1540,651.0,2302.0,False
1541,588.0,2302.0,False
1542,723.0,2302.0,False
1543,896.0,2302.0,False
1544,921.0,2302.0,False
1545,609.0,2302.0,True
1546,661.0,2302.0,True
1547,692.0,2302.0,False
1548,868.0,2302.0,True
1549,693.0,2302.0,True
1550,693.0,2302.0,False
1551,798.0,2302.0,True
1552,777.0,2302.0,True
1553,693.0,2302.0,True
1554,714.0,2302.0,True
1555,735.0,2302.0,False
1556,798.0,2302.0,True
1557,819.0,2302.0,True
1558,651.0,2302.0,False
1559,735.0,2302.0,True
1560,735.0,2302.0,True
1561,798.0,2302.0,True
1562,714.0,2302.0,True
1563,672.0,2302.0,True
1564,651.0,2302.0,True
1565,672.0,2302.0,True
1566,504.0,2302.0,False
1567,714.0,2302.0,True
1568,651.0,2302.0,False
1569,651.0,2302.0,True
1570,756.0,2302.0,True
1571,735.0,2302.0,True
1572,714.0,2302.0,True
1573,735.0,2302.0,False
1574,693.0,2302.0,False
1575,693.0,2302.0,False
1576,714.0,2302.0,False
1577,672.0,2302.0,False
1578,693.0,2302.0,False
1579,693.0,2302.0,False
1580,756.0,2302.0,True
1581,714.0,2302.0,False
1582,651.0,2302.0,True
1583,756.0,2302.0,False
1584,630.0,2302.0,False
1585,672.0,2302.0,True
1586,525.0,2302.0,True
1587,651.0,2302.0,False
1588,714.0,2302.0,True
1589,630.0,2302.0,False
1590,693.0,2302.0,False
1591,693.0,2302.0,False
1592,630.0,2302.0,True
1593,672.0,2302.0,False
1594,609.0,2302.0,False
1595,714.0,2302.0,True
1596,777.0,2302.0,True
1597,672.0,2302.0,True
1598,651.0,2302.0,True
1599,777.0,2302.0,True
1600,714.0,2302.0,False
1601,735.0,2302.0,True
1602,735.0,2302.0,False
1603,651.0,2302.0,True
1604,714.0,2302.0,False
1605,420.0,2302.0,False
1606,766.0,2302.0,True
1607,294.0,2302.0,True
1608,378.0,2302.0,True
1609,483.0,2302.0,False
1610,483.0,2302.0,False
1611,483.0,2302.0,False
1612,399.0,2302.0,True
1613,567.0,2302.0,False
1614,378.0,2302.0,False
1615,588.0,2302.0,False
1616,483.0,2302.0,True
1617,336.0,2302.0,True
1618,294.0,2302.0,True
1619,315.0,2302.0,True
1620,357.0,2302.0,True
1621,336.0,2302.0,True
1622,252.0,2302.0,False
1623,441.0,2302.0,True
1624,399.0,2302.0,False
1625,378.0,2302.0,True
1626,546.0,2302.0,True
1627,588.0,2302.0,True
1628,567.0,2302.0,True
1629,378.0,2302.0,True
1630,609.0,2302.0,True
1631,420.0,2302.0,True
1632,504.0,2302.0,True
1633,672.0,2302.0,True
1634,651.0,2302.0,True
1635,630.0,2302.0,True
1636,672.0,2302.0,False
1637,651.0,2302.0,True
1638,588.0,2302.0,False
1639,672.0,2302.0,True
1640,504.0,2302.0,True
1641,483.0,2302.0,False
1642,315.0,2302.0,False
1643,462.0,2302.0,True
1644,693.0,2302.0,False
1645,525.0,2302.0,True
1646,399.0,2302.0,True
1647,525.0,2302.0,False
1648,462.0,2302.0,True
1649,567.0,2302.0,False
1650,399.0,2302.0,False
1651,609.0,2302.0,True
1652,441.0,2302.0,False
1653,546.0,2302.0,False
1654,420.0,2302.0,False
1655,420.0,2302.0,True
1656,483.0,2302.0,True
1657,714.0,2302.0,True
1658,630.0,2302.0,False
1659,399.0,2302.0,False
1660,630.0,2302.0,True
1661,693.0,2302.0,False
1662,651.0,2302.0,False
1663,651.0,2302.0,False
1664,651.0,2302.0,False
1665,588.0,2302.0,False
1666,651.0,2302.0,True
1667,651.0,2302.0,True
1668,672.0,2302.0,True
1669,651.0,2302.0,False
1670,546.0,2302.0,False
1671,672.0,2302.0,True
1672,714.0,2302.0,False
1673,630.0,2302.0,True
1674,672.0,2302.0,True
1675,672.0,2302.0,False
1676,672.0,2302.0,False
1677,651.0,2302.0,False
1678,315.0,2302.0,False
1679,525.0,2302.0,True
1680,672.0,2302.0,False
1681,651.0,2302.0,True
1682,651.0,2302.0,True
1683,651.0,2302.0,False
1684,672.0,2302.0,True
1685,693.0,2302.0,True
1686,630.0,2302.0,True
1687,651.0,2302.0,True
1688,672.0,2302.0,False
1689,651.0,2302.0,False
1690,651.0,2302.0,False
1691,672.0,2302.0,False
1692,630.0,2302.0,False
1693,609.0,2302.0,False
1694,651.0,2302.0,False
1695,399.0,2302.0,True
1696,399.0,2302.0,True
1697,378.0,2302.0,False
1698,525.0,2302.0,True
1699,399.0,2302.0,False
1700,378.0,2302.0,False
1701,315.0,2302.0,True
1702,378.0,2302.0,True
1703,462.0,2302.0,True
1704,399.0,2302.0,False
1705,441.0,2302.0,True
1706,420.0,2302.0,True
1707,399.0,2302.0,False
1708,315.0,2302.0,False
1709,399.0,2302.0,True
1710,588.0,2302.0,True
1711,651.0,2302.0,True
1712,609.0,2302.0,False
1713,609.0,2302.0,True
1714,651.0,2302.0,False
1715,672.0,2302.0,False
1716,651.0,2302.0,True
1717,567.0,2302.0,True
1718,672.0,2302.0,True
1719,672.0,2302.0,False
1720,630.0,2302.0,True
1721,777.0,2302.0,True
1722,777.0,2302.0,False
1723,651.0,2302.0,True
1724,651.0,2302.0,True
1725,609.0,2302.0,False
1726,588.0,2302.0,False
1727,168.0,2302.0,False
1728,672.0,2302.0,True
1729,651.0,2302.0,True
1730,651.0,2302.0,True
1731,630.0,2302.0,False
1732,735.0,2302.0,False
1733,651.0,2302.0,False
1734,630.0,2302.0,True
1735,651.0,2302.0,False
1736,735.0,2302.0,True
1737,672.0,2302.0,True
1738,672.0,2302.0,True
1739,672.0,2302.0,False
1740,672.0,2302.0,True
1741,672.0,2302.0,True
1742,630.0,2302.0,False
1743,714.0,2302.0,False
1744,735.0,2302.0,False
1745,672.0,2302.0,True
1746,609.0,2302.0,True
1747,735.0,2302.0,True
1748,630.0,2302.0,True
1749,420.0,2302.0,True
1750,630.0,2302.0,True
1751,651.0,2302.0,False
1752,462.0,2302.0,True
1753,525.0,2302.0,False
1754,483.0,2302.0,True
1755,588.0,2302.0,True
1756,294.0,2302.0,True
1757,504.0,2302.0,True
1758,525.0,2302.0,True
1759,588.0,2302.0,True
1760,672.0,2302.0,False
1761,336.0,2302.0,True
1762,567.0,2302.0,False
1763,546.0,2302.0,True
1764,546.0,2302.0,False
1765,672.0,2302.0,True
1766,630.0,2302.0,True
1767,651.0,2302.0,False
1768,378.0,2302.0,False
1769,651.0,2302.0,True
1770,483.0,2302.0,True
1771,693.0,2302.0,True
1772,441.0,2302.0,True
1773,525.0,2302.0,True
1774,672.0,2302.0,True
1775,651.0,2302.0,True
1776,672.0,2302.0,True
1777,672.0,2302.0,True
1778,672.0,2302.0,True
1779,714.0,2302.0,True
1780,630.0,2302.0,True
1781,651.0,2302.0,True
1782,630.0,2302.0,False
1783,672.0,2302.0,False
1784,630.0,2302.0,True
1785,672.0,2302.0,True
1786,651.0,2302.0,True
1787,672.0,2302.0,False
1788,630.0,2302.0,True
1789,672.0,2302.0,False
1790,672.0,2302.0,True
1791,735.0,2302.0,False
1792,630.0,2302.0,False
1793,672.0,2302.0,False
1794,693.0,2302.0,False
1795,630.0,2302.0,False
1796,672.0,2302.0,True
1797,651.0,2302.0,False
1798,651.0,2302.0,False
1799,672.0,2302.0,True
1800,672.0,2302.0,True
1801,630.0,2302.0,False
1802,735.0,2302.0,True
1803,693.0,2302.0,False
1804,672.0,2302.0,False
1805,672.0,2302.0,False
1806,651.0,2302.0,False
1807,672.0,2302.0,True
1808,651.0,2302.0,True
1809,483.0,2302.0,True
1810,546.0,2302.0,False
1811,693.0,2302.0,False
1812,693.0,2302.0,True
1813,672.0,2302.0,True
1814,462.0,2302.0,False
1815,483.0,2302.0,False
1816,504.0,2302.0,True
1817,504.0,2302.0,True
1818,525.0,2302.0,True
1819,462.0,2302.0,True
1820,525.0,2302.0,True
1821,483.0,2302.0,True
1822,546.0,2302.0,False
1823,609.0,2302.0,True
1824,651.0,2302.0,True
1825,504.0,2302.0,True
1826,210.0,2302.0,True
1827,252.0,2302.0,True
1828,420.0,2302.0,True
1829,672.0,2302.0,False
1830,546.0,2302.0,True
1831,420.0,2302.0,True
1832,504.0,2302.0,True
1833,462.0,2302.0,True
1834,420.0,2302.0,False
1835,420.0,2302.0,False
1836,462.0,2302.0,True
1837,441.0,2302.0,True
1838,504.0,2302.0,True
1839,441.0,2302.0,False
1840,462.0,2302.0,True
1841,399.0,2302.0,True
1842,609.0,2302.0,True
1843,567.0,2302.0,True
1844,546.0,2302.0,True
1845,483.0,2302.0,False
1846,441.0,2302.0,True
1847,609.0,2302.0,True
1848,588.0,2302.0,False
1849,504.0,2302.0,True
1850,588.0,2302.0,True
1851,441.0,2302.0,True
1852,441.0,2302.0,True
1853,588.0,2302.0,True
1854,588.0,2302.0,True
1855,588.0,2302.0,True
1856,462.0,2302.0,True
1857,483.0,2302.0,True
1858,651.0,2302.0,True
1859,525.0,2302.0,True
1860,525.0,2302.0,False
1861,336.0,2302.0,True
1862,399.0,2302.0,True
1863,630.0,2302.0,False
1864,462.0,2302.0,False
1865,588.0,2302.0,True
1866,651.0,2302.0,True
1867,567.0,2302.0,True
1868,672.0,2302.0,True
1869,630.0,2302.0,True
1870,609.0,2302.0,True
1871,630.0,2302.0,True
1872,651.0,2302.0,True
1873,630.0,2302.0,True
1874,378.0,2302.0,True
1875,420.0,2302.0,True
1876,462.0,2302.0,False
1877,441.0,2302.0,True
1878,525.0,2302.0,False
1879,399.0,2302.0,True
1880,504.0,2302.0,False
1881,525.0,2302.0,True
1882,504.0,2302.0,True
1883,483.0,2302.0,True
1884,525.0,2302.0,True
1885,525.0,2302.0,False
1886,525.0,2302.0,True
1887,504.0,2302.0,True
1888,504.0,2302.0,True
1889,588.0,2302.0,False
1890,420.0,2302.0,True
1891,462.0,2302.0,True
1892,546.0,2302.0,True
1893,462.0,2302.0,True
1894,441.0,2302.0,True
1895,630.0,2302.0,True
1896,504.0,2302.0,True
1897,546.0,2302.0,True
1898,462.0,2302.0,False
1899,441.0,2302.0,True
1900,525.0,2302.0,True
1901,504.0,2302.0,True
1902,462.0,2302.0,True
1903,399.0,2302.0,True
1904,441.0,2302.0,False
1905,441.0,2302.0,True
1906,609.0,2302.0,True
1907,420.0,2302.0,True
1908,399.0,2302.0,True
1909,378.0,2302.0,True
1910,462.0,2302.0,False
1911,525.0,2302.0,True
1912,504.0,2302.0,True
1913,441.0,2302.0,False
1914,420.0,2302.0,True
1915,504.0,2302.0,False
1916,231.0,2302.0,False
1917,462.0,2302.0,True
1918,441.0,2302.0,False
1919,504.0,2302.0,True
1920,504.0,2302.0,True
1921,357.0,2302.0,False
1922,357.0,2302.0,True
1923,504.0,2302.0,True
1924,672.0,2302.0,True
1925,588.0,2302.0,True
1926,525.0,2302.0,False
1927,672.0,2302.0,True
1928,567.0,2302.0,True
1929,483.0,2302.0,True
1930,693.0,2302.0,True
1931,399.0,2302.0,True
1932,504.0,2302.0,True
1933,609.0,2302.0,True
1934,483.0,2302.0,True
1935,546.0,2302.0,True
1936,525.0,2302.0,False
1937,546.0,2302.0,False
1938,609.0,2302.0,True
1939,609.0,2302.0,True
1940,546.0,2302.0,True
1941,483.0,2302.0,True
1942,630.0,2302.0,True
1943,546.0,2302.0,False
1944,567.0,2302.0,True
1945,525.0,2302.0,True
1946,399.0,2302.0,True
1947,189.0,2302.0,True
1948,462.0,2302.0,False
1949,462.0,2302.0,True
1950,315.0,2302.0,False
1951,315.0,2302.0,True
1952,399.0,2302.0,False
1953,378.0,2302.0,False
1954,525.0,2302.0,False
1955,588.0,2302.0,True
1956,441.0,2302.0,True
1957,420.0,2302.0,False
1958,588.0,2302.0,True
1959,441.0,2302.0,True
1960,504.0,2302.0,True
1961,630.0,2302.0,True
1962,1221.0,2302.0,True
1963,525.0,2302.0,True
1964,378.0,2302.0,False
1965,399.0,2302.0,True
1966,504.0,2302.0,False
1967,588.0,2302.0,True
1968,546.0,2302.0,True
1969,462.0,2302.0,True
1970,546.0,2302.0,True
1971,483.0,2302.0,False
1972,462.0,2302.0,True
1973,609.0,2302.0,True
1974,462.0,2302.0,False
1975,546.0,2302.0,False
1976,651.0,2302.0,True
1977,609.0,2302.0,True
1978,504.0,2302.0,True
1979,462.0,2302.0,True
1980,420.0,2302.0,True
1981,546.0,2302.0,True
1982,546.0,2302.0,True
1983,567.0,2302.0,True
1984,399.0,2302.0,False
1985,462.0,2302.0,False
1986,399.0,2302.0,True
1987,357.0,2302.0,True
1988,420.0,2302.0,True
1989,420.0,2302.0,True
1990,420.0,2302.0,True
1991,462.0,2302.0,True
1992,462.0,2302.0,True
1993,651.0,2302.0,True
1994,693.0,2302.0,False
1995,714.0,2302.0,False
1996,651.0,2302.0,False
1997,672.0,2302.0,True
1998,693.0,2302.0,False
1999,693.0,2302.0,True
