0,16.8,21.0,True
1,67.2,126.0,True
2,105.0,231.0,True
3,420.0,525.0,True
4,466.2,714.0,True
5,449.4,714.0,False
6,428.4,714.0,True
7,407.4,714.0,False
8,394.8,714.0,False
9,487.2,714.0,False
10,428.4,714.0,False
11,432.6,714.0,True
12,546.0,714.0,True
13,613.2,714.0,False
14,499.8,714.0,False
15,504.0,714.0,False
16,436.8,714.0,True
17,504.0,714.0,True
18,478.8,714.0,True
19,512.4,714.0,True
20,436.8,714.0,True
21,411.6,714.0,True
22,411.6,714.0,False
23,449.4,714.0,False
24,399.0,714.0,False
25,403.2,714.0,False
26,449.4,714.0,False
27,445.2,714.0,True
28,445.2,714.0,True
29,390.6,714.0,True
30,407.4,714.0,True
31,382.2,714.0,True
32,415.8,714.0,False
33,613.2,714.0,True
34,378.0,714.0,False
35,432.6,714.0,False
36,499.8,714.0,True
37,663.6,714.0,True
38,651.0,714.0,False
39,672.0,735.0,True
40,701.4,819.0,True
41,672.0,819.0,False
42,680.4,819.0,False
43,630.0,819.0,False
44,558.6,819.0,False
45,583.8,819.0,False
46,684.6,819.0,True
47,684.6,819.0,False
48,697.2,819.0,False
49,651.0,819.0,True
50,642.6,819.0,False
51,709.8,819.0,False
52,596.4,819.0,True
53,638.4,819.0,False
54,659.4,819.0,False
55,625.8,819.0,True
56,663.6,819.0,False
57,642.6,819.0,True
58,638.4,819.0,True
59,592.2,819.0,True
60,676.2,819.0,True
61,646.0,819.0,True
62,676.8,846.0,False
63,650.2,846.0,False
64,707.0,917.0,False
65,572.8,917.0,False
66,616.2,917.0,False
67,578.6,917.0,False
68,736.8,917.0,True
69,702.8,917.0,True
70,728.2,978.0,False
71,730.0,978.0,True
72,641.4,978.0,True
73,680.2,978.0,True
74,659.4,978.0,True
75,554.4,978.0,False
76,609.0,978.0,False
77,659.4,978.0,True
78,609.0,978.0,False
79,621.6,978.0,True
80,567.0,978.0,True
81,567.0,978.0,True
82,630.0,978.0,True
83,684.6,978.0,True
84,680.4,978.0,True
85,659.4,978.0,False
86,478.8,978.0,True
87,588.0,978.0,True
88,630.0,978.0,True
89,596.4,978.0,False
90,550.2,978.0,True
91,600.6,978.0,False
92,625.8,978.0,True
93,680.4,978.0,True
94,621.6,978.0,True
95,634.2,978.0,False
96,630.0,978.0,True
97,554.4,978.0,True
98,617.4,978.0,True
99,600.6,978.0,False
100,651.0,978.0,False
101,625.8,978.0,True
102,651.0,978.0,False
103,663.6,978.0,True
104,592.2,978.0,True
105,655.2,978.0,False
106,646.8,978.0,True
107,638.4,978.0,False
108,621.6,978.0,False
109,634.2,978.0,True
110,550.2,978.0,False
111,651.0,978.0,True
112,659.4,978.0,True
113,655.2,978.0,False
114,638.4,978.0,True
115,642.6,978.0,True
116,672.0,978.0,True
117,558.6,978.0,True
118,617.4,978.0,True
119,609.0,978.0,True
120,655.2,978.0,True
121,630.0,978.0,False
122,634.2,978.0,False
123,634.2,978.0,True
124,642.6,978.0,True
125,604.8,978.0,False
126,672.0,978.0,True
127,659.4,978.0,False
128,638.4,978.0,True
129,672.0,978.0,False
130,646.8,978.0,True
131,600.6,978.0,True
132,609.0,978.0,True
133,651.0,978.0,False
134,516.6,978.0,False
135,571.2,978.0,False
136,604.8,978.0,True
137,579.6,978.0,False
138,663.6,978.0,True
139,642.6,978.0,False
140,655.2,978.0,False
141,655.2,978.0,False
142,617.4,978.0,True
143,558.6,978.0,False
144,655.2,978.0,False
145,655.2,978.0,False
146,579.6,978.0,False
147,659.4,978.0,True
148,642.6,978.0,True
149,613.2,978.0,False
150,634.2,978.0,True
151,613.2,978.0,True
152,646.8,978.0,False
153,655.2,978.0,False
154,625.8,978.0,True
155,600.6,978.0,True
156,537.6,978.0,False
157,642.6,978.0,True
158,655.2,978.0,False
159,554.4,978.0,True
160,651.0,978.0,True
161,663.6,978.0,True
162,588.0,978.0,True
163,642.6,978.0,True
164,575.4,978.0,False
165,659.4,978.0,False
166,558.6,978.0,False
167,642.6,978.0,False
168,604.8,978.0,False
169,569.0,978.0,True
170,609.0,978.0,False
171,609.0,978.0,False
172,520.8,978.0,False
173,596.4,978.0,False
174,600.6,978.0,True
175,625.8,978.0,False
176,554.4,978.0,False
177,567.0,978.0,True
178,596.4,978.0,False
179,537.6,978.0,False
180,512.4,978.0,False
181,369.6,978.0,False
182,571.2,978.0,False
183,588.0,978.0,True
184,604.8,978.0,True
185,634.2,978.0,True
186,665.6,978.0,True
187,457.8,978.0,False
188,609.0,978.0,False
189,567.0,978.0,False
190,564.8,978.0,False
191,617.4,978.0,False
192,541.8,978.0,False
193,546.0,978.0,True
194,634.2,978.0,True
195,533.4,978.0,False
196,558.6,978.0,False
197,470.4,978.0,False
198,474.6,978.0,True
199,537.6,978.0,True
200,562.8,978.0,True
201,449.4,978.0,False
202,415.8,978.0,False
203,428.4,978.0,False
204,617.4,978.0,False
205,617.4,978.0,True
206,520.8,978.0,False
207,562.8,978.0,False
208,462.0,978.0,False
209,546.0,978.0,True
210,462.0,978.0,False
211,558.6,978.0,False
212,470.4,978.0,False
213,550.2,978.0,True
214,642.6,978.0,False
215,537.6,978.0,False
216,508.2,978.0,True
217,630.0,978.0,True
218,655.2,978.0,True
219,537.6,978.0,False
220,659.4,978.0,False
221,583.8,978.0,False
222,642.6,978.0,False
223,646.8,978.0,False
224,562.8,978.0,False
225,537.6,978.0,True
226,554.4,978.0,True
227,609.0,978.0,False
228,617.4,978.0,False
229,558.6,978.0,False
230,617.4,978.0,True
231,604.8,978.0,True
232,525.0,978.0,False
233,516.6,978.0,False
234,520.8,978.0,False
235,665.6,978.0,True
236,571.2,978.0,False
237,617.4,978.0,False
238,604.8,978.0,False
239,638.4,978.0,True
240,617.4,978.0,False
241,638.4,978.0,False
242,642.6,978.0,True
243,655.2,978.0,False
244,575.4,978.0,False
245,646.8,978.0,False
246,617.4,978.0,True
247,625.8,978.0,False
248,638.4,978.0,False
249,575.4,978.0,False
250,541.8,978.0,False
251,596.4,978.0,False
252,541.8,978.0,False
253,510.2,978.0,False
254,684.6,978.0,False
255,672.0,978.0,True
256,567.0,978.0,False
257,672.0,978.0,False
258,651.0,978.0,False
259,625.8,978.0,False
260,604.8,978.0,False
261,567.0,978.0,False
262,621.6,978.0,False
263,655.2,978.0,True
264,651.0,978.0,True
265,667.8,978.0,False
266,583.8,978.0,True
267,646.8,978.0,True
268,621.6,978.0,True
269,466.2,978.0,False
270,445.2,978.0,False
271,529.2,978.0,False
272,617.4,978.0,True
273,646.8,978.0,True
274,621.6,978.0,False
275,516.6,978.0,False
276,609.0,978.0,False
277,634.2,978.0,False
278,642.6,978.0,False
279,646.8,978.0,False
280,625.8,978.0,False
281,667.8,978.0,False
282,491.4,978.0,False
283,642.6,978.0,False
284,613.2,978.0,False
285,625.8,978.0,False
286,613.2,978.0,True
287,638.4,978.0,True
288,499.8,978.0,False
289,596.4,978.0,True
290,592.2,978.0,False
291,604.8,978.0,False
292,600.6,978.0,False
293,659.4,978.0,False
294,621.6,978.0,False
295,567.0,978.0,True
296,579.6,978.0,False
297,663.6,978.0,False
298,609.0,978.0,False
299,667.8,978.0,False
300,642.6,978.0,True
301,613.2,978.0,False
302,613.2,978.0,False
303,550.2,978.0,False
304,621.6,978.0,True
305,619.4,978.0,False
306,625.8,978.0,False
307,613.2,978.0,False
308,632.0,978.0,False
309,638.4,978.0,False
310,651.0,978.0,False
311,638.4,978.0,True
312,567.0,978.0,True
313,642.6,978.0,False
314,604.8,978.0,False
315,579.6,978.0,True
316,474.6,978.0,False
317,491.4,978.0,False
318,508.2,978.0,False
319,648.8,978.0,True
320,558.6,978.0,True
321,558.6,978.0,True
322,550.2,978.0,False
323,508.2,978.0,False
324,382.2,978.0,True
325,449.4,978.0,False
326,348.6,978.0,False
327,415.8,978.0,False
328,487.2,978.0,True
329,495.6,978.0,True
330,621.6,978.0,True
331,483.0,978.0,False
332,512.4,978.0,False
333,541.8,978.0,True
334,546.0,978.0,True
335,445.2,978.0,False
336,604.8,978.0,False
337,504.0,978.0,False
338,495.6,978.0,True
339,386.4,978.0,False
340,361.2,978.0,False
341,436.8,978.0,False
342,394.8,978.0,False
343,508.2,978.0,False
344,403.2,978.0,True
345,428.4,978.0,True
346,373.8,978.0,False
347,407.4,978.0,False
348,449.4,978.0,True
349,415.8,978.0,True
350,499.8,978.0,False
351,487.2,978.0,True
352,357.0,978.0,False
353,420.0,978.0,True
354,411.6,978.0,False
355,361.2,978.0,False
356,399.0,978.0,True
357,411.6,978.0,False
358,445.2,978.0,True
359,466.2,978.0,True
360,428.4,978.0,True
361,336.0,978.0,False
362,415.8,978.0,True
363,285.6,978.0,False
364,478.8,978.0,False
365,357.0,978.0,False
366,411.6,978.0,True
367,546.0,978.0,True
368,394.8,978.0,False
369,474.6,978.0,False
370,504.0,978.0,True
371,491.4,978.0,True
372,382.2,978.0,False
373,474.6,978.0,True
374,445.2,978.0,False
375,478.8,978.0,True
376,462.0,978.0,True
377,382.2,978.0,False
378,487.2,978.0,True
379,470.4,978.0,True
380,403.2,978.0,False
381,474.6,978.0,True
382,369.6,978.0,True
383,462.0,978.0,True
384,495.6,978.0,True
385,592.2,978.0,True
386,592.2,978.0,False
387,609.0,978.0,True
388,537.6,978.0,True
389,516.6,978.0,False
390,499.8,978.0,False
391,491.4,978.0,False
392,613.2,978.0,False
393,491.4,978.0,True
394,512.4,978.0,True
395,478.8,978.0,False
396,583.8,978.0,False
397,508.2,978.0,False
398,554.4,978.0,True
399,575.4,978.0,False
400,504.0,978.0,False
401,529.2,978.0,True
402,483.0,978.0,True
403,449.4,978.0,True
404,449.4,978.0,True
405,449.4,978.0,True
406,499.8,978.0,True
407,386.4,978.0,True
408,386.4,978.0,False
409,512.4,978.0,True
410,613.2,978.0,False
411,600.6,978.0,False
412,604.8,978.0,False
413,567.0,978.0,False
414,638.4,978.0,False
415,541.8,978.0,True
416,546.0,978.0,True
417,613.2,978.0,False
418,550.2,978.0,False
419,579.6,978.0,True
420,655.2,978.0,False
421,688.8,978.0,False
422,583.8,978.0,False
423,600.6,978.0,False
424,630.0,978.0,True
425,642.6,978.0,False
426,613.2,978.0,True
427,609.0,978.0,False
428,655.2,978.0,False
429,659.4,978.0,True
430,609.0,978.0,True
431,592.2,978.0,False
432,562.8,978.0,False
433,651.0,978.0,False
434,609.0,978.0,False
435,609.0,978.0,True
436,676.2,978.0,False
437,630.0,978.0,False
438,600.6,978.0,False
439,663.6,978.0,False
440,659.4,978.0,True
441,558.6,978.0,True
442,659.4,978.0,True
443,646.8,978.0,True
444,583.8,978.0,False
445,579.6,978.0,False
446,638.4,978.0,True
447,604.8,978.0,False
448,646.8,978.0,False
449,659.4,978.0,False
450,663.6,978.0,False
451,625.8,978.0,False
452,583.8,978.0,False
453,659.4,978.0,False
454,575.4,978.0,False
455,634.2,978.0,False
456,655.2,978.0,True
457,634.2,978.0,False
458,651.0,978.0,False
459,638.4,978.0,False
460,613.2,978.0,True
461,525.0,978.0,True
462,600.6,978.0,True
463,609.0,978.0,True
464,520.8,978.0,False
465,642.6,978.0,False
466,646.8,978.0,False
467,676.2,978.0,True
468,625.8,978.0,True
469,646.8,978.0,False
470,588.0,978.0,False
471,579.6,978.0,True
472,630.0,978.0,False
473,617.4,978.0,True
474,609.0,978.0,True
475,604.8,978.0,True
476,617.4,978.0,True
477,613.2,978.0,True
478,529.2,978.0,False
479,571.2,978.0,True
480,504.0,978.0,True
481,537.6,978.0,False
482,491.4,978.0,True
483,562.8,978.0,True
484,625.8,978.0,True
485,663.6,978.0,False
486,697.2,978.0,False
487,646.8,978.0,True
488,693.0,978.0,True
489,684.6,978.0,False
490,655.2,978.0,True
491,596.4,978.0,True
492,684.6,978.0,True
493,667.8,978.0,True
494,672.0,978.0,False
495,672.0,978.0,True
496,655.2,978.0,False
497,588.0,978.0,True
498,646.8,978.0,False
499,682.4,978.0,True
500,688.8,978.0,True
501,697.2,978.0,False
502,693.0,978.0,False
503,667.8,978.0,False
504,655.2,978.0,True
505,682.4,978.0,True
506,680.4,978.0,False
507,663.6,978.0,True
508,709.6,978.0,False
509,617.4,978.0,False
510,713.8,978.0,True
511,613.2,978.0,False
512,657.2,978.0,False
513,653.0,978.0,False
514,634.2,978.0,False
515,594.2,978.0,True
516,575.4,978.0,False
517,558.6,978.0,False
518,546.0,978.0,False
519,701.4,978.0,True
520,621.6,978.0,False
521,596.4,978.0,True
522,676.2,978.0,False
523,672.0,978.0,True
524,646.8,978.0,False
525,710.4,978.0,True
526,620.0,978.0,False
527,884.4,1728.0,True
528,727.2,1728.0,False
529,678.8,1728.0,False
530,869.2,1728.0,False
531,867.8,1728.0,False
532,732.4,1728.0,False
533,867.2,1728.0,False
534,756.2,1728.0,True
535,776.4,1728.0,True
536,750.6,1728.0,True
537,768.2,1728.0,False
538,719.4,1728.0,False
539,802.8,1728.0,False
540,777.0,1728.0,False
541,849.4,1728.0,True
542,685.8,1728.0,True
543,1057.8,2470.0,False
544,749.8,2470.0,True
545,1280.6,2768.0,True
546,1122.4,2768.0,True
547,969.4,2768.0,True
548,1074.8,2768.0,True
549,721.2,2768.0,True
550,558.6,2768.0,True
551,659.4,2768.0,True
552,680.4,2768.0,True
553,651.0,2768.0,True
554,651.0,2768.0,False
555,742.8,2768.0,True
556,841.0,2768.0,False
557,934.6,2768.0,True
558,791.6,2768.0,False
559,721.8,2768.0,False
560,646.8,2768.0,True
561,761.2,2768.0,False
562,1135.6,2768.0,False
563,867.0,2768.0,True
564,1094.4,2768.0,False
565,883.6,2768.0,True
566,1550.4,2768.0,False
567,891.0,2768.0,True
568,694.8,2768.0,True
569,726.2,2768.0,False
570,945.2,2768.0,False
571,810.6,2768.0,False
572,1139.0,2768.0,True
573,768.0,2768.0,True
574,667.8,2768.0,True
575,728.2,2768.0,True
576,724.0,2768.0,False
577,1033.2,2768.0,True
578,1009.2,2768.0,False
579,726.8,2768.0,True
580,1084.4,2768.0,True
581,813.6,2768.0,False
582,750.8,2768.0,True
583,830.6,2768.0,False
584,636.2,2768.0,False
585,885.0,2768.0,False
586,734.4,2768.0,False
587,1145.0,2768.0,True
588,816.0,2768.0,False
589,830.6,2768.0,True
590,919.6,2768.0,False
591,940.2,2768.0,True
592,723.8,2768.0,False
593,650.6,2768.0,False
594,686.6,2768.0,False
595,677.8,2768.0,False
596,692.6,2768.0,True
597,690.4,2768.0,False
598,690.6,2768.0,False
599,713.6,2768.0,False
600,729.0,2768.0,True
601,631.0,2768.0,True
602,702.6,2768.0,True
603,631.6,2768.0,False
604,617.4,2768.0,True
605,688.8,2768.0,True
606,663.6,2768.0,False
607,663.6,2768.0,True
608,667.8,2768.0,True
609,609.0,2768.0,False
610,655.2,2768.0,True
611,714.0,2768.0,True
612,651.0,2768.0,True
613,672.0,2768.0,False
614,693.0,2768.0,False
615,676.2,2768.0,True
616,697.2,2768.0,False
617,676.2,2768.0,False
618,701.4,2768.0,False
619,672.0,2768.0,False
620,680.4,2768.0,True
621,663.6,2768.0,False
622,697.2,2768.0,True
623,701.4,2768.0,True
624,680.4,2768.0,True
625,680.4,2768.0,True
626,680.4,2768.0,False
627,705.6,2768.0,True
628,722.4,2768.0,True
629,676.2,2768.0,True
630,701.4,2768.0,True
631,672.0,2768.0,True
632,688.8,2768.0,True
633,693.0,2768.0,True
634,663.6,2768.0,True
635,676.2,2768.0,True
636,714.0,2768.0,False
637,667.8,2768.0,False
638,676.2,2768.0,False
639,676.2,2768.0,False
640,693.0,2768.0,False
641,815.4,2768.0,True
642,1101.0,2768.0,True
643,988.6,2768.0,True
644,938.0,2768.0,True
645,854.2,2768.0,False
646,829.4,2768.0,False
647,869.0,2768.0,True
648,864.8,2768.0,False
649,1044.8,2768.0,False
650,1167.2,2768.0,False
651,1000.4,2768.0,True
652,827.0,2768.0,False
653,972.2,2768.0,False
654,832.2,2768.0,False
655,983.6,2768.0,True
656,824.4,2768.0,True
657,879.2,2768.0,False
658,1025.0,2768.0,False
659,1055.2,2768.0,True
660,887.2,2768.0,True
661,941.0,2768.0,False
662,1011.0,2768.0,False
663,970.2,2768.0,False
664,858.4,2768.0,False
665,898.2,2768.0,False
666,1256.8,2768.0,False
667,1149.8,2768.0,False
668,1018.0,2768.0,False
669,834.2,2768.0,True
670,909.6,2768.0,False
671,984.4,2768.0,False
672,885.0,2768.0,False
673,1106.0,2768.0,False
674,1244.0,2768.0,True
675,1012.2,2768.0,True
676,1151.0,2768.0,True
677,1070.0,2768.0,False
678,1322.8,2768.0,True
679,1060.8,2768.0,True
680,1377.2,2768.0,False
681,1146.2,2768.0,False
682,1328.0,2768.0,True
683,1060.4,2768.0,True
684,1367.0,2768.0,False
685,917.6,2768.0,True
686,1157.4,2768.0,False
687,1137.2,2768.0,False
688,1070.0,2768.0,False
689,975.8,2768.0,False
690,1293.4,2768.0,True
691,1152.6,2768.0,False
692,978.0,2768.0,True
693,1278.8,2768.0,False
694,1267.8,2768.0,True
695,1059.2,2768.0,False
696,1078.4,2768.0,True
697,1328.4,2768.0,True
698,1308.8,2768.0,True
699,1481.4,2768.0,False
700,772.2,2768.0,False
701,1362.4,2768.0,False
702,1228.2,2768.0,False
703,1186.6,2768.0,True
704,1301.2,2768.0,False
705,1086.6,2768.0,False
706,1153.2,2768.0,False
707,850.0,2768.0,False
708,1009.4,2768.0,False
709,1422.2,2768.0,False
710,1568.8,2768.0,True
711,1870.6,2768.0,True
712,1900.8,2768.0,False
713,1619.0,2768.0,False
714,1609.0,2768.0,False
715,1785.6,2768.0,False
716,1663.4,2768.0,False
717,1792.6,2768.0,False
718,1926.8,2768.0,True
719,1785.2,2768.0,False
720,1815.0,2768.0,True
721,1882.4,2768.0,True
722,1894.8,2768.0,False
723,1512.0,2768.0,False
724,1941.2,2768.0,True
725,1872.6,2768.0,True
726,1937.4,2768.0,True
727,1723.8,2768.0,False
728,1904.0,2768.0,False
729,1816.8,2768.0,True
730,2005.6,2768.0,False
731,1943.4,2768.0,True
732,1829.0,2768.0,False
733,1632.6,2768.0,False
734,1851.8,2768.0,False
735,1575.0,2768.0,False
736,2048.2,2768.0,False
737,1749.0,2768.0,True
738,1918.4,2768.0,False
739,1954.2,2768.0,False
740,1736.6,2768.0,False
741,2034.0,2768.0,False
742,1757.0,2768.0,False
743,1921.8,2768.0,False
744,1838.6,2768.0,False
745,1925.6,2768.0,False
746,1841.8,2768.0,True
747,1896.8,2768.0,False
748,1927.2,2768.0,True
749,1976.6,2768.0,False
750,1941.2,2768.0,True
751,1854.6,2768.0,False
752,1750.6,2768.0,False
753,1780.8,2768.0,False
754,2174.4,2768.0,False
755,1948.4,2768.0,False
756,1631.0,2768.0,False
757,1597.2,2768.0,False
758,1628.4,2768.0,True
759,1880.0,2768.0,True
760,1807.0,2768.0,True
761,1709.8,2768.0,True
762,1532.4,2768.0,False
763,1924.4,2768.0,True
764,1873.6,2768.0,False
765,1617.0,2768.0,False
766,1515.4,2768.0,False
767,1959.2,2768.0,True
768,1999.6,2768.0,False
769,1728.0,2768.0,False
770,1515.8,2768.0,False
771,1554.2,2768.0,False
772,1783.8,2768.0,False
773,1727.8,2768.0,False
774,1359.0,2768.0,False
775,1578.6,2768.0,False
776,1832.6,2768.0,True
777,1587.8,2768.0,False
778,1808.2,2768.0,False
779,1544.0,2768.0,False
780,1980.4,2768.0,True
781,1796.0,2768.0,False
782,1861.0,2768.0,True
783,1699.0,2768.0,False
784,1764.0,2768.0,False
785,1614.2,2768.0,False
786,1505.6,2768.0,False
787,1854.8,2768.0,False
788,1579.4,2768.0,False
789,1384.4,2768.0,False
790,1724.2,2768.0,True
791,1956.8,2768.0,True
792,1684.4,2768.0,True
793,2063.8,2768.0,True
794,1634.0,2768.0,False
795,1586.4,2768.0,False
796,1907.8,2768.0,True
797,1791.8,2768.0,False
798,1754.4,2768.0,False
799,1809.6,2768.0,False
800,1608.6,2768.0,False
801,1980.0,2768.0,True
802,1753.8,2768.0,True
803,1847.2,2768.0,False
804,1506.8,2768.0,False
805,1904.2,2768.0,False
806,1903.8,2768.0,True
807,1732.6,2768.0,False
808,1912.4,2768.0,False
809,1823.6,2768.0,True
810,1914.8,2768.0,False
811,1694.0,2768.0,True
812,1850.2,2768.0,False
813,1968.0,2768.0,False
814,1521.8,2768.0,False
815,1915.2,2768.0,False
816,1960.6,2768.0,True
817,1981.6,2768.0,False
818,1922.4,2768.0,False
819,1985.6,2768.0,True
820,1691.2,2768.0,False
821,1748.8,2768.0,True
822,1746.2,2768.0,False
823,1680.0,2768.0,False
824,1826.0,2768.0,False
825,1808.6,2768.0,False
826,1924.8,2768.0,True
827,1801.4,2768.0,True
828,1799.6,2768.0,True
829,1812.0,2768.0,False
830,2085.4,2768.0,False
831,1569.4,2768.0,False
832,1950.2,2768.0,True
833,2002.2,2768.0,True
834,1907.0,2768.0,False
835,1871.0,2768.0,False
836,1944.6,2768.0,True
837,1946.2,2768.0,True
838,1935.0,2768.0,False
839,1413.4,2768.0,False
840,1965.4,2768.0,False
841,1527.4,2768.0,False
842,1514.0,2768.0,False
843,1888.4,2768.0,False
844,1807.2,2768.0,True
845,1846.2,2768.0,False
846,1708.4,2768.0,False
847,2038.6,2768.0,True
848,1746.8,2768.0,True
849,1690.4,2768.0,True
850,2280.6,2768.0,True
851,1602.8,2768.0,True
852,1631.4,2768.0,False
853,1739.0,2768.0,False
854,1837.6,2768.0,True
855,2069.4,2768.0,False
856,1828.2,2768.0,True
857,2032.0,2768.0,False
858,2274.8,2768.0,True
859,2164.6,2768.0,False
860,1596.4,2768.0,True
861,2013.8,2768.0,True
862,1795.8,2768.0,False
863,1883.4,2768.0,False
864,1863.8,2768.0,False
865,1950.2,2768.0,True
866,2110.6,2768.0,False
867,1947.6,2768.0,False
868,2192.0,2768.0,False
869,2237.8,2768.0,True
870,1619.4,2768.0,False
871,1552.8,2768.0,False
872,1987.6,2784.0,True
873,1466.6,2784.0,False
874,1698.2,2784.0,True
875,1529.8,2784.0,False
876,1603.4,2784.0,False
877,1979.4,2784.0,True
878,2068.0,2995.0,True
879,1760.6,2995.0,False
880,1627.8,2995.0,False
881,1851.4,2995.0,False
882,2067.4,2995.0,True
883,1556.2,2995.0,True
884,1610.4,2995.0,True
885,1964.2,2995.0,False
886,1472.8,2995.0,False
887,1179.8,2995.0,False
888,2289.4,2995.0,True
889,1369.8,2995.0,True
890,1439.8,2995.0,True
891,2036.0,2995.0,False
892,1940.8,2995.0,True
893,1501.2,2995.0,False
894,1569.8,2995.0,True
895,1776.2,2995.0,False
896,1316.4,2995.0,False
897,821.6,2995.0,False
898,1658.0,2995.0,False
899,1471.8,2995.0,False
900,1563.4,2995.0,False
901,1570.2,2995.0,False
902,1852.2,2995.0,True
903,1739.2,2995.0,True
904,1734.6,2995.0,True
905,1957.4,2995.0,True
906,2064.2,3075.0,True
907,1608.8,3075.0,False
908,1626.0,3075.0,False
909,1598.4,3075.0,False
910,1403.4,3075.0,False
911,1857.0,3075.0,True
912,1445.0,3075.0,False
913,1726.8,3075.0,False
914,1629.8,3075.0,False
915,2058.4,3075.0,False
916,1943.6,3075.0,True
917,1973.8,3075.0,True
918,1813.0,3075.0,True
919,2013.0,3075.0,False
920,1708.6,3075.0,True
921,1812.2,3075.0,False
922,1765.4,3075.0,False
923,1719.2,3075.0,False
924,2069.8,3075.0,False
925,2025.0,3075.0,True
926,1780.8,3075.0,False
927,1757.6,3075.0,False
928,1776.6,3075.0,False
929,1727.2,3075.0,False
930,1812.8,3075.0,True
931,1804.2,3075.0,False
932,1855.2,3075.0,True
933,1620.8,3075.0,False
934,1901.4,3075.0,False
935,1913.8,3075.0,True
936,1771.6,3075.0,False
937,2278.4,3075.0,False
938,1989.6,3075.0,True
939,2035.6,3075.0,False
940,1976.4,3075.0,True
941,2083.2,3075.0,True
942,2122.8,3075.0,True
943,1731.2,3075.0,True
944,1835.0,3075.0,False
945,1924.6,3075.0,False
946,1576.0,3075.0,False
947,1253.4,3075.0,False
948,1695.2,3075.0,False
949,1907.2,3075.0,False
950,2002.4,3075.0,True
951,1763.0,3075.0,False
952,1941.4,3075.0,True
953,1570.8,3075.0,False
954,1633.0,3075.0,False
955,1964.4,3075.0,False
956,1696.6,3075.0,False
957,1879.4,3075.0,False
958,2028.8,3075.0,True
959,1965.2,3075.0,True
960,1962.6,3075.0,False
961,1805.8,3075.0,True
962,1955.6,3075.0,False
963,2028.2,3075.0,True
964,1734.4,3075.0,False
965,2110.4,3075.0,True
966,1743.4,3075.0,True
967,1962.6,3075.0,True
968,1999.4,3075.0,True
969,1624.8,3075.0,False
970,1786.8,3075.0,False
971,2106.2,3075.0,True
972,2171.4,3075.0,False
973,1823.8,3075.0,False
974,2187.4,3075.0,True
975,1846.4,3075.0,True
976,1830.2,3075.0,True
977,1448.8,3075.0,False
978,1704.0,3075.0,False
979,1470.0,3075.0,False
980,1436.0,3075.0,True
981,2035.2,3075.0,True
982,1605.0,3075.0,False
983,1570.0,3075.0,True
984,1746.2,3075.0,True
985,1638.0,3075.0,True
986,1214.6,3075.0,True
987,1687.8,3075.0,False
988,1721.2,3075.0,False
989,1562.8,3075.0,False
990,1328.8,3075.0,False
991,955.8,3075.0,False
992,2031.2,3075.0,True
993,1898.6,3075.0,True
994,1889.0,3075.0,True
995,1837.8,3075.0,True
996,1666.8,3075.0,False
997,1847.0,3075.0,False
998,1738.8,3075.0,False
999,1688.6,3075.0,True
1000,1745.4,3075.0,False
1001,1921.8,3075.0,True
1002,1506.8,3075.0,False
1003,1772.0,3075.0,True
1004,1996.6,3075.0,False
1005,1657.4,3075.0,True
1006,1384.2,3075.0,False
1007,1394.6,3075.0,False
1008,1225.4,3075.0,False
1009,1764.4,3075.0,False
1010,963.8,3075.0,False
1011,1214.2,3075.0,False
1012,1023.6,3075.0,False
1013,1386.0,3075.0,False
1014,1238.6,3075.0,False
1015,1258.8,3075.0,True
1016,1269.2,3075.0,False
1017,1043.2,3075.0,True
1018,1211.0,3075.0,True
1019,1231.0,3075.0,False
1020,1284.4,3075.0,True
1021,1564.2,3075.0,True
1022,1135.0,3075.0,True
1023,929.8,3075.0,False
1024,1127.8,3075.0,False
1025,1176.8,3075.0,True
1026,686.0,3075.0,False
1027,894.8,3075.0,False
1028,770.4,3075.0,False
1029,1096.8,3075.0,False
1030,1565.0,3075.0,True
1031,1344.4,3075.0,True
1032,979.0,3075.0,True
1033,1087.0,3075.0,True
1034,915.2,3075.0,True
1035,1585.4,3075.0,True
1036,1352.8,3075.0,True
1037,981.6,3075.0,False
1038,1017.2,3075.0,False
1039,1053.0,3075.0,False
1040,1510.6,3075.0,True
1041,1271.8,3075.0,True
1042,1089.0,3075.0,False
1043,1159.4,3075.0,False
1044,1455.6,3075.0,False
1045,1593.8,3075.0,True
1046,1233.0,3075.0,False
1047,1147.0,3075.0,False
1048,2088.2,3075.0,True
1049,1635.8,3075.0,False
1050,1494.0,3075.0,True
1051,1249.2,3075.0,False
1052,1245.4,3075.0,False
1053,1562.8,3075.0,True
1054,1445.2,3075.0,False
1055,1904.2,3075.0,True
1056,1834.6,3075.0,False
1057,1976.6,3075.0,True
1058,1314.4,3075.0,False
1059,1896.2,3075.0,False
1060,1876.4,3075.0,True
1061,1792.0,3075.0,True
1062,1867.6,3075.0,False
1063,1680.0,3075.0,False
1064,1993.8,3075.0,True
1065,1971.6,3075.0,False
1066,1799.4,3075.0,False
1067,1699.0,3075.0,False
1068,1711.0,3075.0,False
1069,1844.2,3075.0,False
1070,1726.0,3075.0,True
1071,1390.8,3075.0,False
1072,871.2,3075.0,False
1073,1339.4,3075.0,False
1074,1331.0,3075.0,True
1075,1404.8,3075.0,False
1076,1339.4,3075.0,True
1077,1023.0,3075.0,False
1078,1341.8,3075.0,False
1079,1117.0,3075.0,True
1080,1215.2,3075.0,False
1081,1459.8,3075.0,True
1082,1075.8,3075.0,False
1083,1094.0,3075.0,True
1084,1181.2,3075.0,True
1085,1206.2,3075.0,False
1086,1456.6,3075.0,True
1087,1247.4,3075.0,False
1088,861.4,3075.0,True
1089,1223.4,3075.0,True
1090,1264.2,3075.0,True
1091,1665.2,3075.0,True
1092,995.6,3075.0,True
1093,978.4,3075.0,False
1094,1392.0,3075.0,True
1095,1512.2,3075.0,True
1096,1464.2,3075.0,True
1097,1225.0,3075.0,True
1098,1417.2,3075.0,True
1099,1270.6,3075.0,True
1100,952.8,3075.0,False
1101,1373.4,3075.0,True
1102,1434.0,3075.0,True
1103,1329.4,3075.0,True
1104,1546.6,3075.0,True
1105,1412.8,3075.0,True
1106,935.8,3075.0,False
1107,1295.4,3075.0,False
1108,1266.6,3075.0,False
1109,1364.6,3075.0,False
1110,1351.0,3075.0,True
1111,1150.0,3075.0,True
1112,1191.4,3075.0,True
1113,1414.6,3075.0,False
1114,1409.6,3075.0,True
1115,1430.6,3075.0,True
1116,1358.2,3075.0,True
1117,1066.0,3075.0,False
1118,1275.8,3075.0,False
1119,1429.6,3075.0,False
1120,1302.6,3075.0,True
1121,1284.4,3075.0,True
1122,1383.0,3075.0,True
1123,1521.8,3075.0,True
1124,1434.2,3075.0,False
1125,1561.8,3075.0,True
1126,1327.4,3075.0,True
1127,1670.2,3075.0,True
1128,1330.0,3075.0,True
1129,1211.2,3075.0,True
1130,1068.2,3075.0,True
1131,803.6,3075.0,False
1132,969.4,3075.0,False
1133,1246.8,3075.0,True
1134,891.8,3075.0,False
1135,1101.0,3075.0,True
1136,1243.2,3075.0,False
1137,792.2,3075.0,True
1138,1104.0,3075.0,True
1139,1274.0,3075.0,True
1140,1133.4,3075.0,False
1141,791.2,3075.0,False
1142,1251.8,3075.0,True
1143,1308.4,3075.0,False
1144,1472.8,3075.0,True
1145,1246.2,3075.0,True
1146,1130.4,3075.0,True
1147,1312.4,3075.0,True
1148,1542.8,3075.0,False
1149,1387.4,3075.0,True
1150,1345.2,3075.0,True
1151,1296.8,3075.0,True
1152,1675.6,3075.0,False
1153,1232.0,3075.0,True
1154,973.2,3075.0,True
1155,1277.0,3075.0,True
1156,1137.6,3075.0,True
1157,1171.4,3075.0,True
1158,1298.6,3075.0,True
1159,1366.8,3075.0,False
1160,1030.6,3075.0,False
1161,1061.2,3075.0,False
1162,1211.4,3075.0,False
1163,1245.4,3075.0,False
1164,1355.2,3075.0,True
1165,908.2,3075.0,True
1166,924.8,3075.0,False
1167,818.6,3075.0,False
1168,876.8,3075.0,False
1169,1209.8,3075.0,True
1170,1302.4,3075.0,True
1171,1214.2,3075.0,True
1172,1355.6,3075.0,False
1173,1457.6,3075.0,False
1174,1083.8,3075.0,True
1175,1169.2,3075.0,False
1176,1048.8,3075.0,False
1177,892.4,3075.0,False
1178,946.4,3075.0,False
1179,1279.0,3075.0,False
1180,1229.2,3075.0,False
1181,992.4,3075.0,True
1182,1234.2,3075.0,False
1183,1026.2,3075.0,True
1184,1157.0,3075.0,True
1185,1280.6,3075.0,True
1186,1478.2,3075.0,True
1187,1411.2,3075.0,True
1188,1223.6,3075.0,False
1189,1160.2,3075.0,False
1190,1038.2,3075.0,False
1191,1319.0,3075.0,True
1192,1340.6,3075.0,True
1193,1289.0,3075.0,False
1194,1437.8,3075.0,True
1195,987.0,3075.0,False
1196,1220.4,3075.0,False
1197,1203.6,3075.0,False
1198,1082.4,3075.0,True
1199,1276.6,3075.0,False
1200,1337.4,3075.0,True
1201,1204.0,3075.0,False
1202,1242.4,3075.0,False
1203,1137.0,3075.0,False
1204,1293.6,3075.0,True
1205,1144.8,3075.0,False
1206,1121.4,3075.0,False
1207,1407.0,3075.0,True
1208,1432.2,3075.0,True
1209,1694.0,3075.0,True
1210,1398.6,3075.0,False
1211,1122.2,3075.0,True
1212,1297.2,3075.0,True
1213,920.8,3075.0,False
1214,1526.0,3075.0,True
1215,1109.0,3075.0,True
1216,1366.4,3075.0,True
1217,1117.4,3075.0,True
1218,1218.4,3075.0,False
1219,1300.6,3075.0,False
1220,916.6,3075.0,False
1221,815.6,3075.0,False
1222,1165.8,3075.0,False
1223,1085.4,3075.0,True
1224,1666.2,3075.0,True
1225,1640.0,3075.0,True
1226,992.0,3075.0,False
1227,1026.2,3075.0,True
1228,923.4,3075.0,False
1229,1422.4,3075.0,True
1230,1508.8,3075.0,False
1231,1225.0,3075.0,False
1232,1307.4,3075.0,True
1233,1197.2,3075.0,False
1234,1260.6,3075.0,True
1235,1066.4,3075.0,True
1236,1048.0,3075.0,True
1237,1366.4,3075.0,True
1238,1400.4,3075.0,True
1239,1157.4,3075.0,False
1240,1188.0,3075.0,True
1241,1221.6,3075.0,True
1242,1225.8,3075.0,True
1243,1392.2,3075.0,True
1244,1224.8,3075.0,True
1245,932.6,3075.0,True
1246,1574.2,3075.0,False
1247,1337.4,3075.0,True
1248,1070.8,3075.0,False
1249,1087.2,3075.0,False
1250,1138.0,3075.0,True
1251,1672.8,3075.0,True
1252,895.0,3075.0,False
1253,1432.2,3075.0,True
1254,1006.0,3075.0,True
1255,1138.4,3075.0,False
1256,1373.8,3075.0,True
1257,1010.2,3075.0,False
1258,1217.2,3075.0,False
1259,1143.8,3075.0,False
1260,1316.6,3075.0,True
1261,1189.2,3075.0,True
1262,1102.0,3075.0,True
1263,1242.2,3075.0,False
1264,1183.0,3075.0,False
1265,1418.0,3075.0,False
1266,1057.0,3075.0,True
1267,1207.4,3075.0,True
1268,1180.8,3075.0,True
1269,1207.8,3075.0,False
1270,1406.0,3075.0,False
1271,952.6,3075.0,False
1272,1043.4,3075.0,True
1273,1189.2,3075.0,False
1274,999.0,3075.0,False
1275,1051.2,3075.0,False
1276,1085.4,3075.0,True
1277,938.2,3075.0,True
1278,1430.2,3075.0,True
1279,1040.4,3075.0,True
1280,1078.8,3075.0,False
1281,1159.4,3075.0,True
1282,1032.2,3075.0,True
1283,1078.4,3075.0,False
1284,1007.6,3075.0,False
1285,957.2,3075.0,True
1286,1303.8,3075.0,False
1287,1371.2,3075.0,True
1288,1071.8,3075.0,True
1289,1891.0,3075.0,True
1290,1345.4,3075.0,True
1291,1376.8,3075.0,True
1292,1125.8,3075.0,True
1293,1431.8,3075.0,False
1294,1156.6,3075.0,False
1295,1101.8,3075.0,False
1296,1117.6,3075.0,True
1297,1071.0,3075.0,False
1298,1107.4,3075.0,False
1299,1110.4,3075.0,True
1300,1148.0,3075.0,False
1301,1416.6,3075.0,True
1302,1316.2,3075.0,True
1303,974.6,3075.0,False
1304,1282.8,3075.0,False
1305,1415.0,3075.0,False
1306,799.2,3075.0,False
1307,1036.8,3075.0,True
1308,1013.4,3075.0,True
1309,988.6,3075.0,False
1310,850.2,3075.0,False
1311,727.4,3075.0,False
1312,677.2,3075.0,False
1313,928.2,3075.0,False
1314,643.6,3075.0,False
1315,507.8,3075.0,False
1316,508.2,3075.0,True
1317,491.4,3075.0,False
1318,650.8,3075.0,True
1319,610.6,3075.0,True
1320,592.2,3075.0,False
1321,512.2,3075.0,False
1322,495.6,3075.0,False
1323,583.6,3075.0,False
1324,789.0,3075.0,True
1325,605.2,3075.0,False
1326,625.6,3075.0,True
1327,696.6,3075.0,True
1328,559.2,3075.0,True
1329,509.8,3075.0,True
1330,769.0,3075.0,True
1331,822.8,3075.0,True
1332,514.4,3075.0,False
1333,819.2,3075.0,True
1334,736.2,3075.0,True
1335,657.0,3075.0,True
1336,781.6,3075.0,False
1337,753.0,3075.0,True
1338,686.2,3075.0,True
1339,710.8,3075.0,False
1340,638.4,3075.0,True
1341,546.2,3075.0,False
1342,875.8,3075.0,True
1343,656.2,3075.0,False
1344,563.0,3075.0,True
1345,374.4,3075.0,False
1346,540.2,3075.0,False
1347,882.6,3075.0,False
1348,489.2,3075.0,True
1349,773.8,3075.0,True
1350,603.4,3075.0,False
1351,596.8,3075.0,False
1352,665.2,3075.0,True
1353,689.8,3075.0,True
1354,512.2,3075.0,False
1355,548.8,3075.0,False
1356,533.2,3075.0,False
1357,586.8,3075.0,True
1358,697.2,3075.0,True
1359,646.8,3075.0,True
1360,667.8,3075.0,True
1361,672.0,3075.0,True
1362,676.2,3075.0,True
1363,676.2,3075.0,True
1364,693.0,3075.0,True
1365,667.8,3075.0,False
1366,697.2,3075.0,False
1367,676.2,3075.0,True
1368,693.0,3075.0,False
1369,680.4,3075.0,True
1370,680.4,3075.0,False
1371,709.8,3075.0,True
1372,667.8,3075.0,False
1373,693.0,3075.0,True
1374,684.6,3075.0,True
1375,680.4,3075.0,False
1376,701.4,3075.0,False
1377,676.2,3075.0,True
1378,630.0,3075.0,True
1379,697.2,3075.0,True
1380,684.6,3075.0,True
1381,684.6,3075.0,False
1382,663.6,3075.0,False
1383,680.4,3075.0,True
1384,701.4,3075.0,False
1385,697.2,3075.0,False
1386,672.0,3075.0,False
1387,672.0,3075.0,False
1388,676.2,3075.0,False
1389,697.2,3075.0,True
1390,676.2,3075.0,False
1391,697.2,3075.0,False
1392,684.6,3075.0,False
1393,680.4,3075.0,True
1394,697.2,3075.0,False
1395,688.8,3075.0,True
1396,688.8,3075.0,False
1397,701.4,3075.0,True
1398,680.4,3075.0,False
1399,684.6,3075.0,True
1400,697.2,3075.0,False
1401,680.4,3075.0,True
1402,672.0,3075.0,False
1403,680.4,3075.0,True
1404,672.0,3075.0,False
1405,705.6,3075.0,True
1406,680.4,3075.0,True
1407,667.8,3075.0,True
1408,714.0,3075.0,True
1409,663.6,3075.0,True
1410,688.8,3075.0,False
1411,705.6,3075.0,False
1412,688.8,3075.0,False
1413,676.2,3075.0,False
1414,701.4,3075.0,True
1415,672.0,3075.0,True
1416,667.8,3075.0,False
1417,701.4,3075.0,False
1418,667.8,3075.0,False
1419,672.0,3075.0,True
1420,701.4,3075.0,True
1421,701.4,3075.0,True
1422,688.8,3075.0,True
1423,705.6,3075.0,False
1424,684.6,3075.0,False
1425,672.0,3075.0,False
1426,680.4,3075.0,False
1427,701.4,3075.0,False
1428,697.2,3075.0,False
1429,663.6,3075.0,False
1430,680.4,3075.0,True
1431,680.4,3075.0,False
1432,667.8,3075.0,False
1433,697.2,3075.0,True
1434,684.6,3075.0,True
1435,659.4,3075.0,False
1436,676.2,3075.0,False
1437,684.6,3075.0,True
1438,684.6,3075.0,True
1439,676.2,3075.0,True
1440,663.6,3075.0,False
1441,672.0,3075.0,False
1442,680.4,3075.0,True
1443,680.4,3075.0,True
1444,680.4,3075.0,True
1445,680.4,3075.0,True
1446,676.2,3075.0,True
1447,680.4,3075.0,True
1448,693.0,3075.0,True
1449,651.0,3075.0,False
1450,688.8,3075.0,True
1451,663.6,3075.0,False
1452,726.6,3075.0,True
1453,697.2,3075.0,True
1454,676.2,3075.0,True
1455,659.4,3075.0,False
1456,663.6,3075.0,False
1457,672.0,3075.0,True
1458,697.2,3075.0,True
1459,663.6,3075.0,True
1460,684.6,3075.0,False
1461,693.0,3075.0,True
1462,726.6,3075.0,False
1463,672.0,3075.0,False
1464,697.2,3075.0,True
1465,684.6,3075.0,True
1466,659.4,3075.0,False
1467,684.6,3075.0,False
1468,676.2,3075.0,False
1469,667.8,3075.0,False
1470,684.6,3075.0,True
1471,676.2,3075.0,True
1472,667.8,3075.0,True
1473,709.8,3075.0,False
1474,684.6,3075.0,False
1475,684.6,3075.0,True
1476,663.6,3075.0,True
1477,676.2,3075.0,False
1478,680.4,3075.0,True
1479,676.2,3075.0,False
1480,672.0,3075.0,False
1481,680.4,3075.0,True
1482,655.2,3075.0,False
1483,680.4,3075.0,True
1484,672.0,3075.0,True
1485,701.4,3075.0,True
1486,592.2,3075.0,False
1487,680.4,3075.0,True
1488,676.2,3075.0,False
1489,676.2,3075.0,True
1490,684.6,3075.0,True
1491,667.8,3075.0,False
1492,676.2,3075.0,True
1493,693.0,3075.0,True
1494,667.8,3075.0,False
1495,676.2,3075.0,True
1496,672.0,3075.0,False
1497,676.2,3075.0,True
1498,663.6,3075.0,True
1499,680.4,3075.0,True
1500,676.2,3075.0,True
1501,646.8,3075.0,True
1502,693.0,3075.0,False
1503,680.4,3075.0,True
1504,680.4,3075.0,True
1505,684.6,3075.0,False
1506,684.6,3075.0,True
1507,672.0,3075.0,True
1508,714.0,3075.0,True
1509,688.8,3075.0,True
1510,680.4,3075.0,True
1511,697.2,3075.0,True
1512,663.6,3075.0,True
1513,680.4,3075.0,True
1514,630.0,3075.0,True
1515,533.4,3075.0,True
1516,583.8,3075.0,False
1517,592.2,3075.0,True
1518,621.6,3075.0,True
1519,672.0,3075.0,True
1520,672.0,3075.0,True
1521,688.8,3075.0,False
1522,684.6,3075.0,True
1523,651.0,3075.0,True
1524,697.2,3075.0,True
1525,688.8,3075.0,True
1526,676.2,3075.0,True
1527,667.8,3075.0,False
1528,663.6,3075.0,False
1529,663.6,3075.0,True
1530,659.4,3075.0,True
1531,684.6,3075.0,False
1532,663.6,3075.0,True
1533,663.6,3075.0,True
1534,604.8,3075.0,False
1535,655.2,3075.0,False
1536,697.2,3075.0,False
1537,651.0,3075.0,True
1538,693.0,3075.0,False
1539,705.6,3075.0,False
1540,659.4,3075.0,True
1541,676.2,3075.0,False
1542,672.0,3075.0,True
1543,676.2,3075.0,True
1544,676.2,3075.0,True
1545,659.4,3075.0,True
1546,663.6,3075.0,False
1547,684.6,3075.0,False
1548,655.2,3075.0,True
1549,667.8,3075.0,True
1550,583.8,3075.0,True
1551,575.4,3075.0,False
1552,562.8,3075.0,True
1553,655.2,3075.0,True
1554,617.4,3075.0,True
1555,567.0,3075.0,False
1556,663.6,3075.0,False
1557,676.2,3075.0,True
1558,663.6,3075.0,True
1559,688.8,3075.0,True
1560,688.8,3075.0,True
1561,651.0,3075.0,True
1562,625.8,3075.0,True
1563,693.0,3075.0,False
1564,667.8,3075.0,False
1565,592.2,3075.0,False
1566,688.8,3075.0,True
1567,655.2,3075.0,True
1568,680.4,3075.0,True
1569,676.2,3075.0,False
1570,684.6,3075.0,False
1571,717.4,3075.0,True
1572,955.4,3075.0,True
1573,1292.2,3075.0,True
1574,869.6,3075.0,True
1575,1011.2,3075.0,False
1576,881.2,3075.0,False
1577,1196.8,3075.0,True
1578,935.8,3075.0,True
1579,1194.8,3075.0,False
1580,1051.4,3075.0,False
1581,983.6,3075.0,True
1582,857.2,3075.0,True
1583,1367.0,3075.0,True
1584,1154.0,3075.0,True
1585,1014.0,3075.0,True
1586,890.4,3075.0,False
1587,1337.0,3075.0,False
1588,977.2,3075.0,True
1589,1099.0,3075.0,True
1590,845.4,3075.0,False
1591,1211.4,3075.0,True
1592,1116.6,3075.0,True
1593,986.0,3075.0,True
1594,873.6,3075.0,False
1595,839.6,3075.0,False
1596,1026.6,3075.0,False
1597,705.6,3075.0,False
1598,1016.2,3075.0,False
1599,1076.8,3075.0,False
1600,909.0,3075.0,False
1601,994.2,3075.0,True
1602,926.4,3075.0,True
1603,887.6,3075.0,True
1604,626.2,3075.0,True
1605,600.4,3075.0,False
1606,549.4,3075.0,False
1607,635.4,3075.0,True
1608,564.6,3075.0,False
1609,545.4,3075.0,False
1610,522.8,3075.0,False
1611,633.6,3075.0,False
1612,572.4,3075.0,True
1613,528.6,3075.0,False
1614,680.8,3075.0,True
1615,579.0,3075.0,False
1616,652.0,3075.0,False
1617,664.8,3075.0,False
1618,495.4,3075.0,False
1619,738.0,3075.0,True
1620,916.8,3075.0,False
1621,819.8,3075.0,True
1622,687.0,3075.0,True
1623,835.8,3075.0,False
1624,555.8,3075.0,False
1625,869.2,3075.0,True
1626,716.2,3075.0,False
1627,881.6,3075.0,False
1628,705.2,3075.0,False
1629,798.2,3075.0,True
1630,623.6,3075.0,True
1631,682.4,3075.0,False
1632,727.2,3075.0,True
1633,748.8,3075.0,False
1634,757.2,3075.0,False
1635,520.0,3075.0,False
1636,603.6,3075.0,False
1637,715.0,3075.0,False
1638,612.8,3075.0,False
1639,770.0,3075.0,False
1640,707.0,3075.0,True
1641,829.0,3075.0,True
1642,703.6,3075.0,False
1643,867.4,3075.0,False
1644,731.0,3075.0,False
1645,601.2,3075.0,True
1646,830.0,3075.0,True
1647,825.6,3075.0,True
1648,839.0,3075.0,False
1649,650.6,3075.0,True
1650,845.6,3075.0,False
1651,650.8,3075.0,False
1652,843.4,3075.0,False
1653,751.2,3075.0,True
1654,943.2,3075.0,False
1655,783.0,3075.0,False
1656,755.4,3075.0,True
1657,674.2,3075.0,False
1658,675.8,3075.0,False
1659,741.6,3075.0,False
1660,563.6,3075.0,False
1661,827.0,3075.0,True
1662,694.0,3075.0,False
1663,703.0,3075.0,False
1664,744.8,3075.0,True
1665,796.4,3075.0,False
1666,670.2,3075.0,False
1667,761.6,3075.0,True
1668,767.4,3075.0,True
1669,656.4,3075.0,False
1670,730.8,3075.0,False
1671,645.8,3075.0,False
1672,660.8,3075.0,True
1673,811.2,3075.0,True
1674,647.6,3075.0,False
1675,791.6,3075.0,True
1676,755.0,3075.0,True
1677,905.4,3075.0,True
1678,869.2,3075.0,True
1679,658.6,3075.0,True
1680,486.8,3075.0,False
1681,667.0,3075.0,True
1682,608.8,3075.0,False
1683,669.6,3075.0,False
1684,606.6,3075.0,True
1685,630.6,3075.0,False
1686,632.8,3075.0,False
1687,472.2,3075.0,True
1688,528.6,3075.0,False
1689,517.2,3075.0,False
1690,634.8,3075.0,False
1691,599.0,3075.0,False
1692,564.4,3075.0,True
1693,591.8,3075.0,False
1694,662.4,3075.0,False
1695,712.4,3075.0,True
1696,564.0,3075.0,False
1697,480.8,3075.0,True
1698,565.8,3075.0,False
1699,491.2,3075.0,False
1700,528.6,3075.0,True
1701,672.0,3075.0,True
1702,634.2,3075.0,False
1703,579.6,3075.0,True
1704,648.8,3075.0,True
1705,662.8,3075.0,False
1706,659.0,3075.0,True
1707,667.2,3075.0,True
1708,606.4,3075.0,False
1709,621.6,3075.0,False
1710,651.0,3075.0,False
1711,687.4,3075.0,True
1712,638.4,3075.0,True
1713,508.0,3075.0,True
1714,693.0,3075.0,True
1715,604.8,3075.0,False
1716,606.8,3075.0,True
1717,672.0,3075.0,True
1718,551.8,3075.0,False
1719,602.4,3075.0,False
1720,609.0,3075.0,True
1721,588.0,3075.0,False
1722,554.4,3075.0,False
1723,596.4,3075.0,False
1724,630.0,3075.0,False
1725,651.0,3075.0,False
1726,571.2,3075.0,True
1727,638.4,3075.0,False
1728,659.4,3075.0,False
1729,625.8,3075.0,True
1730,646.8,3075.0,False
1731,562.8,3075.0,False
1732,655.2,3075.0,False
1733,659.4,3075.0,False
1734,646.8,3075.0,True
1735,592.2,3075.0,False
1736,594.2,3075.0,True
1737,659.4,3075.0,True
1738,600.6,3075.0,False
1739,592.2,3075.0,False
1740,592.2,3075.0,True
1741,646.8,3075.0,False
1742,609.0,3075.0,False
1743,659.4,3075.0,False
1744,596.4,3075.0,True
1745,537.6,3075.0,False
1746,625.8,3075.0,True
1747,655.2,3075.0,False
1748,663.6,3075.0,False
1749,617.4,3075.0,True
1750,667.8,3075.0,True
1751,567.0,3075.0,True
1752,562.8,3075.0,True
1753,630.0,3075.0,True
1754,617.4,3075.0,False
1755,655.2,3075.0,False
1756,562.8,3075.0,False
1757,596.4,3075.0,True
1758,684.6,3075.0,False
1759,567.0,3075.0,False
1760,638.4,3075.0,True
1761,609.0,3075.0,True
1762,665.6,3075.0,True
1763,657.2,3075.0,True
1764,541.8,3075.0,False
1765,558.6,3075.0,True
1766,558.6,3075.0,False
1767,634.2,3075.0,False
1768,642.6,3075.0,False
1769,634.2,3075.0,False
1770,592.2,3075.0,False
1771,604.8,3075.0,False
1772,590.0,3075.0,True
1773,657.2,3075.0,True
1774,583.8,3075.0,False
1775,575.4,3075.0,True
1776,630.0,3075.0,True
1777,651.0,3075.0,True
1778,655.2,3075.0,True
1779,638.4,3075.0,True
1780,655.2,3075.0,True
1781,592.2,3075.0,True
1782,642.6,3075.0,True
1783,613.2,3075.0,True
1784,571.2,3075.0,False
1785,630.0,3075.0,True
1786,659.4,3075.0,False
1787,663.6,3075.0,True
1788,604.8,3075.0,False
1789,646.8,3075.0,False
1790,667.8,3075.0,False
1791,672.0,3075.0,True
1792,604.8,3075.0,False
1793,672.0,3075.0,True
1794,596.4,3075.0,False
1795,646.8,3075.0,False
1796,634.2,3075.0,False
1797,651.0,3075.0,True
1798,613.2,3075.0,False
1799,575.4,3075.0,True
1800,646.8,3075.0,True
1801,630.0,3075.0,True
1802,651.0,3075.0,False
1803,583.8,3075.0,True
1804,617.4,3075.0,True
1805,672.0,3075.0,True
1806,630.0,3075.0,True
1807,604.8,3075.0,False
1808,646.8,3075.0,True
1809,663.6,3075.0,True
1810,625.8,3075.0,False
1811,617.4,3075.0,False
1812,630.0,3075.0,False
1813,655.2,3075.0,True
1814,659.4,3075.0,False
1815,617.4,3075.0,True
1816,596.4,3075.0,True
1817,634.2,3075.0,False
1818,642.6,3075.0,False
1819,596.4,3075.0,False
1820,625.8,3075.0,False
1821,625.8,3075.0,False
1822,667.8,3075.0,False
1823,667.8,3075.0,True
1824,667.8,3075.0,True
1825,655.2,3075.0,True
1826,575.4,3075.0,True
1827,655.2,3075.0,True
1828,625.8,3075.0,False
1829,600.6,3075.0,False
1830,663.6,3075.0,True
1831,663.6,3075.0,True
1832,680.4,3075.0,False
1833,663.6,3075.0,False
1834,596.4,3075.0,False
1835,667.8,3075.0,True
1836,600.6,3075.0,True
1837,651.0,3075.0,True
1838,541.8,3075.0,False
1839,588.0,3075.0,True
1840,579.6,3075.0,False
1841,672.0,3075.0,True
1842,604.8,3075.0,False
1843,550.2,3075.0,True
1844,525.0,3075.0,False
1845,533.4,3075.0,False
1846,600.6,3075.0,False
1847,659.4,3075.0,False
1848,676.2,3075.0,False
1849,596.4,3075.0,True
1850,655.2,3075.0,True
1851,609.0,3075.0,True
1852,596.4,3075.0,True
1853,638.4,3075.0,False
1854,676.2,3075.0,False
1855,613.2,3075.0,True
1856,558.6,3075.0,False
1857,667.8,3075.0,False
1858,562.8,3075.0,True
1859,550.2,3075.0,True
1860,642.6,3075.0,True
1861,588.0,3075.0,True
1862,596.4,3075.0,False
1863,667.8,3075.0,False
1864,609.0,3075.0,False
1865,651.0,3075.0,True
1866,546.0,3075.0,False
1867,638.4,3075.0,False
1868,592.2,3075.0,False
1869,583.8,3075.0,False
1870,554.4,3075.0,True
1871,630.0,3075.0,True
1872,541.8,3075.0,True
1873,588.0,3075.0,False
1874,541.8,3075.0,False
1875,646.8,3075.0,False
1876,525.0,3075.0,False
1877,357.0,3075.0,False
1878,491.4,3075.0,True
1879,508.2,3075.0,True
1880,537.6,3075.0,True
1881,613.2,3075.0,True
1882,558.6,3075.0,False
1883,592.2,3075.0,False
1884,533.4,3075.0,True
1885,546.0,3075.0,False
1886,617.4,3075.0,False
1887,634.2,3075.0,True
1888,621.6,3075.0,True
1889,588.0,3075.0,False
1890,474.6,3075.0,True
1891,449.4,3075.0,True
1892,428.4,3075.0,False
1893,411.6,3075.0,False
1894,495.6,3075.0,True
1895,462.0,3075.0,True
1896,630.0,3075.0,True
1897,630.0,3075.0,False
1898,630.0,3075.0,False
1899,630.0,3075.0,False
1900,617.4,3075.0,False
1901,634.2,3075.0,True
1902,630.0,3075.0,True
1903,630.0,3075.0,False
1904,541.8,3075.0,False
1905,630.0,3075.0,False
1906,630.0,3075.0,True
1907,634.2,3075.0,False
1908,630.0,3075.0,False
1909,634.2,3075.0,True
1910,630.0,3075.0,True
1911,579.6,3075.0,True
1912,600.6,3075.0,True
1913,453.6,3075.0,True
1914,453.6,3075.0,True
1915,525.0,3075.0,False
1916,390.6,3075.0,False
1917,411.6,3075.0,True
1918,390.6,3075.0,True
1919,441.0,3075.0,True
1920,373.8,3075.0,True
1921,424.2,3075.0,False
1922,487.2,3075.0,True
1923,399.0,3075.0,False
1924,462.0,3075.0,True
1925,415.8,3075.0,True
1926,474.6,3075.0,True
1927,441.0,3075.0,False
1928,445.2,3075.0,False
1929,470.4,3075.0,True
1930,403.2,3075.0,True
1931,411.6,3075.0,True
1932,449.4,3075.0,True
1933,424.2,3075.0,False
1934,499.8,3075.0,True
1935,378.0,3075.0,True
1936,436.8,3075.0,True
1937,445.2,3075.0,False
1938,453.6,3075.0,False
1939,315.0,3075.0,False
1940,529.2,3075.0,False
1941,390.6,3075.0,False
1942,457.8,3075.0,True
1943,428.4,3075.0,False
1944,449.4,3075.0,True
1945,428.4,3075.0,False
1946,453.6,3075.0,True
1947,428.4,3075.0,False
1948,457.8,3075.0,True
1949,399.0,3075.0,True
1950,365.4,3075.0,False
1951,487.2,3075.0,True
1952,428.4,3075.0,True
1953,466.2,3075.0,False
1954,508.2,3075.0,False
1955,449.4,3075.0,True
1956,441.0,3075.0,True
1957,365.4,3075.0,False
1958,466.2,3075.0,True
1959,491.4,3075.0,True
1960,378.0,3075.0,False
1961,445.2,3075.0,True
1962,445.2,3075.0,False
1963,474.6,3075.0,True
1964,441.0,3075.0,True
1965,394.8,3075.0,True
1966,445.2,3075.0,False
1967,462.0,3075.0,False
1968,403.2,3075.0,True
1969,445.2,3075.0,False
1970,403.2,3075.0,True
1971,504.0,3075.0,True
1972,436.8,3075.0,False
1973,445.2,3075.0,True
1974,390.6,3075.0,True
1975,432.6,3075.0,True
1976,365.4,3075.0,True
1977,512.4,3075.0,False
1978,407.4,3075.0,True
1979,449.4,3075.0,True
1980,411.6,3075.0,True
1981,449.4,3075.0,True
1982,487.2,3075.0,True
1983,394.8,3075.0,True
1984,411.6,3075.0,True
1985,441.0,3075.0,True
1986,474.6,3075.0,False
1987,445.2,3075.0,True
1988,466.2,3075.0,False
1989,403.2,3075.0,True
1990,449.4,3075.0,False
1991,411.6,3075.0,True
1992,436.8,3075.0,False
1993,462.0,3075.0,False
1994,453.6,3075.0,False
1995,457.8,3075.0,False
1996,411.6,3075.0,False
1997,457.8,3075.0,True
1998,436.8,3075.0,True
1999,399.0,3075.0,True
