0,445.2,609.0,True
1,432.6,609.0,True
2,474.6,609.0,True
3,441.0,609.0,False
4,466.2,609.0,False
5,445.2,609.0,False
6,466.2,609.0,True
7,436.8,609.0,True
8,466.2,609.0,True
9,466.2,609.0,True
10,394.8,609.0,False
11,352.8,609.0,True
12,386.4,651.0,True
13,470.4,672.0,True
14,428.4,672.0,True
15,520.8,693.0,False
16,474.6,735.0,True
17,424.2,735.0,True
18,462.0,735.0,False
19,474.6,735.0,False
20,403.2,735.0,False
21,399.0,735.0,False
22,432.6,735.0,True
23,474.6,735.0,True
24,457.8,735.0,True
25,457.8,735.0,True
26,403.2,735.0,False
27,428.4,735.0,False
28,453.6,735.0,True
29,432.6,735.0,True
30,361.2,735.0,True
31,583.8,819.0,True
32,550.2,819.0,False
33,424.2,819.0,True
34,478.8,819.0,False
35,432.6,819.0,True
36,449.4,819.0,True
37,512.4,819.0,True
38,499.8,819.0,False
39,424.2,819.0,False
40,462.0,819.0,False
41,466.2,819.0,True
42,474.6,819.0,True
43,554.4,819.0,True
44,428.4,819.0,True
45,478.8,819.0,False
46,462.0,819.0,False
47,432.6,819.0,True
48,436.8,819.0,True
49,378.0,819.0,True
50,466.2,819.0,False
51,420.0,819.0,True
52,390.6,819.0,False
53,390.6,819.0,True
54,415.8,819.0,False
55,495.6,819.0,True
56,491.4,819.0,True
57,445.2,819.0,True
58,411.6,819.0,True
59,445.2,819.0,True
60,449.4,819.0,True
61,483.0,819.0,True
62,390.6,819.0,True
63,449.4,819.0,False
64,499.8,819.0,False
65,445.2,819.0,True
66,386.4,819.0,True
67,453.6,819.0,True
68,441.0,819.0,True
69,420.0,819.0,False
70,411.6,819.0,True
71,415.8,819.0,False
72,365.4,819.0,True
73,470.4,819.0,True
74,495.6,819.0,True
75,373.8,819.0,True
76,462.0,819.0,True
77,495.6,819.0,True
78,415.8,819.0,True
79,411.6,819.0,True
80,390.6,819.0,True
81,407.4,819.0,True
82,365.4,819.0,False
83,357.0,819.0,False
84,315.0,819.0,False
85,352.8,819.0,True
86,340.2,819.0,True
87,369.6,819.0,True
88,378.0,819.0,False
89,407.4,819.0,False
90,449.4,819.0,True
91,470.4,819.0,True
92,394.8,819.0,True
93,394.8,819.0,False
94,441.0,819.0,True
95,432.6,819.0,True
96,411.6,819.0,True
97,462.0,819.0,False
98,365.4,819.0,True
99,386.4,819.0,True
100,428.4,819.0,False
101,478.8,819.0,True
102,424.2,819.0,True
103,466.2,819.0,True
104,394.8,819.0,True
105,499.8,819.0,True
106,390.6,819.0,True
107,504.0,819.0,True
108,441.0,819.0,True
109,483.0,819.0,True
110,445.2,819.0,True
111,466.2,819.0,True
112,415.8,819.0,True
113,474.6,819.0,True
114,445.2,819.0,False
115,453.6,819.0,False
116,571.2,819.0,True
117,474.6,819.0,False
118,441.0,819.0,True
119,436.8,819.0,True
120,453.6,819.0,False
121,512.4,819.0,True
122,327.6,819.0,False
123,449.4,819.0,True
124,453.6,819.0,True
125,512.4,819.0,True
126,407.4,819.0,True
127,386.4,819.0,True
128,445.2,819.0,True
129,499.8,819.0,False
130,457.8,819.0,False
131,478.8,819.0,True
132,441.0,819.0,True
133,428.4,819.0,False
134,483.0,819.0,False
135,457.8,819.0,True
136,457.8,819.0,True
137,420.0,819.0,False
138,449.4,819.0,False
139,415.8,819.0,False
140,436.8,819.0,True
141,462.0,819.0,False
142,529.2,819.0,True
143,441.0,819.0,True
144,424.2,819.0,True
145,487.2,819.0,True
146,394.8,819.0,True
147,407.4,819.0,True
148,445.2,819.0,False
149,424.2,819.0,False
150,470.4,819.0,False
151,445.2,819.0,False
152,403.2,819.0,False
153,445.2,819.0,True
154,424.2,819.0,False
155,432.6,819.0,False
156,399.0,819.0,False
157,499.8,819.0,True
158,441.0,819.0,True
159,445.2,819.0,False
160,453.6,819.0,True
161,407.4,819.0,False
162,432.6,819.0,False
163,386.4,819.0,True
164,462.0,819.0,False
165,470.4,819.0,True
166,390.6,819.0,True
167,415.8,819.0,False
168,441.0,819.0,False
169,470.4,819.0,True
170,466.2,819.0,True
171,407.4,819.0,True
172,483.0,819.0,True
173,478.8,819.0,True
174,449.4,819.0,True
175,432.6,819.0,True
176,407.4,819.0,False
177,432.6,819.0,True
178,462.0,819.0,True
179,630.0,819.0,True
180,504.0,819.0,True
181,470.4,819.0,True
182,445.2,819.0,False
183,483.0,819.0,True
184,462.0,819.0,False
185,466.2,819.0,True
186,483.0,819.0,False
187,445.2,819.0,True
188,449.4,819.0,True
189,474.6,819.0,False
190,462.0,819.0,False
191,516.6,819.0,False
192,415.8,819.0,True
193,424.2,819.0,False
194,457.8,819.0,True
195,420.0,819.0,False
196,420.0,819.0,True
197,453.6,819.0,False
198,441.0,819.0,False
199,474.6,819.0,True
200,411.6,819.0,True
201,462.0,819.0,True
202,449.4,819.0,True
203,382.2,819.0,True
204,436.8,819.0,True
205,516.6,819.0,True
206,424.2,819.0,True
207,504.0,819.0,True
208,428.4,819.0,True
209,474.6,819.0,True
210,441.0,819.0,True
211,491.4,819.0,True
212,457.8,819.0,False
213,449.4,819.0,False
214,478.8,819.0,False
215,457.8,819.0,True
216,474.6,819.0,False
217,466.2,819.0,True
218,449.4,819.0,False
219,512.4,819.0,True
220,487.2,819.0,False
221,466.2,819.0,True
222,491.4,819.0,True
223,449.4,819.0,True
224,445.2,819.0,False
225,457.8,819.0,True
226,462.0,819.0,True
227,420.0,819.0,False
228,424.2,819.0,False
229,457.8,819.0,True
230,483.0,819.0,False
231,495.6,819.0,True
232,512.4,819.0,False
233,495.6,819.0,True
234,445.2,819.0,True
235,407.4,819.0,False
236,462.0,819.0,True
237,495.6,819.0,True
238,487.2,819.0,True
239,533.4,819.0,True
240,436.8,819.0,True
241,415.8,819.0,True
242,403.2,819.0,False
243,462.0,819.0,True
244,453.6,819.0,True
245,436.8,819.0,True
246,533.4,819.0,False
247,474.6,819.0,True
248,432.6,819.0,False
249,554.4,819.0,True
250,562.8,819.0,False
251,512.4,819.0,False
252,609.0,819.0,True
253,428.4,819.0,False
254,630.0,819.0,True
255,541.8,819.0,False
256,571.2,819.0,True
257,533.4,819.0,True
258,512.4,819.0,True
259,520.8,819.0,True
260,457.8,819.0,False
261,462.0,819.0,False
262,613.2,819.0,True
263,567.0,819.0,False
264,504.0,819.0,False
265,525.0,819.0,True
266,588.0,819.0,False
267,546.0,819.0,False
268,436.8,819.0,True
269,424.2,819.0,False
270,504.0,819.0,False
271,550.2,819.0,False
272,520.8,819.0,False
273,525.0,819.0,True
274,529.2,819.0,False
275,550.2,819.0,False
276,546.0,819.0,True
277,562.8,819.0,True
278,604.8,819.0,False
279,554.4,819.0,True
280,529.2,819.0,False
281,550.2,819.0,True
282,567.0,819.0,True
283,533.4,819.0,True
284,579.6,819.0,True
285,529.2,819.0,False
286,474.6,819.0,True
287,445.2,819.0,False
288,491.4,819.0,True
289,462.0,819.0,False
290,575.4,819.0,True
291,495.6,819.0,True
292,512.4,819.0,True
293,436.8,819.0,True
294,478.8,819.0,True
295,520.8,819.0,True
296,537.6,819.0,True
297,554.4,819.0,True
298,462.0,819.0,True
299,499.8,819.0,True
300,516.6,819.0,False
301,491.4,819.0,False
302,571.2,819.0,True
303,625.8,819.0,False
304,575.4,819.0,False
305,462.0,819.0,False
306,520.8,819.0,False
307,504.0,819.0,True
308,537.6,819.0,False
309,583.8,819.0,False
310,546.0,819.0,False
311,483.0,819.0,True
312,520.8,819.0,True
313,617.4,819.0,True
314,642.6,819.0,False
315,642.6,819.0,True
316,646.8,819.0,True
317,596.4,819.0,False
318,592.2,819.0,True
319,659.4,819.0,False
320,583.8,819.0,True
321,630.0,819.0,False
322,600.6,819.0,True
323,672.0,819.0,True
324,491.4,819.0,True
325,495.6,819.0,True
326,483.0,819.0,True
327,466.2,819.0,True
328,428.4,819.0,True
329,596.4,819.0,True
330,579.6,819.0,False
331,588.0,819.0,False
332,621.6,819.0,False
333,642.6,819.0,False
334,562.8,819.0,False
335,613.2,819.0,False
336,600.6,819.0,True
337,651.0,819.0,True
338,575.4,819.0,False
339,609.0,819.0,False
340,613.2,819.0,True
341,592.2,819.0,True
342,638.4,819.0,True
343,600.6,819.0,True
344,655.2,819.0,True
345,575.4,819.0,True
346,630.0,819.0,True
347,655.2,819.0,False
348,642.6,819.0,True
349,621.6,819.0,False
350,630.0,819.0,False
351,651.0,819.0,False
352,558.6,819.0,True
353,428.4,819.0,False
354,583.8,819.0,True
355,571.2,819.0,False
356,403.2,819.0,False
357,453.6,819.0,False
358,453.6,819.0,False
359,466.2,819.0,False
360,596.4,819.0,False
361,588.0,819.0,False
362,470.4,819.0,False
363,550.2,819.0,True
364,411.6,819.0,False
365,420.0,819.0,False
366,520.8,819.0,True
367,453.6,819.0,False
368,470.4,819.0,True
369,575.4,819.0,False
370,541.8,819.0,True
371,403.2,819.0,False
372,487.2,819.0,True
373,516.6,819.0,True
374,499.8,819.0,True
375,546.0,819.0,False
376,525.0,819.0,True
377,390.6,819.0,False
378,378.0,819.0,False
379,445.2,819.0,False
380,529.2,819.0,True
381,415.8,819.0,False
382,575.4,819.0,True
383,554.4,819.0,True
384,445.2,819.0,False
385,594.2,819.0,False
386,537.6,819.0,False
387,533.4,819.0,False
388,422.0,819.0,False
389,520.8,819.0,True
390,453.6,819.0,False
391,386.4,819.0,False
392,483.0,819.0,False
393,583.8,819.0,False
394,478.8,819.0,False
395,512.4,819.0,True
396,531.2,819.0,False
397,596.4,819.0,True
398,554.4,819.0,False
399,533.4,819.0,False
0,344.4,441.0,True
1,340.2,441.0,True
2,319.2,441.0,False
3,424.2,609.0,True
4,415.8,609.0,True
5,378.0,609.0,True
6,394.8,609.0,True
7,399.0,609.0,False
8,428.4,609.0,True
9,394.8,609.0,True
10,449.4,609.0,True
11,457.8,609.0,True
12,436.8,609.0,True
13,399.0,609.0,True
14,474.6,609.0,True
15,382.2,672.0,True
16,390.6,672.0,True
17,445.2,672.0,True
18,428.4,672.0,True
19,491.4,672.0,True
20,357.0,672.0,True
21,487.2,672.0,False
22,466.2,672.0,True
23,483.0,672.0,True
24,457.8,672.0,True
25,478.8,672.0,True
26,462.0,672.0,True
27,495.6,672.0,True
28,478.8,672.0,False
29,474.6,672.0,False
30,487.2,672.0,True
31,445.2,672.0,False
32,453.6,672.0,False
33,478.8,672.0,True
34,445.2,672.0,True
35,499.8,672.0,True
36,512.4,672.0,True
37,449.4,672.0,True
38,457.8,672.0,True
39,432.6,672.0,True
40,470.4,672.0,True
41,457.8,672.0,False
42,558.6,714.0,True
43,592.2,714.0,False
44,588.0,743.0,False
45,613.2,743.0,True
46,604.8,777.0,True
47,630.0,777.0,True
48,634.2,777.0,False
49,638.4,777.0,True
50,630.0,777.0,False
51,655.2,777.0,True
52,659.4,777.0,False
53,651.0,777.0,True
54,667.8,777.0,True
55,684.6,777.0,True
56,667.8,819.0,False
57,617.4,819.0,False
58,617.4,819.0,True
59,621.6,819.0,False
60,613.2,819.0,False
61,655.2,819.0,True
62,621.6,819.0,False
63,613.2,819.0,False
64,667.8,819.0,False
65,596.4,819.0,False
66,554.4,819.0,False
67,663.6,819.0,False
68,667.8,819.0,True
69,600.6,819.0,False
70,646.8,819.0,True
71,646.8,819.0,True
72,672.0,819.0,True
73,663.6,819.0,False
74,693.0,819.0,False
75,634.2,819.0,False
76,609.0,819.0,False
77,676.2,819.0,True
78,655.2,819.0,True
79,659.4,819.0,True
80,638.4,819.0,True
81,659.4,819.0,True
82,638.4,819.0,False
83,651.0,819.0,False
84,693.0,819.0,False
85,617.4,819.0,False
86,583.8,819.0,False
87,646.8,819.0,False
88,646.8,819.0,False
89,588.0,819.0,True
90,625.8,819.0,True
91,688.8,819.0,False
92,676.2,819.0,True
93,642.6,819.0,True
94,684.6,819.0,False
95,655.2,819.0,False
96,646.8,819.0,False
97,617.4,819.0,True
98,596.4,819.0,False
99,630.0,819.0,False
100,638.4,819.0,False
101,533.4,819.0,False
102,672.0,819.0,False
103,676.2,819.0,False
104,583.8,819.0,True
105,663.6,819.0,False
106,596.4,819.0,False
107,680.4,819.0,False
108,676.2,819.0,True
109,676.2,819.0,True
110,709.8,819.0,True
111,634.2,819.0,True
112,604.8,819.0,False
113,592.2,819.0,False
114,646.8,819.0,False
115,588.0,819.0,False
116,562.8,819.0,False
117,651.0,819.0,False
118,567.0,819.0,True
119,634.2,819.0,False
120,588.0,819.0,False
121,630.0,819.0,False
122,667.8,819.0,False
123,609.0,819.0,False
124,659.4,819.0,True
125,693.0,819.0,True
126,562.8,819.0,False
127,583.8,819.0,False
128,541.8,819.0,True
129,331.8,819.0,False
130,474.6,819.0,True
131,348.6,819.0,False
132,298.2,819.0,False
133,680.4,819.0,True
134,659.4,819.0,False
135,667.8,819.0,True
136,705.6,819.0,True
137,693.0,819.0,False
138,651.0,819.0,False
139,667.8,819.0,False
140,718.2,819.0,False
141,621.6,819.0,False
142,688.8,819.0,False
143,701.4,819.0,False
144,693.0,819.0,True
145,701.4,819.0,False
146,634.2,819.0,False
147,705.6,819.0,False
148,709.8,819.0,False
149,642.6,819.0,False
150,697.2,819.0,False
151,676.2,819.0,False
152,701.4,819.0,True
153,730.8,819.0,False
154,651.0,819.0,False
155,672.0,819.0,False
156,693.0,819.0,False
157,642.6,819.0,False
158,659.4,819.0,False
159,655.2,819.0,True
160,684.6,819.0,False
161,684.6,819.0,False
162,655.2,819.0,False
163,676.2,819.0,False
164,672.0,819.0,False
165,672.0,819.0,False
166,680.4,819.0,False
167,659.4,819.0,False
168,655.2,819.0,False
169,676.2,819.0,True
170,705.6,819.0,False
171,667.8,819.0,False
172,672.0,819.0,False
173,693.0,819.0,False
174,676.2,819.0,False
175,680.4,819.0,True
176,672.0,819.0,False
177,638.4,819.0,False
178,663.6,819.0,False
179,680.4,819.0,True
180,684.6,819.0,True
181,676.2,819.0,False
182,672.0,819.0,True
183,684.6,819.0,False
184,684.6,819.0,False
185,684.6,819.0,False
186,701.4,819.0,False
187,680.4,819.0,False
188,638.4,819.0,False
189,680.4,819.0,False
190,688.8,819.0,False
191,688.8,819.0,False
192,684.6,819.0,True
193,693.0,819.0,True
194,697.2,819.0,False
195,697.2,819.0,True
196,659.4,819.0,False
197,600.6,819.0,False
198,651.0,819.0,False
199,638.4,819.0,True
200,693.0,819.0,False
201,609.0,819.0,False
202,709.8,819.0,False
203,701.4,819.0,True
204,705.6,819.0,True
205,676.2,819.0,False
206,709.8,819.0,True
207,688.8,819.0,True
208,667.8,819.0,False
209,621.6,819.0,True
210,667.8,819.0,False
211,672.0,819.0,False
212,676.2,819.0,True
213,672.0,840.0,True
214,667.8,840.0,False
215,684.6,840.0,True
216,688.8,840.0,True
217,701.4,840.0,False
218,646.8,840.0,False
219,676.2,840.0,True
220,676.2,840.0,False
221,680.4,840.0,False
222,688.8,840.0,True
223,684.6,840.0,False
224,672.0,840.0,True
225,709.8,840.0,False
226,709.8,840.0,False
227,697.2,840.0,True
228,697.2,840.0,False
229,714.0,840.0,False
230,684.6,840.0,False
231,667.8,840.0,False
232,743.4,840.0,False
233,621.6,840.0,False
234,596.4,840.0,False
235,651.0,840.0,False
236,693.0,840.0,False
237,701.4,840.0,True
238,676.2,840.0,True
239,617.4,840.0,False
240,684.6,840.0,False
241,655.2,840.0,False
242,705.6,840.0,True
243,512.4,840.0,False
244,680.4,840.0,False
245,659.4,840.0,False
246,693.0,840.0,True
247,663.6,840.0,False
248,634.2,840.0,False
249,663.6,840.0,False
250,722.4,840.0,False
251,676.2,840.0,False
252,676.2,840.0,False
253,667.8,840.0,False
254,739.2,840.0,False
255,680.4,840.0,False
256,672.0,840.0,True
257,646.8,840.0,False
258,659.4,840.0,False
259,726.6,840.0,True
260,676.2,840.0,False
261,684.6,840.0,False
262,676.2,840.0,False
263,672.0,840.0,False
264,592.2,840.0,False
265,646.8,840.0,False
266,676.2,840.0,False
267,693.0,840.0,False
268,676.2,840.0,False
269,642.6,840.0,False
270,667.8,840.0,True
271,688.8,840.0,False
272,621.6,840.0,False
273,659.4,840.0,False
274,684.6,840.0,True
275,651.0,840.0,True
276,642.6,840.0,False
277,583.8,840.0,False
278,678.2,840.0,True
279,606.8,840.0,False
280,665.6,840.0,False
281,634.2,840.0,True
282,558.6,840.0,False
283,579.6,840.0,False
284,676.2,840.0,False
285,655.2,840.0,True
286,667.8,840.0,False
287,630.0,840.0,False
288,651.0,840.0,True
289,567.0,840.0,True
290,583.8,840.0,True
291,642.6,840.0,True
292,667.8,840.0,False
293,638.4,840.0,True
294,478.8,840.0,False
295,613.2,840.0,False
296,634.2,840.0,True
297,512.4,840.0,False
298,609.0,840.0,False
299,579.6,840.0,False
300,634.2,840.0,True
301,613.2,840.0,False
302,638.4,840.0,True
303,655.2,840.0,True
304,638.4,840.0,False
305,638.4,840.0,False
306,680.4,840.0,True
307,667.8,840.0,False
308,684.6,840.0,True
309,655.2,840.0,False
310,667.8,840.0,False
311,638.4,840.0,False
312,680.4,840.0,False
313,663.6,840.0,False
314,529.2,840.0,False
315,676.2,840.0,False
316,659.4,840.0,True
317,667.8,840.0,False
318,680.4,840.0,False
319,609.0,840.0,True
320,512.4,840.0,False
321,550.2,840.0,True
322,512.4,840.0,True
323,567.0,840.0,True
324,583.8,840.0,False
325,428.4,840.0,False
326,567.0,840.0,False
327,529.2,840.0,True
328,499.8,840.0,True
329,491.4,840.0,True
330,483.0,840.0,True
331,457.8,840.0,False
332,529.2,840.0,True
333,457.8,840.0,False
334,478.8,840.0,False
335,499.8,840.0,True
336,407.4,840.0,False
337,390.6,840.0,False
338,546.0,840.0,True
339,508.2,840.0,False
340,579.6,840.0,True
341,537.6,840.0,False
342,462.0,840.0,False
343,499.8,840.0,False
344,495.6,840.0,False
345,558.6,840.0,False
346,567.0,840.0,True
347,495.6,840.0,True
348,533.4,840.0,True
349,487.2,840.0,False
350,495.6,840.0,False
351,415.8,840.0,False
352,642.6,840.0,False
353,445.2,840.0,True
354,420.0,840.0,True
355,415.8,840.0,True
356,474.6,840.0,True
357,424.2,840.0,True
358,415.8,840.0,False
359,373.8,840.0,True
360,474.6,840.0,False
361,415.8,840.0,False
362,390.6,840.0,True
363,432.6,840.0,True
364,449.4,840.0,True
365,483.0,840.0,False
366,604.6,840.0,True
367,621.6,840.0,False
368,495.4,840.0,False
369,613.2,840.0,False
370,636.0,840.0,False
371,558.6,840.0,False
372,546.0,840.0,False
373,617.2,840.0,False
374,634.2,840.0,True
375,585.8,840.0,False
376,633.8,840.0,False
377,495.6,840.0,False
378,655.0,840.0,False
379,627.8,840.0,False
380,665.4,840.0,False
381,661.2,908.0,False
382,630.0,908.0,True
383,623.6,908.0,False
384,650.8,908.0,False
385,634.2,908.0,False
386,592.2,908.0,False
387,661.4,908.0,False
388,525.0,908.0,False
389,625.8,908.0,False
390,525.0,908.0,False
391,636.2,908.0,False
392,537.6,908.0,True
393,617.4,908.0,True
394,529.2,908.0,False
395,529.2,908.0,False
396,604.8,908.0,True
397,596.4,908.0,True
398,659.4,908.0,True
399,621.6,908.0,True
