0,478.8,609.0,True
1,386.4,609.0,True
2,420.0,609.0,True
3,441.0,609.0,False
4,403.2,609.0,True
5,373.8,609.0,True
6,390.6,630.0,True
7,382.2,630.0,True
8,466.2,672.0,True
9,449.4,693.0,True
10,441.0,693.0,False
11,420.0,693.0,True
12,491.4,693.0,False
13,495.6,693.0,False
14,462.0,693.0,True
15,495.6,693.0,True
16,424.2,693.0,False
17,432.6,693.0,True
18,424.2,714.0,False
19,441.0,714.0,False
20,474.6,714.0,True
21,466.2,714.0,False
22,436.8,714.0,True
23,457.8,714.0,True
24,445.2,714.0,True
25,457.8,714.0,True
26,445.2,714.0,True
27,462.0,714.0,True
28,466.2,714.0,True
29,441.0,714.0,False
30,424.2,714.0,True
31,390.6,714.0,True
32,424.2,714.0,True
33,457.8,714.0,True
34,424.2,714.0,True
35,512.4,714.0,True
36,390.6,714.0,False
37,499.8,714.0,True
38,432.6,714.0,False
39,424.2,714.0,True
40,453.6,714.0,True
41,424.2,714.0,True
42,411.6,714.0,False
43,487.2,714.0,True
44,369.6,714.0,True
45,470.4,714.0,True
46,453.6,714.0,True
47,478.8,714.0,True
48,453.6,714.0,True
49,457.8,714.0,True
50,457.8,714.0,True
51,483.0,714.0,True
52,483.0,714.0,True
53,407.4,714.0,True
54,457.8,714.0,True
55,424.2,714.0,True
56,491.4,714.0,False
57,445.2,735.0,True
58,411.6,735.0,True
59,478.8,735.0,True
60,525.0,735.0,True
61,495.6,735.0,True
62,512.4,735.0,True
63,453.6,735.0,True
64,453.6,735.0,True
65,411.6,735.0,False
66,462.0,735.0,False
67,432.6,735.0,True
68,436.8,735.0,False
69,466.2,735.0,True
70,478.8,735.0,True
71,441.0,735.0,True
72,449.4,735.0,False
73,516.6,735.0,True
74,588.0,735.0,False
75,487.2,735.0,False
76,474.6,735.0,False
77,499.8,735.0,True
78,579.6,735.0,True
79,558.6,735.0,False
80,483.0,735.0,True
81,529.2,735.0,False
82,470.4,735.0,False
83,651.0,735.0,True
84,642.6,735.0,False
85,546.0,735.0,True
86,567.0,735.0,False
87,604.8,735.0,False
88,567.0,735.0,False
89,571.2,735.0,False
90,596.4,735.0,True
91,600.6,735.0,True
92,588.0,735.0,False
93,638.4,735.0,False
94,546.0,735.0,True
95,575.4,735.0,False
96,596.4,735.0,False
97,600.6,735.0,False
98,588.0,735.0,True
99,533.4,735.0,False
100,651.0,735.0,True
101,625.8,735.0,False
102,436.8,735.0,True
103,432.6,735.0,True
104,386.4,735.0,True
105,462.0,735.0,True
106,457.8,735.0,False
107,449.4,735.0,True
108,495.6,735.0,True
109,487.2,735.0,True
110,424.2,735.0,False
111,453.6,735.0,True
112,462.0,735.0,False
113,474.6,735.0,True
114,399.0,735.0,True
115,415.8,735.0,False
116,474.6,735.0,False
117,390.6,735.0,True
118,432.6,735.0,True
119,449.4,735.0,True
120,449.4,735.0,False
121,466.2,735.0,False
122,453.6,735.0,False
123,415.8,735.0,True
124,369.6,735.0,True
125,478.8,735.0,True
126,487.2,735.0,False
127,470.4,735.0,True
128,420.0,735.0,True
129,516.6,735.0,False
130,411.6,735.0,False
131,445.2,735.0,True
132,336.0,735.0,True
133,373.8,735.0,True
134,306.6,735.0,True
135,340.2,735.0,False
136,470.4,735.0,True
137,541.8,735.0,True
138,617.4,735.0,False
139,604.8,735.0,True
140,634.2,735.0,False
141,541.8,735.0,False
142,571.2,735.0,False
143,487.2,735.0,False
144,663.6,735.0,True
145,613.2,735.0,False
146,646.8,735.0,False
147,646.8,735.0,True
148,621.6,735.0,True
149,642.6,735.0,True
150,655.2,735.0,False
151,604.8,735.0,False
152,642.6,735.0,True
153,652.6,735.0,True
154,612.8,735.0,False
155,654.8,735.0,False
156,592.2,735.0,True
157,651.0,735.0,True
158,634.2,735.0,True
159,655.2,735.0,True
160,617.4,735.0,True
161,655.2,735.0,True
162,676.2,743.0,True
163,537.6,743.0,False
164,667.8,743.0,False
165,676.2,743.0,True
166,676.2,756.0,False
167,680.4,756.0,False
168,646.8,756.0,False
169,676.2,756.0,False
170,655.2,756.0,True
171,693.8,867.0,True
172,614.2,867.0,False
173,738.6,867.0,True
174,717.8,867.0,True
175,701.2,867.0,False
176,714.0,867.0,True
177,693.0,867.0,True
178,703.2,867.0,True
179,690.6,867.0,True
180,680.2,867.0,False
181,697.2,867.0,True
182,673.8,867.0,False
183,686.6,867.0,False
184,686.4,867.0,False
185,747.4,867.0,False
186,718.0,867.0,False
187,713.8,867.0,False
188,697.0,867.0,False
189,672.4,867.0,True
190,676.2,867.0,True
191,693.0,867.0,True
192,688.8,867.0,True
193,709.8,867.0,False
194,714.0,867.0,True
195,663.6,867.0,False
196,659.4,867.0,False
197,688.8,867.0,False
198,701.4,867.0,False
199,701.4,867.0,True
200,701.4,867.0,True
201,701.4,867.0,False
202,709.8,867.0,False
203,714.0,867.0,True
204,705.6,867.0,False
205,709.8,867.0,False
206,676.2,867.0,False
207,709.8,867.0,True
208,701.4,867.0,True
209,663.6,867.0,False
210,684.6,867.0,False
211,667.8,867.0,False
212,709.8,867.0,True
213,714.0,867.0,False
214,680.4,867.0,False
215,714.0,867.0,False
216,705.6,867.0,True
217,709.8,867.0,True
218,621.6,867.0,False
219,600.6,867.0,False
220,663.6,867.0,False
221,697.2,867.0,True
222,676.2,867.0,True
223,663.6,867.0,True
224,676.2,867.0,False
225,613.2,867.0,False
226,667.8,867.0,False
227,701.4,867.0,False
228,672.0,867.0,True
229,672.0,867.0,True
230,672.0,867.0,True
231,651.0,867.0,False
232,684.6,867.0,True
233,638.4,867.0,True
234,646.8,867.0,True
235,634.2,867.0,False
236,630.0,867.0,True
237,659.4,867.0,False
238,651.0,867.0,True
239,693.0,867.0,True
240,659.4,867.0,True
241,680.4,867.0,False
242,701.4,867.0,True
243,642.6,867.0,True
244,697.2,867.0,True
245,667.8,867.0,True
246,672.0,867.0,False
247,663.6,867.0,True
248,646.8,867.0,False
249,672.0,867.0,True
250,625.8,867.0,False
251,688.8,867.0,True
252,634.2,867.0,True
253,663.6,867.0,True
254,684.6,867.0,True
255,659.4,867.0,False
256,646.8,867.0,True
257,684.6,867.0,True
258,667.8,867.0,True
259,680.2,867.0,True
260,669.8,867.0,True
261,676.2,867.0,True
262,613.0,867.0,True
263,679.8,867.0,True
264,669.4,867.0,False
265,663.6,867.0,True
266,615.0,867.0,True
267,672.0,867.0,True
268,638.4,867.0,True
269,688.8,867.0,False
270,714.0,867.0,True
271,676.2,867.0,True
272,663.6,867.0,False
273,688.8,867.0,False
274,667.8,867.0,False
275,676.2,867.0,True
276,609.0,867.0,False
277,634.2,867.0,False
278,676.2,867.0,True
279,684.6,867.0,True
280,659.4,867.0,False
281,617.4,867.0,False
282,705.6,867.0,True
283,659.4,867.0,True
284,634.2,867.0,False
285,697.2,867.0,True
286,646.8,867.0,True
287,621.6,867.0,True
288,646.8,867.0,False
289,680.4,867.0,True
290,646.8,867.0,False
291,651.0,867.0,True
292,638.4,867.0,True
293,680.4,867.0,True
294,663.6,867.0,True
295,600.6,867.0,False
296,676.2,867.0,True
297,651.0,867.0,False
298,638.4,867.0,False
299,684.6,867.0,True
300,621.6,867.0,True
301,642.6,867.0,False
302,667.8,867.0,True
303,693.0,867.0,True
304,767.6,875.0,True
305,841.4,1265.0,True
306,841.6,1265.0,False
307,1119.6,2575.0,False
308,1109.6,2575.0,True
309,871.6,2575.0,True
310,1556.4,2698.0,True
311,1156.8,2698.0,False
312,876.0,2698.0,True
313,866.6,2698.0,False
314,1328.2,3206.0,True
315,1459.8,3206.0,False
316,842.8,3206.0,False
317,1055.0,3206.0,False
318,1307.0,3206.0,True
319,1746.4,3206.0,False
320,1136.4,3206.0,True
321,774.0,3206.0,False
322,1152.2,3206.0,False
323,1180.4,3206.0,False
324,885.6,3206.0,False
325,954.0,3206.0,False
326,899.6,3206.0,False
327,1083.0,3206.0,False
328,967.8,3206.0,False
329,848.8,3206.0,True
330,849.2,3206.0,False
331,1051.2,3206.0,True
332,1063.8,3206.0,True
333,1276.2,3206.0,False
334,773.8,3206.0,True
335,887.4,3206.0,False
336,1381.2,3206.0,False
337,942.0,3206.0,False
338,1206.6,3206.0,True
339,906.4,3206.0,True
340,933.0,3206.0,False
341,896.2,3206.0,True
342,786.8,3206.0,True
343,922.8,3206.0,False
344,974.6,3206.0,True
345,801.0,3206.0,True
346,806.4,3206.0,True
347,821.8,3206.0,True
348,694.6,3206.0,False
349,785.4,3206.0,False
350,846.4,3206.0,False
351,814.0,3206.0,True
352,854.2,3206.0,True
353,1019.8,3206.0,False
354,955.6,3206.0,False
355,724.8,3206.0,True
356,737.8,3206.0,True
357,932.6,3206.0,False
358,1132.8,3206.0,False
359,776.4,3206.0,True
360,973.6,3206.0,True
361,703.6,3206.0,True
362,1147.2,3206.0,True
363,847.0,3206.0,False
364,1067.4,3206.0,False
365,1122.8,3206.0,False
366,929.8,3206.0,False
367,1404.8,3206.0,True
368,818.6,3206.0,False
369,1043.4,3206.0,True
370,1088.8,3206.0,False
371,857.6,3206.0,False
372,710.4,3206.0,False
373,917.8,3206.0,True
374,918.6,3206.0,False
375,837.4,3206.0,True
376,802.2,3206.0,False
377,945.8,3206.0,False
378,803.8,3206.0,False
379,729.6,3206.0,True
380,818.6,3206.0,False
381,784.4,3206.0,True
382,862.6,3206.0,True
383,834.2,3206.0,False
384,866.2,3206.0,False
385,1161.8,3206.0,True
386,832.8,3206.0,True
387,835.4,3206.0,False
388,741.6,3206.0,False
389,775.6,3206.0,True
390,1099.8,3206.0,False
391,1236.6,3206.0,False
392,853.6,3206.0,True
393,803.0,3206.0,True
394,970.4,3206.0,True
395,859.2,3206.0,False
396,960.2,3206.0,True
397,791.0,3206.0,True
398,861.8,3206.0,False
399,953.0,3206.0,True
400,828.6,3206.0,False
401,984.4,3206.0,True
402,982.0,3206.0,False
403,815.6,3206.0,False
404,706.4,3206.0,False
405,738.2,3206.0,True
406,932.2,3206.0,True
407,1408.8,3206.0,True
408,1101.0,3206.0,False
409,854.2,3206.0,True
410,775.2,3206.0,False
411,1511.6,3206.0,True
412,681.2,3206.0,True
413,815.0,3206.0,False
414,780.4,3206.0,False
415,811.0,3206.0,True
416,1024.4,3206.0,True
417,1026.0,3206.0,True
418,842.8,3206.0,True
419,898.8,3206.0,False
420,795.8,3206.0,False
421,1015.2,3206.0,True
422,1064.8,3206.0,False
423,794.0,3206.0,False
424,795.6,3206.0,True
425,721.2,3206.0,False
426,1141.6,3206.0,True
427,693.0,3206.0,True
428,642.6,3206.0,False
429,659.4,3206.0,True
430,688.8,3206.0,True
431,659.4,3206.0,True
432,663.6,3206.0,True
433,672.0,3206.0,True
434,634.2,3206.0,True
435,688.8,3206.0,False
436,663.6,3206.0,False
437,684.6,3206.0,False
438,596.4,3206.0,False
439,659.4,3206.0,False
440,684.6,3206.0,True
441,604.8,3206.0,True
442,688.8,3206.0,True
443,613.2,3206.0,False
444,638.4,3206.0,False
445,684.6,3206.0,True
446,672.0,3206.0,True
447,642.6,3206.0,False
448,646.8,3206.0,False
449,651.0,3206.0,True
450,688.8,3206.0,True
451,617.4,3206.0,True
452,651.0,3206.0,False
453,663.6,3206.0,True
454,688.8,3206.0,True
455,680.4,3206.0,True
456,659.4,3206.0,True
457,667.8,3206.0,True
458,588.0,3206.0,True
459,684.6,3206.0,True
460,663.6,3206.0,True
461,684.6,3206.0,True
462,651.0,3206.0,True
463,697.2,3206.0,True
464,684.6,3206.0,False
465,651.0,3206.0,True
466,672.0,3206.0,True
467,667.8,3206.0,True
468,676.2,3206.0,False
469,672.0,3206.0,True
470,655.2,3206.0,True
471,613.2,3206.0,False
472,592.2,3206.0,False
473,672.0,3206.0,False
474,688.8,3206.0,True
475,697.2,3206.0,True
476,676.2,3206.0,True
477,550.2,3206.0,False
478,646.8,3206.0,True
479,659.4,3206.0,True
480,592.2,3206.0,False
481,592.2,3206.0,True
482,659.4,3206.0,True
483,672.0,3206.0,True
484,684.6,3206.0,True
485,667.8,3206.0,True
486,688.8,3206.0,True
487,676.2,3206.0,True
488,663.6,3206.0,False
489,625.8,3206.0,True
490,714.0,3206.0,True
491,642.6,3206.0,False
492,659.4,3206.0,True
493,667.8,3206.0,False
494,659.4,3206.0,True
495,642.6,3206.0,True
496,663.6,3206.0,False
497,630.0,3206.0,True
498,667.8,3206.0,False
499,583.8,3206.0,True
500,575.4,3206.0,False
501,596.4,3206.0,True
502,550.2,3206.0,False
503,562.8,3206.0,True
504,546.0,3206.0,False
505,579.6,3206.0,True
506,600.6,3206.0,True
507,558.6,3206.0,True
508,609.0,3206.0,False
509,609.0,3206.0,False
510,596.4,3206.0,True
511,600.6,3206.0,True
512,588.0,3206.0,False
513,508.2,3206.0,True
514,575.4,3206.0,True
515,571.2,3206.0,False
516,634.2,3206.0,True
517,609.0,3206.0,True
518,588.0,3206.0,False
519,604.8,3206.0,True
520,676.2,3206.0,False
521,600.6,3206.0,False
522,600.6,3206.0,False
523,567.0,3206.0,True
524,596.4,3206.0,True
525,567.0,3206.0,True
526,630.0,3206.0,True
527,596.4,3206.0,False
528,533.4,3206.0,True
529,592.2,3206.0,True
530,600.6,3206.0,True
531,663.6,3206.0,True
532,583.8,3206.0,False
533,651.0,3206.0,True
534,630.0,3206.0,False
535,592.2,3206.0,False
536,588.0,3206.0,True
537,621.6,3206.0,True
538,609.0,3206.0,False
539,600.6,3206.0,True
540,575.4,3206.0,False
541,520.8,3206.0,False
542,592.2,3206.0,False
543,600.6,3206.0,True
544,445.2,3206.0,False
545,617.4,3206.0,True
546,546.0,3206.0,True
547,504.0,3206.0,False
548,592.2,3206.0,True
549,562.8,3206.0,True
550,596.4,3206.0,False
551,558.6,3206.0,True
552,596.4,3206.0,True
553,634.2,3206.0,True
554,562.8,3206.0,True
555,651.0,3206.0,True
556,562.8,3206.0,True
557,625.8,3206.0,True
558,567.0,3206.0,True
559,588.0,3206.0,False
560,630.0,3206.0,False
561,525.0,3206.0,False
562,583.8,3206.0,True
563,571.2,3206.0,True
564,537.6,3206.0,False
565,558.6,3206.0,False
566,483.0,3206.0,False
567,600.6,3206.0,False
568,525.0,3206.0,True
569,625.8,3206.0,True
570,466.2,3206.0,False
571,604.8,3206.0,False
572,600.6,3206.0,True
573,634.2,3206.0,True
574,558.6,3206.0,False
575,554.4,3206.0,True
576,596.4,3206.0,True
577,659.4,3206.0,True
578,667.8,3206.0,True
579,676.2,3206.0,False
580,693.0,3206.0,True
581,680.4,3206.0,False
582,684.6,3206.0,True
583,688.8,3206.0,False
584,676.2,3206.0,True
585,686.6,3206.0,True
586,663.6,3206.0,True
587,705.6,3206.0,True
588,676.2,3206.0,False
589,659.4,3206.0,False
590,646.8,3206.0,False
591,693.0,3206.0,False
592,697.2,3206.0,True
593,676.2,3206.0,False
594,672.0,3206.0,False
595,638.4,3206.0,True
596,684.6,3206.0,False
597,672.0,3206.0,True
598,688.8,3206.0,False
599,651.0,3206.0,False
600,667.8,3206.0,False
601,684.6,3206.0,False
602,701.4,3206.0,True
603,680.4,3206.0,False
604,676.2,3206.0,True
605,688.8,3206.0,False
606,676.2,3206.0,False
607,672.0,3206.0,False
608,680.4,3206.0,True
609,705.6,3206.0,True
610,667.8,3206.0,False
611,672.0,3206.0,True
612,693.0,3206.0,False
613,680.4,3206.0,True
614,676.2,3206.0,False
615,709.8,3206.0,True
616,781.2,3206.0,True
617,709.8,3206.0,True
618,709.8,3206.0,True
619,680.4,3206.0,True
620,680.4,3206.0,True
621,693.0,3206.0,False
622,672.0,3206.0,False
623,680.4,3206.0,True
624,642.6,3206.0,False
625,701.4,3206.0,False
626,684.6,3206.0,False
627,680.4,3206.0,True
628,638.4,3206.0,False
629,722.4,3206.0,True
630,659.4,3206.0,False
631,676.2,3206.0,False
632,676.2,3206.0,True
633,680.4,3206.0,True
634,672.0,3206.0,True
635,684.6,3206.0,True
636,705.6,3206.0,True
637,697.2,3206.0,False
638,667.8,3206.0,True
639,659.4,3206.0,True
640,667.8,3206.0,False
641,667.8,3206.0,True
642,625.8,3206.0,False
643,684.6,3206.0,True
644,592.2,3206.0,False
645,705.6,3206.0,False
646,684.6,3206.0,True
647,718.2,3206.0,True
648,667.8,3206.0,True
649,672.0,3206.0,False
650,663.6,3206.0,False
651,676.2,3206.0,True
652,688.8,3206.0,True
653,680.4,3206.0,True
654,680.4,3206.0,True
655,680.4,3206.0,False
656,676.2,3206.0,True
657,684.6,3206.0,True
658,667.8,3206.0,True
659,684.6,3206.0,True
660,638.4,3206.0,False
661,667.8,3206.0,False
662,663.6,3206.0,True
663,659.4,3206.0,False
664,663.6,3206.0,False
665,655.2,3206.0,False
666,697.2,3206.0,True
667,672.0,3206.0,True
668,659.4,3206.0,False
669,701.2,3206.0,True
670,686.6,3206.0,True
671,697.0,3206.0,False
672,1007.4,3206.0,True
673,1599.4,3206.0,False
674,1334.2,3206.0,True
675,1377.0,3206.0,False
676,923.0,3206.0,False
677,1298.8,3206.0,False
678,1139.6,3206.0,False
679,1135.0,3206.0,False
680,1321.8,3206.0,True
681,1078.8,3206.0,False
682,1150.8,3206.0,True
683,1110.8,3206.0,False
684,1236.4,3206.0,False
685,1351.6,3206.0,False
686,949.6,3206.0,False
687,1302.8,3206.0,False
688,1213.0,3206.0,False
689,1260.4,3206.0,False
690,1239.2,3206.0,True
691,1074.4,3206.0,False
692,895.8,3206.0,False
693,1273.4,3206.0,False
694,1344.6,3206.0,False
695,1385.2,3206.0,False
696,1026.4,3206.0,False
697,1475.2,3206.0,False
698,978.2,3206.0,False
699,1173.4,3206.0,False
700,1318.8,3206.0,False
701,1624.4,3206.0,True
702,1929.6,3206.0,True
703,1587.6,3206.0,False
704,1613.8,3206.0,False
705,1822.6,3206.0,True
706,2028.0,3206.0,False
707,1834.6,3206.0,True
708,1848.6,3206.0,True
709,1753.4,3206.0,False
710,1323.2,3206.0,False
711,1439.6,3206.0,False
712,1960.2,3206.0,True
713,1611.6,3206.0,True
714,1629.4,3206.0,False
715,1832.2,3206.0,False
716,1873.0,3206.0,False
717,1673.2,3206.0,False
718,1731.0,3206.0,False
719,1834.4,3206.0,False
720,1773.8,3206.0,False
721,1889.6,3206.0,False
722,1722.4,3206.0,False
723,1792.0,3206.0,True
724,1911.8,3206.0,False
725,1935.0,3206.0,False
726,1706.0,3206.0,False
727,1990.6,3206.0,False
728,1815.0,3206.0,False
729,1855.6,3206.0,False
730,1832.6,3206.0,False
731,1951.0,3206.0,False
732,1925.0,3206.0,False
733,1761.8,3206.0,True
734,1545.6,3206.0,False
735,2119.8,3206.0,False
736,1782.4,3206.0,False
737,1582.2,3206.0,False
738,2196.0,3206.0,True
739,1996.8,3206.0,False
740,2008.2,3206.0,False
741,1337.6,3206.0,False
742,1721.8,3206.0,False
743,1936.0,3206.0,False
744,1927.0,3206.0,False
745,1203.6,3206.0,False
746,1328.0,3206.0,False
747,2012.4,3206.0,False
748,1914.0,3206.0,False
749,1319.0,3206.0,True
750,1166.0,3206.0,False
751,1084.8,3206.0,False
752,1338.4,3206.0,False
753,1411.4,3206.0,False
754,1379.2,3206.0,False
755,1356.2,3206.0,False
756,1379.8,3206.0,False
757,1458.8,3206.0,True
758,1314.8,3206.0,False
759,1100.4,3206.0,False
760,958.2,3206.0,True
761,1077.8,3206.0,True
762,1071.4,3206.0,False
763,982.8,3206.0,False
764,844.2,3206.0,False
765,1621.8,3206.0,True
766,2083.6,3206.0,False
767,1797.8,3206.0,False
768,1663.0,3206.0,False
769,1925.4,3206.0,False
770,1956.2,3206.0,False
771,1980.4,3206.0,False
772,1368.0,3206.0,False
773,1668.0,3206.0,False
774,2007.2,3206.0,False
775,1643.4,3206.0,False
776,2141.6,3206.0,False
777,1841.4,3206.0,False
778,1891.2,3206.0,False
779,1775.6,3206.0,False
780,2017.6,3206.0,False
781,1956.6,3206.0,False
782,1590.2,3206.0,False
783,1746.8,3206.0,False
784,1731.2,3206.0,False
785,1787.6,3206.0,False
786,1548.6,3206.0,True
787,1459.6,3206.0,True
788,1748.2,3206.0,True
789,1969.0,3206.0,False
790,1754.0,3206.0,False
791,1516.4,3206.0,False
792,1890.2,3206.0,True
793,1667.4,3206.0,True
794,1799.6,3206.0,True
795,1738.8,3206.0,False
796,1599.6,3206.0,False
797,1681.8,3206.0,False
798,1177.2,3206.0,True
799,1805.8,3206.0,False
800,1452.0,3206.0,False
